name="AGSK CEC20";
dim=20;
bound=4;
testID=4;
(*--------*)
min=0.060859854679620184;
max=0.29159444672768586;
median=0.153133266461964;
mean=0.1629129365722747;
std=0.06130519550112784;
(*--------*)
data={0.09782695162880373, 0.20319712797549982, 0.14463812327994674, 0.1891876285815215, 0.21330718962371975, 0.13852891297051428, 0.1625071918035701, 0.060859854679620184, 0.10260540157787545, 0.23335153703328615, 0.08813965402032409, 0.1368389225547162, 0.1446858271099245, 0.29159444672768586, 0.22609869564985274, 0.1330923425130095, 0.26043694700842934, 0.10112282614340984, 0.17710049153356522, 0.271768254701783, 0.18079338935262967, 0.17816343048002636, 0.15625296943767353, 0.1500135634862545, 0.23369155707155187, 0.1021298082064277, 0.09530136297303216, 0.22098774495520956, 0.08380911405288316, 0.10935683003549457};