name="AGSK CEC20";
dim=20;
bound=5;
testID=5;
(*--------*)
min=3.1930476463141986;
max=116.70304613725398;
median=30.71609213329691;
mean=40.0958782825857;
std=34.52687828453467;
(*--------*)
data={81.95049954404885, 8.807051526491932, 14.474641563053865, 18.316337210401343, 51.852294663201064, 3.193048065943458, 4.396300353413153, 79.04199926284514, 17.860694346492437, 116.70304613725398, 54.922689329076775, 89.08380987288365, 8.251472671892998, 7.276991793879688, 43.11584705619248, 81.8365217480382, 15.25835198253435, 48.2557059978044, 14.479807527380444, 3.1930476463141986, 43.745755134586716, 18.01324736309516, 76.22738978308917, 92.29849288648734, 7.889389083677997, 6.71517050633156, 4.567361272817607, 54.74887456325905, 92.19637230147214, 44.204137283612};