name="AGSK CEC20";
dim=20;
bound=1;
testID=9;
(*--------*)
min=100.00000000000045;
max=420.7691255099958;
median=100.00000000000045;
mean=112.3330193318564;
std=58.94254434528992;
(*--------*)
data={100.00000000000091, 100.00000000000045, 100.00000000000045, 100.00000000000045, 100.00000000000045, 100.00000000000045, 100.00000000000045, 100.00000000000045, 100.00000000000045, 100.00000000000045, 100.00000000000045, 100.00000000000045, 420.7691255099958, 100.00000000000045, 100.00000000000045, 100.00000000000045, 149.22145444568332, 100.00000000000045, 100.00000000000045, 100.00000000000045, 100.00000000000045, 100.00000000000045, 100.00000000000045, 100.00000000000045, 100.00000000000045, 100.00000000000045, 100.00000000000045, 100.00000000000045, 100.00000000000045, 100.00000000000045};