name="AGSK CEC20";
dim=20;
bound=1;
testID=10;
(*--------*)
min=399.0079535228456;
max=410.01570450033387;
median=399.00795352284604;
mean=399.7486627507217;
std=2.790670969806859;
(*--------*)
data={399.00795352284604, 399.00795352284604, 399.00795352284604, 399.0296888949201, 399.03310227218253, 399.00795352284604, 399.0414704990312, 399.0296888949201, 410.01570450033387, 399.00795352284604, 399.00795352284604, 399.00795352284604, 399.033102272183, 399.00795352284604, 399.00795352284604, 399.00795352284604, 399.00795352284604, 410.01390002191283, 399.0296888949201, 399.0079535228456, 399.00795352284604, 399.0079535228456, 399.0079535228456, 399.0079535228456, 399.00795352284604, 399.00795352284604, 399.033102272183, 399.00795352284604, 399.00795352284604, 399.04136354214506};