name="AGSK CEC20";
dim=20;
bound=2;
testID=5;
(*--------*)
min=2.0940058644068813;
max=160.2858068055159;
median=39.90798681086005;
mean=50.85430603000626;
std=47.221359302141835;
(*--------*)
data={125.87651387366486, 34.345570593527555, 9.559834799325927, 158.66770466352477, 66.96367737395144, 26.679542365933685, 50.756414605038344, 91.3579737653638, 45.47040302819255, 46.869356600293486, 13.701514058422617, 128.85176464331403, 12.769557951114393, 160.2858068055159, 2.1981002189847914, 17.68484915479189, 6.388046555196297, 45.87706401348328, 102.4171719609858, 18.347410407968937, 2.3021738373331573, 21.620211985940614, 50.82709120258119, 61.55080448349395, 12.48164694121374, 17.39014923860168, 61.444460812440184, 110.14055812283505, 2.0940058644068813, 20.70980097274719};