name="AGSK CEC20";
dim=20;
bound=3;
testID=5;
(*--------*)
min=2.0945611087292946;
max=116.5902955641584;
median=46.441442063452996;
mean=50.23714293366845;
std=34.47377233421682;
(*--------*)
data={20.605708174135543, 41.76360718980254, 3.1948545775201183, 75.86933831815077, 116.5902955641584, 2.310204240712892, 93.03625044476985, 62.69581662952146, 13.425496270244139, 2.69244174353571, 69.50115235807175, 96.41584428360943, 40.49184888290097, 35.58939514273038, 34.544181566315274, 2.1980890201916736, 71.29387631999907, 64.5701322336979, 63.06462256282771, 25.75636558417159, 72.36081875760306, 87.67154580556917, 80.97668830947987, 109.85381073675171, 39.801275097582675, 79.44874249540726, 51.11927693710345, 7.889389423180546, 40.28865823157935, 2.0945611087292946};