name="AGSK CEC20";
dim=20;
bound=4;
testID=2;
(*--------*)
min=0.11559702470003685;
max=3.6041209259237803;
median=1.7896568376208961;
mean=1.2961718566444689;
std=0.9826890048321351;
(*--------*)
data={0.5160137081638823, 0.5407012432060583, 1.9299887685428985, 1.8476609956560424, 2.1490843992960436, 0.6438343230656756, 3.415095996038872, 1.9587758469260734, 0.31859287541192316, 2.0396921105384536, 2.0580738787703012, 1.8558303282025008, 1.770004913698358, 3.6041209259237803, 1.8996612079827173, 1.909931482252432, 0.3079977730740211, 0.23385489845350094, 0.4118509022264334, 0.4564895326602709, 1.8093087615434342, 1.8433956472217687, 0.18947718920935586, 0.11559702470003685, 0.14770680443871242, 0.6335496230803983, 0.3067825417365384, 1.819611464836271, 0.22118474893795792, 1.9312857835393515};