name="AGSK CEC20";
dim=20;
bound=1;
testID=6;
(*--------*)
min=0.10749892484341217;
max=0.2909988553983567;
median=0.1744383173205506;
mean=0.18504080659811278;
std=0.051943164934394805;
(*--------*)
data={0.23260523697945246, 0.1607399277895638, 0.20488709767164437, 0.10749892484341217, 0.1774090922283449, 0.22499439868533955, 0.16715884313589413, 0.10770761405069607, 0.18059221742669251, 0.17494079111565952, 0.21546572923466556, 0.26832447125252656, 0.1273535877746781, 0.14493844141111367, 0.17393584352544167, 0.16610615067884282, 0.27635910212575254, 0.2238735270957477, 0.1667059172611971, 0.12306358980026744, 0.21587918033060305, 0.1538022430906949, 0.12561619750294994, 0.24532451769505315, 0.2909988553983567, 0.12445419202981611, 0.15962099860917078, 0.18217997737792757, 0.274521792367068, 0.15416573945481105};