name="AGSK CEC20";
dim=20;
bound=5;
testID=7;
(*--------*)
min=0.19832131412749732;
max=4.187095331014461;
median=0.5139265676755258;
mean=0.631818497331551;
std=0.690504319593145;
(*--------*)
data={0.5780226893566578, 0.4952644885574955, 0.4731059493979046, 0.4571384327045962, 0.3654626605180056, 0.5453388390683358, 0.5631051341110833, 0.6784247490481903, 0.6590041488075258, 0.616423097909319, 0.3864164034066562, 0.5083592911046253, 0.21549098374816822, 0.6927497829310596, 0.5297360805870994, 0.5091909341699647, 0.6311464510758924, 0.19832131412749732, 0.4927793767669755, 0.23263378057254158, 0.40057928647047447, 0.5186622011810869, 0.7727711147340415, 4.187095331014461, 0.3805680702871541, 0.3263688596175598, 0.41928398884010676, 0.9052450887461418, 0.520323725693288, 0.6955426653926224};