name="AGSK CEC20";
dim=20;
bound=3;
testID=6;
(*--------*)
min=0.07588411910091963;
max=0.2807082297342731;
median=0.14309908261998316;
mean=0.15862790452671713;
std=0.051334555676469454;
(*--------*)
data={0.10772569612595362, 0.13534695123780693, 0.11108745907836237, 0.18162250357841003, 0.16081384603558035, 0.2240327514070941, 0.11682288867405077, 0.16057758439410463, 0.2503438268690843, 0.21204296423434243, 0.11875111598192234, 0.18729509443869574, 0.09506389641774149, 0.24600071263807877, 0.1354955890740257, 0.1432991490769382, 0.12188807435131821, 0.19039123665356783, 0.14289901616302814, 0.07588411910091963, 0.18291002497653608, 0.12663246280658313, 0.16927542288885888, 0.2807082297342731, 0.22274253488581053, 0.19089944724169072, 0.11632744546022877, 0.10923570121076409, 0.11419037858468073, 0.12853101248106213};