name="AGSK CEC20";
dim=20;
bound=2;
testID=4;
(*--------*)
min=0.042633787433260295;
max=0.24431306940687136;
median=0.11167518660590758;
mean=0.12718535968668523;
std=0.05445213458324427;
(*--------*)
data={0.12314659245635085, 0.24431306940687136, 0.07922387762141625, 0.18631725034197189, 0.10620794877013395, 0.11772332954660669, 0.08830460408807994, 0.2177532152918502, 0.042633787433260295, 0.17751673318321082, 0.11470628117263004, 0.08455046987319292, 0.10864409203918513, 0.22772684001597554, 0.06162981110014698, 0.08631513514660583, 0.09921795921695775, 0.07670103839654985, 0.12780309784307065, 0.08038576424155508, 0.22069446001364668, 0.15494239847021163, 0.09342199949173846, 0.16879673932453443, 0.1647123194325104, 0.17436116912449506, 0.13830268618448827, 0.10366262362481393, 0.06923301071378773, 0.07661248703470847};