name="AGSK CEC20";
dim=20;
bound=0;
testID=3;
(*--------*)
min=20.387215350062434;
max=20.387215350062434;
median=20.387215350062434;
mean=20.387215350062434;
std=0.;
(*--------*)
data={20.387215350062434, 20.387215350062434, 20.387215350062434, 20.387215350062434, 20.387215350062434, 20.387215350062434, 20.387215350062434, 20.387215350062434, 20.387215350062434, 20.387215350062434, 20.387215350062434, 20.387215350062434, 20.387215350062434, 20.387215350062434, 20.387215350062434, 20.387215350062434, 20.387215350062434, 20.387215350062434, 20.387215350062434, 20.387215350062434, 20.387215350062434, 20.387215350062434, 20.387215350062434, 20.387215350062434, 20.387215350062434, 20.387215350062434, 20.387215350062434, 20.387215350062434, 20.387215350062434, 20.387215350062434};