name="AGSK CEC20";
dim=20;
bound=5;
testID=6;
(*--------*)
min=0.06348540836097527;
max=0.2622851210403496;
median=0.15444660986713643;
mean=0.16067034706386493;
std=0.052628890031948906;
(*--------*)
data={0.12071830596983091, 0.23319497848592619, 0.17475356966701838, 0.16799497349506964, 0.1845515777122273, 0.21526240240359584, 0.06348540836097527, 0.15560118491225694, 0.13630449913421216, 0.15085973993313928, 0.17738849257716538, 0.19452415133537215, 0.2622851210403496, 0.2230015755212662, 0.12247766770292401, 0.08179569230583184, 0.12022404588401514, 0.23166403080176678, 0.2055830311273894, 0.1266440022086499, 0.21283426161130592, 0.11528271394604417, 0.24983276837315316, 0.06357527447630673, 0.16053426162420692, 0.15329203482201592, 0.12167547343983642, 0.13070752476482994, 0.12628042044502763, 0.13778122783423896};