name="AGSK CEC20";
dim=20;
bound=0;
testID=4;
(*--------*)
min=0.07660496542484907;
max=0.2690254434699;
median=0.15526936354774534;
mean=0.1577397001693574;
std=0.05467003833868471;
(*--------*)
data={0.16098136232108118, 0.16772385687977476, 0.2690254434699, 0.18342049482112088, 0.08373150102556792, 0.2207631731246238, 0.12239483499615744, 0.2029665030365777, 0.26555282704680394, 0.1838472421914048, 0.18736871406167666, 0.16500194328500584, 0.2215886011956627, 0.14288011928829292, 0.16309614358738145, 0.2233911930272825, 0.0929790481229702, 0.07968094265629588, 0.12853307821933413, 0.10131929439671694, 0.10450844618821975, 0.07660496542484907, 0.14116595580708236, 0.23804168135075088, 0.11817832570545761, 0.0953149497713639, 0.18912775599255838, 0.12816153508629213, 0.12528370822610668, 0.1495573647744095};