name="AGSK CEC20";
dim=20;
bound=0;
testID=5;
(*--------*)
min=3.4012181445514216;
max=169.89297028990495;
median=33.139930599726085;
mean=51.25551988820151;
std=46.847499983590936;
(*--------*)
data={28.463038167275727, 9.698145473474597, 74.24400202487891, 90.80482791290228, 13.268481242560938, 36.705445864806734, 99.46562663027316, 113.55090062670388, 12.273477672016497, 33.24352509194841, 114.81202772403049, 3.4012181445514216, 45.956452190679784, 169.89297028990495, 14.367478164846034, 92.0951975985895, 26.289747583688722, 108.8896344934983, 14.516954828573944, 3.4328615946724312, 40.54434305433733, 26.38862353013542, 41.95627358412821, 7.592163226507637, 33.03633610750376, 16.59696214883752, 100.97407709929871, 143.6478996073813, 7.935946556210865, 13.620958411827814};