name="AGSK CEC20";
dim=20;
bound=4;
testID=5;
(*--------*)
min=0.5071901523688211;
max=85.18121546924112;
median=15.166939951981249;
mean=34.400087362639155;
std=30.40563788105967;
(*--------*)
data={7.785774417445282, 78.89067107992355, 8.972517251283307, 3.4775220741701105, 11.854455614703966, 8.88434817544612, 16.310291191264696, 65.63160205660938, 54.47896090469476, 8.988433379159915, 4.293125429715019, 75.24165679649923, 72.00181463979789, 8.995861711209272, 50.01108373588113, 52.439799878276744, 83.08072173135383, 47.72327119419015, 6.998516013731432, 85.18121546924112, 14.023588712697801, 8.884963041875835, 78.01497335101703, 67.36305444716504, 0.5071901523688211, 30.51647290767255, 6.687442962668229, 8.782002405906042, 58.311777027239486, 7.669513125966887};