name="AGSK CEC20";
dim=20;
bound=4;
testID=7;
(*--------*)
min=0.17074438378085688;
max=4.11212762447758;
median=0.49800831110883337;
mean=0.6067745268035348;
std=0.6929712343332843;
(*--------*)
data={0.4365115845644141, 0.37943696373622515, 0.5296764199783865, 0.6704786106724896, 0.56604234437782, 0.348583066406718, 0.20112488136828688, 0.3417851021304159, 0.22542947903002641, 0.6389939947498533, 0.8533285990688455, 0.17091868054058068, 0.33484652217020994, 0.4905612040788583, 0.515402034302042, 0.8872793473601632, 0.3871156864711338, 0.29279145945247365, 0.665700958859361, 4.11212762447758, 0.6893843720772566, 0.5776394724384772, 0.6537799740858645, 0.3344158625804994, 0.4506600430927392, 0.17074438378085688, 0.682561781595723, 0.5054554181388085, 0.8619674498081622, 0.22849248271177203};