name="AGSK CEC20";
dim=20;
bound=2;
testID=6;
(*--------*)
min=0.06388550134943216;
max=0.24488465929744052;
median=0.15607880472930447;
mean=0.15135786323107064;
std=0.051532630753909375;
(*--------*)
data={0.06388550134943216, 0.15721490098735558, 0.21194180904785753, 0.14313220954181816, 0.11442750362334664, 0.13034990419669157, 0.18580788734084308, 0.19222806152993144, 0.21068284759371636, 0.17603298811172863, 0.24488465929744052, 0.19324567882836163, 0.1255834536104885, 0.1859434105715536, 0.15494270847125335, 0.16233977627257445, 0.20853908596222936, 0.08348437503173045, 0.10425544666213682, 0.12444915848982419, 0.2350101176461976, 0.1914866266122317, 0.07696894065225024, 0.07150556101373695, 0.08016141715461345, 0.10268160090822676, 0.1272043224043955, 0.19664851840070696, 0.17991211996627499, 0.10578530565317124};