name="AGSK CEC20";
dim=20;
bound=0;
testID=10;
(*--------*)
min=399.0079535228456;
max=410.01819286628233;
median=399.00795352284604;
mean=399.3852850541842;
std=2.0082890708613923;
(*--------*)
data={399.00795352284604, 399.00795352284604, 399.00795352284604, 399.00795352284604, 399.0296888949206, 399.00795352284604, 399.06090167745015, 399.03310227218253, 399.0079535228456, 399.00795352284604, 399.00795352284604, 410.01819286628233, 399.00795352284604, 399.00795352284604, 399.00795352284604, 399.00795352284604, 399.03540894046364, 399.0296888949201, 399.0414704990312, 399.0079535228456, 399.03793845758264, 399.0079535228456, 399.00795352284604, 399.0079535228456, 399.0079535228456, 399.033102272183, 399.0079535228456, 399.0296888949201, 399.03310227218253, 399.03310227218253};