name="AGSK CEC20";
dim=20;
bound=2;
testID=7;
(*--------*)
min=0.19430707329001962;
max=4.057539969703157;
median=0.48975522195223675;
mean=0.5849932201767994;
std=0.6763869002214675;
(*--------*)
data={4.057539969703157, 0.5128123302120002, 0.6616914917440226, 0.48567476930838893, 0.4938356745960846, 0.3893012874577835, 0.29265901327107713, 0.24682697964408362, 0.7071932821854716, 0.5513265315557874, 0.5900769004097128, 0.5104058751658158, 0.3573582873568739, 0.3583236501981446, 0.5388817402667883, 0.2175375589822579, 0.43801772528377114, 0.3605112319814907, 0.5483358312403652, 0.3440309503453136, 0.3452578161713973, 0.19430707329001962, 0.5043761075326074, 0.38106104398138996, 0.34176491394691766, 0.5056024927384897, 0.7298872015417146, 0.963800565541078, 0.5812611520841529, 0.34013715756782403};