name="AGSK CEC20";
dim=20;
bound=1;
testID=5;
(*--------*)
min=1.3072149489044023;
max=181.82081775824076;
median=72.32055742940406;
mean=75.43492582137378;
std=48.28625860154109;
(*--------*)
data={16.559659738063374, 43.97066223287993, 81.98431299848221, 50.76131470061341, 181.82081775824076, 70.22458824441787, 143.27855261366062, 56.102827307901634, 9.77531832452155, 36.10359019662587, 123.22397234424102, 102.17307436698547, 92.53005757101869, 118.08995922571216, 9.879940649224409, 72.74813061131499, 66.15846133270452, 68.9422279511416, 166.24412069131063, 97.21673828577514, 45.80956920114181, 113.3549259077804, 71.89298424749313, 155.11899475223754, 12.956235867338137, 13.050405892495291, 1.3072149489044023, 82.70672223991096, 81.66411793999532, 77.39827649908057};