name="AGSK CEC20";
dim=20;
bound=3;
testID=10;
(*--------*)
min=399.0079535228456;
max=399.0669892651513;
median=399.00795352284626;
mean=399.0222275329318;
std=0.018332093323227945;
(*--------*)
data={399.00795352284604, 399.0079535228456, 399.0079535228456, 399.00795352284604, 399.033102272183, 399.00795352284604, 399.00795352284695, 399.00795352284604, 399.03540894046364, 399.00795352284604, 399.0079535228456, 399.03540894046364, 399.00795352284604, 399.0079535228456, 399.03310227218253, 399.0447547614358, 399.0580553578179, 399.00795352284604, 399.00795352284604, 399.00795352284604, 399.0296888949206, 399.0079535228456, 399.0296888949201, 399.03540894046364, 399.0490818861849, 399.0079535228465, 399.0669892651513, 399.0512367784677, 399.00795352284604, 399.0296888949206};