name="AGSK CEC20";
dim=20;
bound=3;
testID=3;
(*--------*)
min=20.387215350062434;
max=20.387215350062547;
median=20.387215350062434;
mean=20.387215350062437;
std=2.0757679707803386*^-14;
(*--------*)
data={20.387215350062434, 20.387215350062434, 20.387215350062434, 20.387215350062434, 20.387215350062434, 20.387215350062434, 20.387215350062434, 20.387215350062434, 20.387215350062434, 20.387215350062434, 20.387215350062434, 20.387215350062434, 20.387215350062434, 20.387215350062434, 20.387215350062434, 20.387215350062434, 20.387215350062434, 20.387215350062434, 20.387215350062434, 20.387215350062434, 20.387215350062434, 20.387215350062434, 20.387215350062547, 20.387215350062434, 20.387215350062434, 20.387215350062434, 20.387215350062434, 20.387215350062434, 20.387215350062434, 20.387215350062434};