name="AGSK CEC20";
dim=20;
bound=2;
testID=2;
(*--------*)
min=0.031228457841280033;
max=3.487334125822599;
median=0.2949491592698905;
mean=0.8286986679500842;
std=0.9508189025801637;
(*--------*)
data={0.2960524198570056, 0.5991517216389184, 0.09368580919544911, 1.801233371534181, 0.22327265979947697, 0.06245691567892209, 0.187372334596148, 1.9304030452294683, 0.11553574435129121, 3.487334125822599, 0.15614228919366724, 1.8445353767911001, 0.13956781202614366, 0.29384589868277544, 2.830596387530022, 0.2056572277815576, 0.5940765331506555, 0.031228457841280033, 1.8633922397111746, 0.1619186020179768, 1.846451517796595, 0.3013187742217269, 0.22074786284792935, 1.866866337853935, 0.23013310939495568, 1.9671878848912456, 0.6841660539230361, 0.21681691834783123, 0.43242618561816926, 0.17738642117728887};