name="AGSK CEC20";
dim=20;
bound=1;
testID=2;
(*--------*)
min=0.18434220165363513;
max=5.1650884036153;
median=1.988756516559988;
mean=2.2012201392422868;
std=1.2095179646375116;
(*--------*)
data={1.885754642979009, 3.45313030856596, 1.9928499213456234, 5.1650884036153, 2.099333568738075, 2.069040235470311, 2.058447365590837, 0.4683627277499909, 1.801233371543276, 1.9975876977696316, 3.75054299275871, 1.953461550303473, 0.9100065213278867, 5.127289844016559, 1.0267371977097355, 1.9075443040110258, 1.9253963851115259, 3.48894019958243, 1.832461829373642, 2.4329543481653673, 1.7999331515129597, 2.3340316815756523, 0.7258970164311904, 0.18434220165363513, 2.1413527776530827, 1.8899126265678206, 3.4811739355227473, 0.5986750761949224, 3.550459182653867, 1.9846631117743527};