name="AGSK CEC20";
dim=20;
bound=2;
testID=3;
(*--------*)
min=20.387215350062434;
max=20.4979175049408;
median=20.387215350062434;
mean=20.390905421891713;
std=0.020211355797104195;
(*--------*)
data={20.387215350062434, 20.387215350062434, 20.387215350062434, 20.387215350062434, 20.387215350062434, 20.387215350062434, 20.387215350062434, 20.387215350062434, 20.387215350062434, 20.387215350062434, 20.387215350062434, 20.387215350062434, 20.387215350062434, 20.387215350062434, 20.387215350062434, 20.387215350062434, 20.387215350062434, 20.387215350062434, 20.387215350062434, 20.387215350062434, 20.387215350062434, 20.387215350062434, 20.387215350062434, 20.387215350062434, 20.387215350062434, 20.387215350062434, 20.387215350062434, 20.387215350062434, 20.4979175049408, 20.387215350062434};