name="AGSK CEC20";
dim=20;
bound=5;
testID=10;
(*--------*)
min=399.0079535228456;
max=410.01672710782805;
median=399.00795352284604;
mean=399.7492503655346;
std=2.790924365676514;
(*--------*)
data={399.0079535228456, 399.0079535228456, 399.033102272183, 399.0506043078876, 399.00795352284604, 399.00795352284604, 399.0079535228456, 399.0079535228456, 399.033102272183, 399.00795352284604, 399.0079535228456, 399.00795352284604, 399.03540894046364, 399.0079535228456, 399.00795352284604, 399.00795352284604, 399.0296888949206, 399.00795352284604, 399.00795352284604, 410.01672710782805, 399.03540894046364, 399.03540894046364, 399.00795352284604, 399.0079535228456, 410.01588656054037, 399.0079535228456, 399.033102272183, 399.00795352284604, 399.00795352284604, 399.00795352284604};