name="AGSK CEC20";
dim=20;
bound=5;
testID=9;
(*--------*)
min=100.;
max=100.00000000000091;
median=100.00000000000045;
mean=100.00000000000044;
std=1.8819556229626758*^-13;
(*--------*)
data={100.00000000000045, 100.00000000000045, 100.00000000000045, 100.00000000000045, 100., 100.00000000000045, 100.00000000000045, 100.00000000000045, 100.00000000000045, 100.00000000000045, 100.00000000000045, 100., 100.00000000000045, 100.00000000000045, 100., 100.00000000000045, 100.00000000000045, 100.00000000000045, 100.00000000000045, 100.00000000000045, 100.00000000000045, 100.00000000000045, 100.00000000000045, 100.00000000000045, 100.00000000000091, 100.00000000000045, 100.00000000000045, 100.00000000000091, 100.00000000000045, 100.00000000000045};