name="AGSK CEC20";
dim=20;
bound=5;
testID=2;
(*--------*)
min=0.13764905889729562;
max=2.5326655471799313;
median=1.3587215644110984;
mean=1.144114757233001;
std=0.8692134061326939;
(*--------*)
data={0.23037526956068177, 1.8092524883522856, 1.961408653158287, 0.25852678928094974, 1.738776455866173, 1.8649152794405381, 0.23318708468286786, 0.13764905889729562, 1.9195025408462243, 0.19169241158851946, 0.13801362755839364, 1.8186818351969123, 0.8067880069265811, 2.5326655471799313, 2.192550616186054, 2.382442889189406, 0.16158612578874454, 1.8684336668793549, 1.9089867132588552, 0.15614228919730522, 0.160809229593724, 1.832461829375461, 0.579052755731027, 0.9786666729560238, 2.036459604742049, 1.7997102260160318, 0.31718344080945826, 1.8119906379579334, 0.16581466169918713, 0.329716309073774};