name="AGSK CEC20";
dim=20;
bound=0;
testID=2;
(*--------*)
min=0.16082110390561866;
max=5.30207945150687;
median=1.8040072098174278;
mean=1.4556194041046788;
std=1.24402136200774;
(*--------*)
data={2.0686288780052564, 0.27182363560677913, 0.43592104258277686, 1.7833337966567342, 1.8660702857305296, 0.2493156145010289, 1.8805164888945, 0.9237137838208582, 5.30207945150687, 1.914211702240209, 0.258995889345897, 2.227147213794524, 1.8067810480988555, 0.18772051524138078, 0.214915530399594, 0.5609061473478505, 2.017612816483961, 1.9518098411626852, 3.7314026009316876, 1.801233371536, 0.2233103225753439, 0.2541301121509605, 2.0016713103777874, 0.16082110390561866, 0.18107933266219334, 2.0101841760570096, 0.1833996321365703, 3.477552911717794, 1.8587741538503906, 1.8635194138187217};