name="AGSK CEC20";
dim=20;
bound=4;
testID=10;
(*--------*)
min=399.0079535228456;
max=399.0443121833305;
median=399.00795352284604;
mean=399.018965052111;
std=0.014138384728404048;
(*--------*)
data={399.0379384575831, 399.00795352284604, 399.00795352284604, 399.00795352284604, 399.00795352284604, 399.00795352284604, 399.00795352284604, 399.00795352284604, 399.0079535228456, 399.04136354214506, 399.0443121833305, 399.04386644695114, 399.0296888949201, 399.00795352284604, 399.00795352284604, 399.0079535228456, 399.03540894046364, 399.0296888949201, 399.0079535228456, 399.0296888949201, 399.00795352284604, 399.00795352284604, 399.033102272183, 399.0079535228456, 399.00795352284604, 399.0379384575831, 399.00795352284604, 399.0296888949201, 399.033102272183, 399.00795352284604};