name="AGSK CEC20";
dim=20;
bound=2;
testID=10;
(*--------*)
min=399.0079535228456;
max=400.92253593183705;
median=399.00795352284604;
mean=399.08324813885105;
std=0.34774424105823815;
(*--------*)
data={399.00795352284604, 399.04386644695114, 399.00795352284604, 399.00795352284604, 399.00795352284604, 399.0414704990312, 399.0540175921642, 399.00795352284604, 399.0079535228456, 399.0443121833305, 399.03310227218253, 399.0296888949206, 399.03793845758355, 399.00795352284604, 399.00795352284604, 399.00795352284604, 399.0443121833305, 399.00795352284604, 399.00795352284604, 399.0079535228456, 399.00795352284604, 399.00795352284604, 399.00795352284604, 399.00795352284604, 399.0296888949201, 399.03540894046364, 399.0379384575831, 399.00795352284604, 399.00795352284604, 400.92253593183705};