name="AGSK CEC20";
dim=20;
bound=4;
testID=6;
(*--------*)
min=0.06996359094205218;
max=0.25434684934157303;
median=0.16759274129185542;
mean=0.16294208473587635;
std=0.04343253142972093;
(*--------*)
data={0.11999952681912873, 0.17693549246473594, 0.15149195367052926, 0.18719642627320354, 0.06996359094205218, 0.14358964259599816, 0.25434684934157303, 0.10925027186794978, 0.12865551210074955, 0.1886638250496162, 0.20602273649546987, 0.15051013683637393, 0.23178335514944592, 0.17573943665797742, 0.17155311652732053, 0.15525969652958338, 0.15101390951008398, 0.19550551399333926, 0.17074297023873442, 0.14417050789847963, 0.1419314455724816, 0.08238440746526976, 0.0844505248137466, 0.17934968066902002, 0.23974689673264038, 0.15172272605468606, 0.18853917840897338, 0.18336981259835738, 0.1899308864537943, 0.16444251234497642};