name="AGSK CEC20";
dim=20;
bound=1;
testID=7;
(*--------*)
min=0.19435979581112406;
max=4.529778284768781;
median=0.5934981683517435;
mean=0.9642680747404787;
std=0.8359275627393914;
(*--------*)
data={0.31980439047674736, 0.5217029160253333, 1.686893193304968, 1.5180097514921727, 0.6673522051264626, 0.5638159641130187, 0.758889667175481, 0.37022850904986626, 4.529778284768781, 0.5882363448031356, 0.40718569465434484, 1.32080709748152, 0.19435979581112406, 0.5380379793914472, 1.472063527379305, 0.732182482623557, 1.523397432573347, 0.41392058228939277, 0.34425007564777843, 0.5987599919003515, 1.232665988206918, 1.3984185321896803, 1.6395597077803359, 0.5795675882495743, 1.7662046000568807, 0.2630312253968441, 0.5752365415760323, 0.557071368277775, 1.3413897727559743, 0.5052210316362107};