name="AGSK CEC20";
dim=20;
bound=3;
testID=7;
(*--------*)
min=0.30370108788793004;
max=12.267352271186155;
median=0.5842538082765714;
mean=2.0148682197974117;
std=3.2507213615888237;
(*--------*)
data={0.4337563498788768, 0.5452679977815933, 0.3552714281786393, 9.169694542350499, 0.7235457787919586, 0.6607374197387799, 0.4105363723706432, 0.43213366290410704, 0.5091796073720616, 8.669334121630527, 4.2551177956916035, 0.41030425816188654, 0.5759947359060789, 0.5245345114894917, 0.30370108788793004, 4.2154035890907835, 0.5112364187143612, 0.5069215852504385, 0.7325292977666322, 0.795749176897516, 0.6550271523328774, 8.656288111139474, 0.5925128806470639, 0.7785164193705896, 0.4871624310162588, 0.40271136390174433, 0.5208146043942179, 12.267352271186155, 0.6536814820124164, 0.6910301400671415};