name="AGSK CEC20";
dim=20;
bound=3;
testID=4;
(*--------*)
min=0.09528294627466494;
max=0.3302374257136762;
median=0.17633252766518126;
mean=0.18965346991151363;
std=0.06580163165112342;
(*--------*)
data={0.20049231285884161, 0.11003057408515815, 0.18571576694921532, 0.11695067435880446, 0.24175947328694747, 0.31763821390268276, 0.15342603415160738, 0.09528294627466494, 0.11594879166818828, 0.18594397233391646, 0.11713484775214056, 0.2770713796637665, 0.21654383624945694, 0.2698982883764529, 0.3302374257136762, 0.23564868782773374, 0.16093061358674277, 0.1451052752963733, 0.24887465890969906, 0.12807784412507317, 0.15316285948324548, 0.1669492883811472, 0.1349774810685176, 0.20714717083160394, 0.23781666361560383, 0.29768304902972886, 0.1573873770969385, 0.20487775918923035, 0.11249400287329081, 0.16439682840496062};