name="AGSK CEC20";
dim=20;
bound=0;
testID=6;
(*--------*)
min=0.05646792577636006;
max=0.28695211356557593;
median=0.1677367665587326;
mean=0.1657943466234883;
std=0.058738620531616464;
(*--------*)
data={0.23925981878869607, 0.20207902634592756, 0.28695211356557593, 0.1879367506987819, 0.05646792577636006, 0.20118739833355903, 0.22756909136592185, 0.21195828118447935, 0.26802105763295003, 0.19217225540432992, 0.12799234288354455, 0.16170020482149994, 0.07141402625870796, 0.07981790629492025, 0.17826225771159443, 0.15018226033794235, 0.16116037140545814, 0.14539841652776886, 0.12473979813080405, 0.15090069563598263, 0.11560052171694224, 0.17377332829596526, 0.14181014026303274, 0.1993356700181721, 0.10838328090812865, 0.0928234643633914, 0.19762367996077046, 0.2334683696119555, 0.2055389063898474, 0.08030103807163869};