name="AGSK CEC20";
dim=20;
bound=3;
testID=2;
(*--------*)
min=0.1211402520257252;
max=3.5766670282573614;
median=1.8329832042054477;
mean=1.425607775062599;
std=0.94225373003876;
(*--------*)
data={1.9954998854500445, 1.4920584555275127, 0.17446015141285898, 0.4114742323235987, 1.851501457647828, 0.531535678095679, 1.8410021814524953, 1.7898061008272634, 2.1178366799849755, 1.9539227197983564, 0.19090108470481937, 1.8385741679776402, 1.888156649605662, 0.24276204453599348, 1.9359294919395325, 1.8273922404332552, 0.40410508202148776, 0.34798337199390517, 0.2167280807698262, 1.9042368175760203, 1.9350882118051231, 2.0242784182155447, 0.5158619177491346, 1.6827026635219227, 0.1211402520257252, 1.9464168922077079, 3.2075140176348214, 2.3675119248164265, 3.5766670282573614, 0.43518535156545113};