name="AGSK CEC20";
dim=20;
bound=5;
testID=4;
(*--------*)
min=0.034324206134215274;
max=0.23583936465047373;
median=0.15036259526402773;
mean=0.14477501778032245;
std=0.05182838049047361;
(*--------*)
data={0.12279525560666116, 0.08068238853206822, 0.11995421705137232, 0.16698129473957124, 0.16546749207077482, 0.08530504570830999, 0.16709899017382668, 0.17150482696274594, 0.10576006300993868, 0.15782888017065488, 0.13960974448878005, 0.16086524353386267, 0.12968706868264235, 0.2133189073106223, 0.08569324991663052, 0.2165795397177135, 0.19190404748019319, 0.20864878350630534, 0.22373156446678877, 0.13043889495452277, 0.034324206134215274, 0.08043109687491778, 0.12780511379332893, 0.1207311006207874, 0.1805427090230296, 0.23583936465047373, 0.15363605164111505, 0.14708913888694042, 0.17798052010607535, 0.04101573359480426};