name="AGSK CEC20";
dim=20;
bound=1;
testID=4;
(*--------*)
min=0.06602937131629005;
max=0.2593933174562153;
median=0.12398721931549517;
mean=0.13181499465366261;
std=0.041363778353174;
(*--------*)
data={0.15004293427909943, 0.1079124197094643, 0.17223622571054875, 0.09310504552831844, 0.1347525631008466, 0.107818584268216, 0.2593933174562153, 0.13558753006486768, 0.08329628326896454, 0.1226090027760165, 0.15370063660384403, 0.09582473914997536, 0.06602937131629005, 0.16708981853412297, 0.1993055921072937, 0.09176300354988598, 0.1248048551390184, 0.13651498445460675, 0.11075182861668509, 0.11228515553602847, 0.1189537726868366, 0.1323349429683276, 0.09206068759772279, 0.11360483237058361, 0.1446697104888699, 0.16140160466397901, 0.16639313876544293, 0.19929660205730215, 0.07774107334853397, 0.12316958349197193};