name="AGSK CEC20";
dim=20;
bound=0;
testID=7;
(*--------*)
min=0.19799571207931876;
max=0.8966645878454074;
median=0.5031231672362537;
mean=0.5096612142491419;
std=0.17067994168275047;
(*--------*)
data={0.5706065411900454, 0.8243361273266601, 0.5062015573876124, 0.4449291260239079, 0.6265280773263839, 0.3390900835352113, 0.19799571207931876, 0.40016308795838995, 0.5789823709446864, 0.6245999019438386, 0.8966645878454074, 0.3328686409522561, 0.6572681626771555, 0.33689778409097926, 0.38046972975416793, 0.6980317552993256, 0.5134601275494788, 0.5551294291981321, 0.63293793982848, 0.7947083471917722, 0.3464762589533166, 0.5072508282682975, 0.34275671461773527, 0.3725859778846825, 0.4158530180375237, 0.37827579221630003, 0.33528175430501506, 0.7345591024063651, 0.500044777084895, 0.4448831135969158};