name="AGSK CEC20";
dim=20;
bound=0;
testID=8;
(*--------*)
min=65.33459913766637;
max=100.00000000000045;
median=100.00000000000045;
mean=98.84448663792266;
std=6.329007339086473;
(*--------*)
data={100.00000000000045, 100.00000000000045, 100.00000000000045, 100.00000000000045, 100.00000000000045, 100.00000000000045, 100.00000000000045, 100.00000000000045, 100.00000000000045, 100.00000000000045, 100.00000000000045, 100.00000000000045, 100.00000000000045, 100.00000000000045, 65.33459913766637, 100.00000000000045, 100.00000000000045, 100.00000000000045, 100.00000000000045, 100.00000000000045, 100.00000000000045, 100.00000000000045, 100.00000000000045, 100.00000000000045, 100.00000000000045, 100.00000000000045, 100.00000000000045, 100.00000000000045, 100.00000000000045, 100.00000000000045};