name="AGSK CEC20";
dim=10;
bound=4;
testID=4;
(*--------*)
min=0.015550861036444985;
max=0.15209033866403843;
median=0.07040474652444573;
mean=0.07530092198970427;
std=0.03721630708693702;
(*--------*)
data={0.13525913145167578, 0.024666167758823576, 0.0609262266495989, 0.08453252015624457, 0.11620833310621492, 0.025814104503524504, 0.10486500232082108, 0.054090117069335975, 0.15209033866403843, 0.06717598764976174, 0.11308314966845501, 0.028107267846280592, 0.06722504959270736, 0.09185820046150184, 0.10223906946453098, 0.06944623763365598, 0.09304254749667962, 0.05034925385439237, 0.042959286035284094, 0.022030551928537534, 0.14343047732222658, 0.0619767993282494, 0.05833764543217512, 0.08401510915587096, 0.0887900525576697, 0.015550861036444985, 0.07974391290349558, 0.11829248213507526, 0.07136325541523547, 0.03155852109262014};