name="AGSK CEC20";
dim=10;
bound=2;
testID=6;
(*--------*)
min=0.023520698865922895;
max=0.530956472564867;
median=0.10349739858202156;
mean=0.15458119044834195;
std=0.1356386085938007;
(*--------*)
data={0.03563025962171196, 0.023520698865922895, 0.0722272189443629, 0.07478628079456939, 0.530956472564867, 0.24765176292066826, 0.05605109634529981, 0.13125899132364793, 0.1375308488727569, 0.2832777941935092, 0.1683725424536533, 0.0907844508656126, 0.127619115128482, 0.30866195310341027, 0.27337548567743397, 0.10828573664116448, 0.08365058749404852, 0.0785475855570894, 0.05840381974940101, 0.5051954250563995, 0.3362096874011513, 0.04873472646931987, 0.184665125020274, 0.2947161608581155, 0.024151619665417456, 0.09328136277258636, 0.0266982101229587, 0.025875866974274686, 0.10860576746927109, 0.09870906052287864};