name="AGSK CEC20";
dim=10;
bound=3;
testID=5;
(*--------*)
min=0.;
max=1.4112450263846767;
median=0.4162859692910388;
mean=0.3988104059928446;
std=0.2850093460232012;
(*--------*)
data={0.20814298464574676, 0.20814298464574676, 0.6244289539365582, 0.39981677187711284, 0.41628596929126616, 0.4162859692910388, 0.2081429846455194, 0.41628596929126616, 0.41628596929126616, 0.624428953937695, 0.9949590570938653, 0.6244289539367855, 0., 0.20814298464779313, 0.2081429846455194, 0.4162859692910388, 0.41628596929126616, 0., 0.41628596929126616, 0.2081429846455194, 1.4112450263846767, 0.41628596930763706, 0.4162859692910388, 0.2081429846455194, 0.2081429846455194, 0.41628596929581363, 0.6244289539365582, 0.4162859692910388, 0., 0.41628596929126616};