name="AGSK CEC20";
dim=10;
bound=3;
testID=3;
(*--------*)
min=1.9899181141865938;
max=13.968497677431856;
median=11.48699450376239;
mean=9.822509196799892;
std=3.4843690060379298;
(*--------*)
data={8.914718723019519, 11.29912001327989, 12.145386281288097, 10.435888143205943, 12.07425114916839, 13.581850572170993, 6.9511673182818186, 2.49930410328966, 5.969749304740731, 11.1851648223668, 7.760819483478031, 8.838694396533924, 12.256044143416375, 13.542081607251475, 6.4286007523743365, 12.68084206671574, 11.979377229500301, 11.778025974656885, 12.691033167837872, 9.31159328871911, 3.821015224413827, 11.674868994244889, 5.484181274569551, 13.528302209609933, 11.945222661049684, 13.968497677431856, 5.621431147967883, 12.536015468901724, 11.782110590324919, 1.9899181141865938};