name="AGSK CEC20";
dim=10;
bound=3;
testID=2;
(*--------*)
min=5.3998167322515656;
max=60.93724448398825;
median=17.200105832642294;
mean=22.783144815837566;
std=13.115322880812274;
(*--------*)
data={40.64040575666968, 12.410438001642433, 27.488969392060426, 12.381022952959029, 24.958492855820623, 21.46807712873033, 17.09041956870624, 14.79903836041558, 14.433137866159996, 11.442084826822793, 30.569183502409032, 60.93724448398825, 15.399635015347485, 24.229404777438504, 5.3998167322515656, 57.53759542602984, 16.340632919742347, 35.549188772349225, 21.06002291447294, 17.30979209657835, 12.275440448177505, 15.37083178838111, 37.21761873831565, 12.776762496290758, 12.066617938441595, 15.65212058193356, 15.373826145999374, 23.510478444691216, 24.41569726003945, 33.390347282262155};