name="AGSK CEC20";
dim=10;
bound=1;
testID=10;
(*--------*)
min=100.00005258378133;
max=397.74286946998745;
median=397.74286946998745;
mean=298.49528489667085;
std=142.7567236919196;
(*--------*)
data={397.74286946998745, 397.74286946998745, 100.00013411174405, 397.74286946998745, 397.74286946998745, 100.00015665340698, 397.74286946998745, 397.74286946998745, 100.00008138462044, 397.74286946998745, 397.74286946998745, 397.74286946998745, 397.74286946998745, 397.74286946998745, 397.74286946998745, 100.0000821579456, 397.74286946998745, 100.00020150586079, 100.00005258378133, 100.00008335989833, 397.74286946998745, 397.74286946998745, 100.00016488727306, 100.00014173175532, 397.74286946998745, 397.74286946998745, 397.74286946998745, 100.00005912408915, 397.74286946998745, 397.74286946998745};