name="AGSK CEC20";
dim=10;
bound=2;
testID=8;
(*--------*)
min=0.;
max=100.00000000000045;
median=0.;
mean=13.201910237386695;
std=25.819294178397072;
(*--------*)
data={0., 0., 0., 0., 15.560470321218872, 18.030000871821358, 0., 100.00000000000045, 11.563057352644591, 11.563057352644591, 0., 100., 0., 0., 0., 34.46191365503864, 18.030000871821358, 0., 11.563057352644591, 0., 0., 0., 0., 21.014141726007892, 0., 18.030000871821358, 0., 36.24160674593713, 0., 0.};