name="AGSK CEC20";
dim=10;
bound=5;
testID=3;
(*--------*)
min=2.602109274119016;
max=15.503267749459724;
median=11.88775036136468;
mean=10.483532505287803;
std=3.6106115052200916;
(*--------*)
data={11.895575488928216, 13.247462765705677, 6.6209748358369325, 2.826056167320644, 11.618530641950542, 11.919076203068812, 14.13110491031, 5.969754342559781, 12.209218077367723, 11.618697691204488, 12.638834699897302, 11.914646719890811, 2.602109274119016, 12.1045977803293, 12.796017015534858, 4.608806454250157, 11.879925233801146, 7.402067159794342, 12.673160624876573, 5.603760473524517, 4.003612369903863, 12.781535291553496, 11.490149290882528, 13.166460312539812, 11.077539646990544, 12.491364214691089, 14.222362080145672, 11.772821393255754, 15.503267749459724, 11.716486248940782};