name="AGSK CEC20";
dim=10;
bound=3;
testID=6;
(*--------*)
min=0.02318797403904682;
max=0.5891546663924601;
median=0.14378197925373115;
mean=0.17091567392919843;
std=0.13479994195686337;
(*--------*)
data={0.14382764788479108, 0.05624797105269863, 0.21432005603378457, 0.2830176962056612, 0.14373631062267123, 0.2866027445816144, 0.027855311446728592, 0.26441080498966585, 0.1507046814892874, 0.05822585678606629, 0.05559080801435812, 0.14316909493572894, 0.07220147278735567, 0.06550254837884495, 0.04448821451501317, 0.42480698504277825, 0.02318797403904682, 0.029344064547558446, 0.15086095996639415, 0.2806720371170286, 0.3524856132937657, 0.2886479904934731, 0.2598901729957106, 0.5891546663924601, 0.028174015761806004, 0.242550407422641, 0.09163798462373052, 0.15121853196046686, 0.12781876099029432, 0.07711883350452808};