name="AGSK CEC20";
dim=10;
bound=0;
testID=3;
(*--------*)
min=2.013694255717269;
max=14.623517986426918;
median=11.289108669761958;
mean=9.459927010192912;
std=4.141475919749533;
(*--------*)
data={12.012419904428498, 14.143547138226268, 13.151050622634102, 13.864807211174252, 3.9798362283733013, 13.226697879857738, 7.599303578326385, 12.237849105980786, 11.470273206187585, 2.49930410328966, 13.935708620272408, 3.597068331212313, 13.041529927041097, 11.907922405552881, 13.215490077319146, 6.9647083618340275, 2.013694255717269, 4.59202738830561, 4.9985714269971595, 9.714123340662013, 7.582215522079082, 11.998056299041878, 8.862576140076044, 14.623517986426918, 11.107944133336332, 14.138609962751275, 5.484181274569551, 12.673160624876573, 4.70166928767037, 4.459945961566859};