name="AGSK CEC20";
dim=10;
bound=0;
testID=8;
(*--------*)
min=0.;
max=100.00000000000045;
median=0.;
mean=14.715301570011267;
std=29.864727872939273;
(*--------*)
data={100., 0., 0., 100.00000000000045, 20.00591050414687, 11.563057352644591, 19.8069123918267, 11.563057352644591, 0., 100.00000000000045, 0., 0., 18.030000871821358, 0., 0., 11.563057352644591, 0., 0., 0., 0., 0., 0., 21.014141726007892, 0., 11.563057352644591, 0., 16.34985219595592, 0., 0., 0.};