name="AGSK CEC20";
dim=10;
bound=1;
testID=4;
(*--------*)
min=0.009887356839954009;
max=0.14978475405018798;
median=0.05141816636546537;
mean=0.06147556527236399;
std=0.03637651661960172;
(*--------*)
data={0.08821052221287573, 0.01172974867404264, 0.10439448366946635, 0.050505025825032135, 0.08411315991520496, 0.061645338063954114, 0.06208300283151402, 0.04435762167577195, 0.043601578224297555, 0.12054894718539799, 0.009887356839954009, 0.050856120883736367, 0.010124215653831925, 0.03450530043278377, 0.04582584622085051, 0.12486261144204036, 0.05198021184719437, 0.06078366450356043, 0.14978475405018798, 0.09527315139348502, 0.02157994406616126, 0.09586470778845069, 0.050668369286313464, 0.08247429857078714, 0.031022853075000967, 0.03914610573997379, 0.025471306357758294, 0.0694213268002386, 0.022675885290937003, 0.10086949965011627};