name="AGSK CEC20";
dim=10;
bound=3;
testID=7;
(*--------*)
min=0.000014957118764868937;
max=0.008780334019320435;
median=0.0009462940822686505;
mean=0.0014776029488984932;
std=0.0018502727526371603;
(*--------*)
data={0.0007773433871989255, 0.0020407043766681454, 0.0015156713334363303, 0.008780334019320435, 0.00009359541081721545, 0.0003905219186890463, 0.000037571337998087984, 0.000129485862544243, 0.00013114647754264297, 0.0013070117402094183, 0.0006624878369621001, 0.00013979018012832967, 0.004164607921211427, 0.0010216373912044219, 0.00027771537634180277, 0.0035818659303004097, 0.0021891896140004974, 0.00017512619933768292, 0.0008709507733328792, 0.0010999858091054193, 0.002735768340244249, 0.00014470246105702245, 0.0013688424746760575, 0.00017078357541322475, 0.001259819501228776, 0.002281045925883518, 0.000014957118764868937, 0.0033367812379765383, 0.00004589320542436326, 0.0035827517299367173};