name="AGSK CEC20";
dim=10;
bound=3;
testID=10;
(*--------*)
min=100.0000673529239;
max=397.74286946998745;
median=397.74286946998745;
mean=288.57053308176387;
std=145.93339667432122;
(*--------*)
data={397.74286946998745, 397.74286946998745, 397.74286946998745, 397.74286946998745, 397.74286946998745, 397.74286946998745, 397.74286946998745, 397.74286946998745, 397.74286946998745, 397.74286946998745, 100.00012166259967, 397.74286946998745, 100.00009938012408, 100.00021815299988, 100.000255346642, 397.74286946998745, 100.0001637513692, 100.0000673529239, 397.74286946998745, 397.74286946998745, 100.00007083353148, 397.74286946998745, 100.00015600193183, 100.00006786198173, 397.74286946998745, 397.74286946998745, 100.00017140046657, 397.74286946998745, 397.74286946998745, 100.0000807785832};