name="AGSK CEC20";
dim=10;
bound=2;
testID=2;
(*--------*)
min=3.142368262018863;
max=38.07459197378648;
median=14.640635129907878;
mean=15.77230848413701;
std=8.488702705879472;
(*--------*)
data={16.928885592563347, 15.598935227325455, 32.12403008567526, 16.965579680622795, 15.60378378034784, 38.07459197378648, 13.6823350324903, 7.562405030917944, 18.306157086346502, 32.857859667283265, 26.441917061954882, 10.924630717838227, 9.137799123658624, 24.431872512594055, 3.142368262018863, 9.0442246437824, 11.457590219270969, 11.834842968563862, 12.546907000973079, 7.413675560524098, 16.596639634430176, 16.64693590079696, 12.819978128206458, 16.018379862198344, 24.9407031580522, 10.549198269935005, 3.8203035814785835, 9.223761106832171, 19.913420557905738, 8.559543095736444};