name="AGSK CEC20";
dim=10;
bound=0;
testID=2;
(*--------*)
min=5.593678851715595;
max=133.53364217524086;
median=28.650771195838388;
mean=42.337757217891934;
std=41.66390922000387;
(*--------*)
data={30.071699129897752, 10.52142918113259, 127.82126655399179, 14.98349685273115, 12.353034391500842, 14.102402041956339, 5.593678851715595, 19.467112393306707, 125.05925757290606, 26.536365178678352, 13.456575734910075, 14.93258133803738, 12.057997652219456, 34.73354507153999, 39.019134726945595, 8.812537472332224, 31.348411735583795, 59.466006842464594, 27.229843261779024, 47.9469503426144, 19.47095125831129, 19.89186669130595, 59.32096559004549, 8.753261573099735, 133.53364217524086, 133.46979121893582, 31.971716466551698, 33.13324325517442, 30.865300668893724, 124.20865131295523};