name="AGSK CEC20";
dim=10;
bound=4;
testID=8;
(*--------*)
min=0.;
max=100.00000000000045;
median=0.;
mean=16.771121541688746;
std=30.975095701910632;
(*--------*)
data={0., 20.834822928218273, 37.08398252706229, 0., 52.83346754633112, 0., 0., 0., 18.030000871821358, 28.460405099369837, 0., 11.563057352644591, 0., 100.00000000000045, 100.00000000000045, 0., 0., 11.201795219924406, 0., 0., 11.563057352644591, 100.00000000000045, 0., 0., 0., 0., 0., 0., 0., 11.563057352644591};