name="AGSK CEC20";
dim=10;
bound=4;
testID=6;
(*--------*)
min=0.018747730983022848;
max=0.37694917812859785;
median=0.08521830346103343;
mean=0.11711435624896846;
std=0.09763857249496659;
(*--------*)
data={0.03035933912292421, 0.2538557808961741, 0.018747730983022848, 0.09623270387623961, 0.28506268216415265, 0.0606819211104721, 0.11100845368400769, 0.2006617148742862, 0.37694917812859785, 0.16234715546625011, 0.23141490108378093, 0.0590374074608917, 0.04970327977912348, 0.11172954671178559, 0.07442420278835016, 0.04911455074193327, 0.04737618935178034, 0.0412515428658935, 0.030683050799098055, 0.10019340131952958, 0.08721162403116978, 0.04333858380755373, 0.36425778201669345, 0.1497411907193964, 0.04799894464144927, 0.14659981882687134, 0.11258058793191594, 0.03184517558270272, 0.05579726381211003, 0.08322498289089708};