name="AGSK CEC20";
dim=10;
bound=3;
testID=8;
(*--------*)
min=0.;
max=59.09389955638062;
median=0.;
mean=4.847586256826859;
std=11.938464488678184;
(*--------*)
data={0., 0., 0., 0., 0., 59.09389955638062, 0., 0., 0., 0., 0., 0., 22.05145786602543, 0., 0., 0., 18.030000871821358, 0., 11.563057352644591, 0., 0., 0., 11.563057352644591, 0., 11.563057352644591, 0., 0., 0., 0., 11.563057352644591};