name="AGSK CEC20";
dim=10;
bound=2;
testID=4;
(*--------*)
min=0.02229188601631904;
max=0.22678609535569194;
median=0.07761006825148797;
mean=0.07937504196802365;
std=0.04633341380073005;
(*--------*)
data={0.05084006754236725, 0.08464269838714245, 0.22678609535569194, 0.026033021404145984, 0.12178308233228563, 0.10676704802790482, 0.08206624716808619, 0.07895859185759946, 0.19020297621159443, 0.02229188601631904, 0.09712362355662663, 0.05870719870199537, 0.050594945324974105, 0.09743686008891927, 0.03083076562552378, 0.06280355215062627, 0.05109376966743184, 0.07626154464537649, 0.09004926958141368, 0.0726216649250091, 0.02371804228300789, 0.05017489892907179, 0.11127580108109214, 0.023531112827640754, 0.11757201214027191, 0.03730981104354214, 0.09975058456916486, 0.08213913265558404, 0.05149487638618666, 0.10639007855411364};