name="AGSK CEC20";
dim=10;
bound=2;
testID=3;
(*--------*)
min=2.82605616732053;
max=13.783565076954119;
median=11.568762642760248;
mean=9.783774456115827;
std=3.3970772907538267;
(*--------*)
data={11.462885114213691, 10.212603671929287, 8.23650306981915, 11.90403149569272, 6.620979873655983, 12.703255549897449, 11.481578754539328, 7.292820308923069, 4.815974281507124, 12.357406731643096, 8.735829799049725, 13.783565076954119, 12.056649475189943, 12.682973232334234, 2.82605616732053, 2.9848771712800044, 12.756917092695403, 5.603760473524403, 4.9747952854664845, 13.349358197667243, 12.961430651062074, 13.633233051183993, 5.993530484090456, 11.9300208832301, 11.655946530981169, 6.620979873655983, 12.583101094455287, 11.954486015620432, 11.721750382962114, 7.615933892930229};