name="AGSK CEC20";
dim=10;
bound=4;
testID=3;
(*--------*)
min=2.618888340063677;
max=14.395801652290857;
median=12.014835034306941;
mean=9.86135178312902;
std=4.045544614810602;
(*--------*)
data={6.581940464673153, 14.070577274549123, 12.724335101466295, 2.9848771712798907, 12.74237411145009, 11.652149109742822, 13.144749668052668, 12.027339315159224, 12.092964928334709, 12.109112131319762, 11.852109678024362, 13.129695689555433, 13.714938746936696, 4.610524179625827, 12.56265514976917, 2.618888340063677, 12.721687110722542, 4.634190286075182, 8.46905340803039, 12.543275274359189, 10.090817133806809, 12.002330753454657, 10.567087655539922, 6.642751229614532, 3.494263160382957, 2.82605616732053, 14.395801652290857, 2.9848771712798907, 13.103826612174657, 12.745304818815612};