name="AGSK CEC20";
dim=10;
bound=0;
testID=9;
(*--------*)
min=0.;
max=100.00000000000045;
median=100.00000000000045;
mean=70.00000000000024;
std=46.60915996994006;
(*--------*)
data={0., 100., 100.00000000000045, 100.00000000000045, 0., 100., 0., 100., 100., 0., 0., 100.00000000000045, 0., 100.00000000000045, 100.00000000000045, 0., 100.00000000000045, 100.00000000000045, 100.00000000000045, 0., 100.00000000000045, 100.00000000000045, 100.00000000000045, 100., 0., 100.00000000000045, 100.00000000000045, 100.00000000000045, 100.00000000000045, 100.00000000000045};