name="AGSK CEC20";
dim=10;
bound=2;
testID=10;
(*--------*)
min=100.0000354306303;
max=397.74286946998745;
median=397.74286946998745;
mean=308.4200483517287;
std=138.77538861557974;
(*--------*)
data={100.00004508717211, 397.74286946998745, 397.74286946998745, 100.00015132916587, 397.74286946998745, 397.74286946998745, 397.74286946998745, 397.74286946998745, 100.00015801743348, 397.74286946998745, 100.0000354306303, 397.74286946998745, 397.74286946998745, 100.00007945316065, 397.74286946998745, 397.74286946998745, 100.00015309882247, 397.74286946998745, 397.74286946998745, 397.74286946998745, 397.74286946998745, 397.74286946998745, 397.74286946998745, 100.00012944567834, 397.74286946998745, 100.00025427346372, 397.74286946998745, 100.00018554659846, 397.74286946998745, 397.74286946998745};