name="AGSK CEC20";
dim=10;
bound=3;
testID=4;
(*--------*)
min=0.012281540682351988;
max=0.21977268925093085;
median=0.0717207304992371;
mean=0.08416866406878398;
std=0.053664933713578646;
(*--------*)
data={0.021759600582981875, 0.1539308637106842, 0.031749507785889364, 0.05836766467518828, 0.012281540682351988, 0.021284078323333233, 0.07832634420083195, 0.02601137295346234, 0.06874538792044405, 0.10457603640315938, 0.21977268925093085, 0.052419945219980946, 0.0533843080609131, 0.16428063150215166, 0.07345875257874468, 0.10094801097466188, 0.09384016086596603, 0.05637105974096812, 0.16906683602269368, 0.012281540682351988, 0.076582104311683, 0.06998270841972953, 0.11768386483322502, 0.055309972905433824, 0.06824446480277402, 0.1685509346868912, 0.15188984168162278, 0.03383987271377009, 0.11424910032974367, 0.09587072524095674};