name="AGSK CEC20";
dim=10;
bound=1;
testID=8;
(*--------*)
min=0.;
max=100.00000000000045;
median=0.;
mean=21.511179973851085;
std=33.9467254630511;
(*--------*)
data={0., 0., 0., 38.78000536063064, 31.941032398675816, 0., 0., 0., 32.219230077788325, 11.563057352644591, 0., 0., 0., 0., 0., 11.563057352644591, 0., 100., 0., 28.011259948186762, 100., 41.0781492824799, 0., 0., 11.563057352644591, 0., 100.00000000000045, 11.563057352644591, 27.0534927371923, 100.};