name="AGSK CEC20";
dim=10;
bound=0;
testID=7;
(*--------*)
min=8.107702797133243*^-6;
max=0.009335661904970038;
median=0.0009844548665114417;
mean=0.0017971396437436245;
std=0.0022978453956880897;
(*--------*)
data={0.000535331962055352, 0.0013363063453653012, 0.0018924093892564997, 0.00005837664275532006, 0.0023022362001938745, 0.000029877790439059027, 0.0002640656061885238, 8.107702797133243*^-6, 0.0016816090910651837, 0.0005390498181441217, 0.0017391766559740063, 0.00004494821769185364, 0.00008909895768738352, 0.009335661904970038, 0.0007145235422285623, 0.0005081662970951584, 0.005014949029373383, 0.0027189979568902345, 0.001255558779121202, 0.006041950077815272, 0.00014510635719489073, 0.007241813123528118, 0.0005252077298791846, 0.001443924619252357, 0.00018124314647138817, 0.0017221585271727236, 0.0008637784717393515, 0.003711645636940375, 0.0009980025388358627, 0.0009709071941870207};