name="AGSK CEC20";
dim=10;
bound=4;
testID=2;
(*--------*)
min=6.145058903682184;
max=53.15881425825228;
median=21.010361067898884;
mean=22.984963685553126;
std=12.303526554180571;
(*--------*)
data={28.039673338807916, 23.09350775382609, 11.38320144674799, 19.311809993312636, 25.617564660615244, 17.06533576871243, 12.686815852167456, 22.708912142485133, 16.563964677066906, 6.728788095459095, 19.177469804605607, 13.964126732571458, 16.634956692395463, 25.025268454980505, 27.551996269821757, 36.21239732666436, 9.336209177780802, 11.070422473027065, 30.936756735613017, 6.145058903682184, 47.85852496503412, 31.087571455402212, 49.27109789515089, 30.26825569571156, 32.11994609905105, 53.15881425825228, 14.20622338548128, 12.543709670844692, 12.018279918159351, 27.762250923163265};