name="AGSK CEC20";
dim=10;
bound=4;
testID=5;
(*--------*)
min=0.;
max=0.9949590570934106;
median=0.20814298464586045;
mean=0.28293688347789614;
std=0.22342909544896022;
(*--------*)
data={0., 0.4162859692910388, 0.2081429846455194, 0.4162859692910388, 0., 0.20814298464574676, 0.41628596929217565, 0.41628596929126616, 0.6244289539365582, 0.20814298464597414, 0.20814298464574676, 0., 0.41628596929149353, 0.2081429846455194, 0., 0.4162859692910388, 0.2081429846455194, 0.4162859692910388, 0.20814298464597414, 0.4162859692910388, 0.41628596929126616, 0.20814298464574676, 0.6244289539365582, 0.20814298464574676, 0., 0.20814298464574676, 0.20814298464597414, 0.9949590570934106, 0.20814298464574676, 0.};