name="AGSK CEC20";
dim=10;
bound=2;
testID=7;
(*--------*)
min=5.84290137339849*^-6;
max=0.004699641888237238;
median=0.000755607753944787;
mean=0.0013662925838919667;
std=0.0014684747978585572;
(*--------*)
data={0.0005301771457197901, 0.0001760543977979978, 0.00032764407615104574, 0.0008240384472628648, 0.004664300427521084, 0.0003762149476642662, 0.001029382706292381, 0.0011877785814249364, 0.0030000451001797046, 0.0019796741980826482, 0.0011999940707028145, 0.0003891745968758187, 0.00030967355633038096, 0.0005017728958591761, 0.004343587144830963, 0.0008694170610397123, 0.0008743824469092942, 0.003393513774881285, 0.0005957013772786013, 0.0029250517495711392, 0.0001066471604644903, 0.004699641888237238, 0.0006206981443028781, 0.000013147484878572868, 0.003263170459376852, 0.00014609297932111076, 5.874917860637652*^-6, 5.84290137339849*^-6, 0.0019429058179412095, 0.0006871770606267091};