name="AGSK CEC20";
dim=10;
bound=5;
testID=5;
(*--------*)
min=0.;
max=1.20310204173893;
median=0.20814298464586045;
mean=0.31068928143076086;
std=0.24312869340413903;
(*--------*)
data={0.6244289539367855, 0.6244289539365582, 0.2081429846455194, 0.4162859692910388, 0.20814298464574676, 0.2081429846455194, 0.41628596929126616, 0.41628596929149353, 0.20814298464597414, 0.4162859692967231, 0.20814298464574676, 0., 0.2081429846455194, 0.20814298464574676, 0.4162859692910388, 0., 0.4162859692910388, 0.20814298464574676, 0., 0., 0.20814298464574676, 1.20310204173893, 0., 0.41628596929149353, 0.2081429846455194, 0.4162859692910388, 0.4162859692910388, 0.4162859692910388, 0.4162859692910388, 0.2081429846455194};