name="AGSK CEC20";
dim=10;
bound=5;
testID=4;
(*--------*)
min=0.012939619647568179;
max=0.21766741693340919;
median=0.07369491155839114;
mean=0.07451796715538421;
std=0.046257188214295336;
(*--------*)
data={0.07876415800569703, 0.07284125686078369, 0.019831887353802813, 0.02421261640324701, 0.13743551454467706, 0.023213496053813287, 0.10302510175370116, 0.021793184915395614, 0.14800119834148973, 0.05043597620942819, 0.10608917988474786, 0.0383934395003962, 0.10370397935685105, 0.04908659844409158, 0.07485208817888633, 0.09832149632347864, 0.09401046202674479, 0.09545730442596323, 0.0663242592268034, 0.0745485662559986, 0.08201632978466478, 0.06882675053816456, 0.029346190241312797, 0.05138187437023589, 0.08020467656547225, 0.21766741693340919, 0.025040520584752812, 0.012939619647568179, 0.04431011366727944, 0.14346375826266922};