name="AGSK CEC20";
dim=10;
bound=4;
testID=9;
(*--------*)
min=0.;
max=100.00000000000045;
median=100.;
mean=66.66666666666684;
std=47.94633014853856;
(*--------*)
data={100.00000000000045, 0., 100., 0., 100.00000000000045, 0., 100.00000000000045, 100., 0., 100., 100.00000000000045, 100., 100., 0., 100.00000000000045, 100.00000000000045, 0., 0., 100.00000000000045, 0., 100.00000000000045, 100., 0., 0., 100., 100.00000000000045, 100.00000000000045, 100.00000000000045, 100., 100.00000000000045};