name="AGSK CEC20";
dim=10;
bound=1;
testID=9;
(*--------*)
min=0.;
max=100.00000000000045;
median=100.00000000000045;
mean=86.66666666666693;
std=34.57459036417614;
(*--------*)
data={100.00000000000045, 100.00000000000045, 100.00000000000045, 100.00000000000045, 100., 100.00000000000045, 100.00000000000045, 100.00000000000045, 100.00000000000045, 0., 100., 100.00000000000045, 100., 100., 100., 0., 100.00000000000045, 100.00000000000045, 100.00000000000045, 0., 100.00000000000045, 0., 100.00000000000045, 100., 100., 100., 100.00000000000045, 100.00000000000045, 100.00000000000045, 100.};