name="AGSK CEC20";
dim=10;
bound=1;
testID=7;
(*--------*)
min=3.483237378532067*^-7;
max=0.01069140801564572;
median=0.0008994885686206544;
mean=0.0016502237964232335;
std=0.0022147283935300887;
(*--------*)
data={0.00011077561202910147, 0.0013815131683259096, 0.0006014058194523386, 0.0009940957452272414, 0.0008361903092009015, 0.0014294629795585934, 0.0002665166016413423, 0.0008447881755273556, 0.0008972734594863141, 0.0009017036777549947, 0.00028321617992332904, 3.483237378532067*^-7, 0.000019419691852817778, 0.00004049637118441751, 0.0005664805721607991, 0.004294295772524492, 0.0009905275619530585, 0.0019524919762261561, 0.000011366673334123334, 0.000015075571354827844, 0.01069140801564572, 2.524219780752901*^-6, 0.002948065490272711, 0.00229635704181419, 0.003299044895811676, 0.002190487439293065, 0.005120014256135619, 0.002779520359581511, 0.003741119999631337, 7.279322744579986*^-7};