name="AGSK CEC20";
dim=10;
bound=0;
testID=10;
(*--------*)
min=100.00008869433668;
max=397.74286946998745;
median=397.74286946998745;
mean=288.5705346664233;
std=145.9333945560655;
(*--------*)
data={397.74286946998745, 397.74286946998745, 397.74286946998745, 397.74286946998745, 100.000098105897, 397.74286946998745, 100.00013668928068, 397.74286946998745, 397.74286946998745, 397.74286946998745, 397.74286946998745, 397.74286946998745, 100.00008869433668, 397.74286946998745, 100.00009276786523, 397.74286946998745, 397.74286946998745, 100.00011792949772, 100.00021176458722, 397.74286946998745, 397.74286946998745, 100.00010081354594, 397.74286946998745, 397.74286946998745, 100.00013687937462, 397.74286946998745, 397.74286946998745, 100.0001846339037, 100.00010944298083, 100.00024234166767};