name="AGSK CEC20";
dim=10;
bound=0;
testID=5;
(*--------*)
min=0.;
max=1.20310204173893;
median=0.20814298464597414;
mean=0.3161021853809795;
std=0.2984643700296462;
(*--------*)
data={0.2081429846455194, 0.2081429846455194, 1.20310204173893, 0., 0., 0., 0.6244289539365582, 0.4162859692910388, 0.20814298464597414, 0.41628596929126616, 0.4162859692910388, 0.41628596929126616, 0.2081429846462015, 0.20814298464597414, 0.2081429846462015, 0., 0.2081429846455194, 0.4162859692910388, 0., 0.20814298464574676, 0.20814298464574676, 0., 0.4162859692910388, 0.4162859692910388, 1.20310204173893, 0.20814298464574676, 0.2081429846455194, 0.6244289539365582, 0.20814298464597414, 0.4162859692910388};