name="AGSK CEC20";
dim=10;
bound=0;
testID=4;
(*--------*)
min=0.014268951136727992;
max=0.17540489402108506;
median=0.07623953830739083;
mean=0.08182910760764722;
std=0.044742664535183524;
(*--------*)
data={0.10926722208614592, 0.10179360045344765, 0.05978881363853361, 0.09269381390981835, 0.022972314754497347, 0.031231328926878632, 0.06288824979628771, 0.07243618089341908, 0.10118348521859843, 0.08004289572136258, 0.014268951136727992, 0.13464898453548813, 0.09818837780312606, 0.053856882203490386, 0.17540489402108506, 0.13983716229586207, 0.06033827482792731, 0.11191871438177259, 0.16529273843525516, 0.028696639460349616, 0.14408757662204152, 0.04319864843182586, 0.13891249830840025, 0.0980434270495607, 0.034917883962862106, 0.06837417642805121, 0.03286292254460932, 0.09319478289739891, 0.021773540390086055, 0.06275824709450717};