name="AGSK CEC20";
dim=10;
bound=1;
testID=2;
(*--------*)
min=7.189913548216282;
max=171.40552199320928;
median=27.496803986753548;
mean=45.56530888299058;
std=46.89471488979209;
(*--------*)
data={17.650001732676174, 14.53936783766676, 13.515043357537252, 17.7123581169526, 12.260666063235476, 13.944686925845417, 32.520267597734346, 50.12467966262375, 15.121945752604006, 171.40552199320928, 53.864118502503516, 51.32438316440039, 24.03215153981273, 152.27168433130691, 152.99676855009102, 23.711540284432886, 7.189913548216282, 8.579633135986114, 40.86620684650643, 27.438081135933317, 30.31252502317966, 20.95084394359219, 17.522448997026913, 63.29397422387228, 8.776176307713285, 90.60221813456064, 31.07352394447389, 27.55552683757378, 135.6740497584592, 40.12895923999076};