name="AGSK CEC20";
dim=10;
bound=5;
testID=2;
(*--------*)
min=6.287859036519876;
max=96.62137226153209;
median=19.757342670546223;
mean=26.502989105137022;
std=20.063596007296123;
(*--------*)
data={12.516690703978384, 31.18232878335948, 35.169771699522244, 96.62137226153209, 35.06885170892292, 11.471610737524315, 15.450471511212527, 19.45222147243203, 19.22548019721944, 21.506295979012066, 8.289913962850733, 48.54394501773004, 22.710513380783595, 18.13742910898054, 13.33751771039988, 19.67479215707317, 18.915747020811068, 28.12009945002046, 11.40583359140328, 7.633837056813718, 47.518849977156606, 34.37660424913429, 20.568450260579084, 80.35440637832198, 33.26773986702847, 18.799089552523583, 19.839893184019274, 14.197099447576875, 6.287859036519876, 25.444957689668627};