name="AGSK CEC20";
dim=10;
bound=4;
testID=7;
(*--------*)
min=0.000016434138615295524;
max=0.008898247647266544;
median=0.000639458597106568;
mean=0.001650720482757606;
std=0.0023313087054406133;
(*--------*)
data={0.0006061204471734527, 0.004169157259639178, 0.00010250085824736743, 0.001694939782282745, 0.00033641562458797125, 0.008898247647266544, 0.0009888409258564934, 0.003964621328577778, 0.000016434138615295524, 0.00028195148524901015, 0.00010644429039530223, 0.0008870906508491316, 0.00012861518462159438, 0.0003368918837622914, 0.006104052540649718, 0.0016439246805930452, 0.0004803809533768799, 0.002418961686998955, 0.00013342865713639185, 0.00018487871238903608, 0.0027841182200063486, 0.000349956959780684, 0.001036847230807325, 0.007810856905052788, 0.00014947925228625536, 0.00004711612746177707, 0.0006727967470396834, 0.001994136994198925, 0.00008946024217948434, 0.001102947065646731};