name="AGSK CEC20";
dim=10;
bound=5;
testID=8;
(*--------*)
min=0.;
max=100.00000000000045;
median=0.;
mean=13.881767107142212;
std=25.68378059754648;
(*--------*)
data={11.563057352644591, 0., 0., 11.563057352644591, 11.563057352644591, 31.81102839775349, 100.00000000000045, 100., 11.563057352644591, 0., 0., 0., 25.833424246079176, 0., 26.013297023325322, 0., 27.52755822659401, 0., 0., 11.563057352644591, 0., 0., 0., 24.949282886094352, 0., 0., 0., 22.50313567119656, 0., 0.};