name="AGSK CEC20";
dim=10;
bound=5;
testID=10;
(*--------*)
min=100.00002777533518;
max=397.74286946998745;
median=397.74286946998745;
mean=288.5705309729787;
std=145.93339949319042;
(*--------*)
data={397.74286946998745, 100.0001672360745, 397.74286946998745, 397.74286946998745, 397.74286946998745, 100.00008442844455, 100.00005264837046, 397.74286946998745, 397.74286946998745, 397.74286946998745, 397.74286946998745, 397.74286946998745, 397.74286946998745, 397.74286946998745, 100.00002777533518, 397.74286946998745, 397.74286946998745, 397.74286946998745, 397.74286946998745, 397.74286946998745, 100.00015449672446, 100.00004155898478, 397.74286946998745, 397.74286946998745, 100.00008453727287, 100.0002011508991, 397.74286946998745, 100.00012064503608, 100.00016014544326, 100.0003146370168};