name="AGSK CEC20";
dim=10;
bound=1;
testID=5;
(*--------*)
min=0.;
max=1.6193880110304235;
median=0.20814298464597414;
mean=0.3854831802629027;
std=0.33482510915720115;
(*--------*)
data={0.20814298464574676, 0.41628596929126616, 0.20814298464597414, 0.41628596929126616, 0.6244289539367855, 0.20814298464574676, 0.20814298464597414, 0.2081429846455194, 0., 0.2081429846455194, 0.20814298464574676, 0.6244289539365582, 0.20814298464574676, 0.4162859692919483, 0.6244289539365582, 0.20814298464597414, 0.41628596929126616, 1.6193880110304235, 0.2081429846455194, 0.2081429846455194, 0.2081429846455194, 0.4162859692910388, 0.2081429846455194, 0.6244289539370129, 1.2031020417391574, 0., 0.20814298464597414, 0.20814298464597414, 0.41628596929126616, 0.6244289539365582};