name="AGSK CEC20";
dim=10;
bound=3;
testID=9;
(*--------*)
min=0.;
max=100.00000000000045;
median=50.;
mean=50.00000000000015;
std=50.85476277156093;
(*--------*)
data={100., 100., 0., 0., 0., 100.00000000000045, 0., 0., 0., 100.00000000000045, 0., 0., 100.00000000000045, 100.00000000000045, 100.00000000000045, 0., 100.00000000000045, 100., 100.00000000000045, 100., 0., 0., 100.00000000000045, 0., 0., 0., 100.00000000000045, 100.00000000000045, 100., 0.};