name="AGSK CEC20";
dim=10;
bound=1;
testID=3;
(*--------*)
min=2.711643358799506;
max=14.064388832914801;
median=11.866598888102658;
mean=10.304511661787036;
std=3.34694959819591;
(*--------*)
data={6.944010174492291, 12.255980925761719, 3.6034159116479714, 12.625325130145029, 9.899980072376593, 12.072141652454434, 10.919592757678515, 7.619062419535908, 6.894666080886623, 12.835048026431423, 6.624103362442611, 11.91329103784335, 12.084946827407293, 4.489222217476254, 11.71211469959701, 4.70166928767037, 11.819906738361965, 12.621582831290652, 12.865372270427201, 2.711643358799506, 10.277692442383909, 11.172618823307857, 13.092891559113355, 7.5293742446151555, 13.034596826620827, 13.139018759353235, 13.531380145793719, 13.731022601207428, 12.34928983557404, 14.064388832914801};