name="AGSK CEC20";
dim=10;
bound=5;
testID=6;
(*--------*)
min=0.02196192493079252;
max=0.5249191923578564;
median=0.06933516452500044;
mean=0.12455367200936204;
std=0.1310274201663493;
(*--------*)
data={0.02848897778767423, 0.0733243236513772, 0.07046423980045802, 0.0929734733542773, 0.312742086664457, 0.04028737484463818, 0.04171041202221204, 0.14890217724928334, 0.09179346129167243, 0.04754612337319486, 0.06534093571667654, 0.5027064559262726, 0.07570603033900625, 0.03319898776317132, 0.5249191923578564, 0.05824958511584555, 0.02196192493079252, 0.036273117074415495, 0.05961383921453489, 0.04046849892665705, 0.24242604642108745, 0.0810067314380376, 0.18880031933872488, 0.23664061831823346, 0.052371852467786084, 0.14380707912778234, 0.025163201866234886, 0.2634387905948188, 0.06807821405413961, 0.06820608924954286};