name="AGSK CEC20";
dim=10;
bound=0;
testID=6;
(*--------*)
min=0.020781805925480512;
max=0.45007217266629596;
median=0.07085571937966506;
mean=0.12068239001609982;
std=0.11962548376748657;
(*--------*)
data={0.12620112198692368, 0.07179023834760301, 0.04782668297593773, 0.11244172807232644, 0.06992120041172711, 0.1558377089552323, 0.09109589045601751, 0.034278562341796714, 0.030843452409271777, 0.0955818698460007, 0.33391286795404085, 0.0884456436410801, 0.3741358056881836, 0.1485764263056808, 0.05405317649660901, 0.05935347728109264, 0.053990499600558906, 0.020781805925480512, 0.26551641677565385, 0.04274241725647698, 0.40624450242285093, 0.08345453153265225, 0.05431289553598617, 0.024402861427233802, 0.05719503823138439, 0.05929359964579817, 0.45007217266629596, 0.02892015763904965, 0.05888305769371982, 0.12036589096032912};