name="AGSK CEC20";
dim=10;
bound=2;
testID=5;
(*--------*)
min=0.;
max=0.9949590570934106;
median=0.2081429846455194;
mean=0.2274320875724167;
std=0.22876813968488302;
(*--------*)
data={0.2081429846455194, 0.4162859692910388, 0.4162859692910388, 0.2081429846462015, 0., 0.2081429846462015, 0.2081429846455194, 0.2081429846455194, 0., 0., 0.20814298464574676, 0., 0., 0.4162859692910388, 0.4162859692910388, 0.9949590570934106, 0.4162859692910388, 0.41628596929126616, 0., 0.20814298464597414, 0., 0.41628596929308515, 0.2081429846455194, 0.6244289539365582, 0.20814298464574676, 0., 0., 0.2081429846455194, 0.2081429846455194, 0.};