name="AGSK CEC20";
dim=10;
bound=2;
testID=9;
(*--------*)
min=0.;
max=100.00000000000045;
median=100.;
mean=56.666666666666806;
std=50.4006932993732;
(*--------*)
data={100., 0., 0., 0., 100.00000000000045, 0., 100.00000000000045, 100., 100.00000000000045, 100., 0., 100.00000000000045, 100.00000000000045, 0., 0., 0., 100.00000000000045, 100.00000000000045, 100., 100., 0., 0., 100., 0., 0., 0., 100.00000000000045, 100., 100.00000000000045, 100.};