name="AGSK CEC20";
dim=10;
bound=5;
testID=7;
(*--------*)
min=0.000011048849501094082;
max=0.010282903715051361;
median=0.0011942698317852773;
mean=0.0021582632661496367;
std=0.002609405508600644;
(*--------*)
data={0.0018640235789462167, 0.000759968630518415, 0.001543571120237175, 0.001373067111671844, 0.005303559360072541, 0.0003440880477683095, 0.001272066258934501, 0.0004097823962183611, 0.0022642080730292946, 0.007221520993880404, 0.0011164734046360536, 0.00033318566647722037, 0.0005047599552199244, 0.0028519334227894433, 0.000036050845665158704, 0.007839103018795868, 0.0015135720341277192, 0.0005061556325927086, 0.0004076473237546452, 0.00251059165384504, 0.000011048849501094082, 0.002700026204365713, 0.00005035478943682392, 0.0003326500068396854, 0.005676648800545081, 0.0007184394894466095, 0.0009979455871871323, 0.00020246086569386534, 0.0038000911472408916, 0.010282903715051361};