name="AGSK CEC20";
dim=10;
bound=1;
testID=6;
(*--------*)
min=0.02160257456716863;
max=0.5654403643329715;
median=0.10512437207455605;
mean=0.17151583554079936;
std=0.15534720989373757;
(*--------*)
data={0.37227741276683446, 0.03743110024583984, 0.49897457670931544, 0.05934654047609911, 0.12441522802373584, 0.0649416230407951, 0.08583351612537626, 0.3243059946369158, 0.07248525862291899, 0.12788042869624405, 0.06389103593187428, 0.16932566161972318, 0.2288430120411249, 0.0705939771426074, 0.5654403643329715, 0.22824674027197034, 0.06677849820766824, 0.2810563948376057, 0.13869069358725028, 0.06039008993252537, 0.06762051775717737, 0.03636508206318467, 0.5368440633153568, 0.3018001029934112, 0.025705678650183472, 0.0672898961752253, 0.14380690324105672, 0.07996180514987827, 0.02160257456716863, 0.2233302950619418};