name="AGSK CEC20";
dim=10;
bound=4;
testID=10;
(*--------*)
min=100.00002858941025;
max=397.74286946998745;
median=397.74286946998745;
mean=288.5705232218891;
std=145.93340985426087;
(*--------*)
data={100.0001194416568, 100.0000416317589, 397.74286946998745, 397.74286946998745, 397.74286946998745, 397.74286946998745, 100.00015314408847, 100.00006656041433, 397.74286946998745, 397.74286946998745, 100.00010910168157, 397.74286946998745, 100.00014685993847, 397.74286946998745, 397.74286946998745, 100.00014999468522, 397.74286946998745, 397.74286946998745, 397.74286946998745, 397.74286946998745, 100.0001597486289, 397.74286946998745, 100.00005027856241, 397.74286946998745, 100.00015137608625, 100.00002858941025, 397.74286946998745, 397.74286946998745, 397.74286946998745, 397.74286946998745};