name="AGSK CEC20";
dim=10;
bound=5;
testID=9;
(*--------*)
min=0.;
max=100.00000000000045;
median=100.;
mean=80.0000000000002;
std=40.68381021724873;
(*--------*)
data={100.00000000000045, 100.00000000000045, 100.00000000000045, 100.00000000000045, 100.00000000000045, 100.00000000000045, 0., 100.00000000000045, 100.00000000000045, 100.00000000000045, 100.00000000000045, 100., 100., 100., 100., 100., 100., 100.00000000000045, 100., 100., 100.00000000000045, 0., 0., 100.00000000000045, 100., 0., 100., 0., 0., 100.};