name="IMODE CEC20";
dim=10;
bound=5;
testID=9;
(*--------*)
min=0.;
max=100.;
median=31.2388005;
mean=46.72442080234869;
std=42.30282401349311;
(*--------*)
data={0.00010524667, 75.784232, 100., 100., 13.222111, 100., 26.708942, 100., 100., 18.941513, 100., 100., 100., 0.0001055242, 0., 62.372747, 29.838578, 39.56266, 13.196897, 26.711181, 0.00011141306, 23.211261, 2.2092536*^-8, 39.542926, 0.00011380855, 100., 1.0837994*^-8, 0.00011704505, 100., 32.639023};