name="IMODE CEC20";
dim=10;
bound=0;
testID=8;
(*--------*)
min=0.;
max=31.0274;
median=0.;
mean=2.7227143333333332;
std=7.457896105390843;
(*--------*)
data={0., 0., 0., 0., 0., 0., 0., 20.291038, 0., 0., 0., 0., 0., 0., 0., 0., 0., 0., 0., 0., 15.181496, 0., 0., 0., 31.0274, 0., 15.181496, 0., 0., 0.};