name="IMODE CEC20";
dim=10;
bound=0;
testID=9;
(*--------*)
min=0.;
max=100.;
median=9.48374276846;
mean=37.699744342614665;
std=45.838709007073376;
(*--------*)
data={0., 0.0002179204, 100., 3.579863*^-6, 100., 35.1072, 0.000073417775, 100., 100., 23.298944, 100., 0., 100., 1.4626085*^-7, 1.0089789*^-6, 100., 100., 100., 26.808184, 18.967113, 100., 0.00017626648, 1.4340458*^-8, 0.00037253692, 0.00011683902, 0., 0.000030068301, 0.000097480101, 26.8098, 0.};