name="IMODE CEC20";
dim=10;
bound=2;
testID=3;
(*--------*)
min=11.191065;
max=13.488865;
median=12.579869;
mean=12.51169166666667;
std=0.5897078181701414;
(*--------*)
data={13.465633, 12.089036, 13.284903, 13.357736, 11.191065, 12.819683, 12.908891, 11.839443, 13.054684, 11.815219, 13.488865, 12.574078, 12.596977, 11.971269, 12.033825, 12.436015, 12.16696, 12.929907, 12.560694, 11.349076, 12.81907, 12.423084, 12.102435, 12.244147, 12.893267, 12.764749, 11.859769, 12.65406, 13.07055, 12.58566};