name="IMODE CEC20";
dim=10;
bound=3;
testID=7;
(*--------*)
min=0.000083009737;
max=0.0037605267;
median=0.000697585785;
mean=0.0010339420609;
std=0.0009769107505848199;
(*--------*)
data={0.00012388456, 0.00020445151, 0.00052864687, 0.000083009737, 0.0011791207, 0.0010408908, 0.0014824412, 0.0029533907, 0.00033725756, 0.0004534565, 0.0033535493, 0.00053370555, 0.0005933893, 0.00032261601, 0.00071083084, 0.0003721748, 0.00011194341, 0.0037605267, 0.00098438493, 0.00089395592, 0.0017924018, 0.00012527125, 0.0002577676, 0.0011756274, 0.00069556112, 0.0014580525, 0.0021966878, 0.00069961045, 0.00053128611, 0.0020623689};