name="IMODE CEC20";
dim=10;
bound=0;
testID=3;
(*--------*)
min=10.889263;
max=14.347492;
median=12.5115235;
mean=12.468802000000002;
std=0.9392802836182605;
(*--------*)
data={13.518474, 13.880639, 11.652219, 13.095151, 13.062433, 11.758943, 11.343603, 12.804218, 14.080203, 11.530705, 11.887868, 12.525252, 12.080039, 10.889263, 11.887093, 12.766653, 11.556037, 11.194702, 12.567694, 12.618891, 12.497795, 13.09225, 13.294599, 11.608039, 13.879135, 11.078443, 14.347492, 12.167571, 12.277547, 13.121109};