name="IMODE CEC20";
dim=10;
bound=2;
testID=5;
(*--------*)
min=0.;
max=1.2037285;
median=0.416369985;
mean=0.564137954336;
std=0.4635700833417999;
(*--------*)
data={0.41630946, 0.99541672, 0.00074166555, 0.20850443, 0.41634164, 0.20878499, 0.62516935, 0.41697061, 0.20817866, 0.41641494, 0.9954238, 0.99513139, 1.2031177, 0.00026114219, 1.2036696, 1.2037285, 0.20834652, 0.32130281, 0., 1.2031027, 0.41639833, 0.23789559, 1.2037107, 1.2031312, 0.2082315, 0.2083045, 0.00015798366, 0.99570999, 1.2034981, 0.00018410868};