name="IMODE CEC20";
dim=10;
bound=3;
testID=9;
(*--------*)
min=0.;
max=100.;
median=100.;
mean=58.66095388316346;
std=46.3097281580635;
(*--------*)
data={0.000071238923, 100., 100., 0.000095795627, 0.00051301721, 100., 0.00022104079, 100., 100., 23.208475, 100., 39.453389, 100., 100., 26.884058, 43.467173, 100., 100., 0.000013897604, 0., 100., 0., 100., 100., 0.00022350475, 100., 0., 100., 100., 26.814383};