name="IMODE CEC20";
dim=10;
bound=1;
testID=7;
(*--------*)
min=6.6599368*^-6;
max=0.0048585575;
median=0.00054360793;
mean=0.0008684905517933332;
std=0.0009738461166835116;
(*--------*)
data={0.000057777049, 0.0048585575, 0.00045105059, 0.00038498964, 0.00067890631, 0.00049188491, 0.00041996411, 0.000097397279, 0.0016223583, 0.00048962483, 0.00059533095, 0.0018069128, 0.00093365811, 0.00048828057, 0.00034828666, 0.000087481999, 0.0012686283, 0.00046275512, 0.0019045911, 0.00076889198, 0.00059895679, 0.00070652724, 0.00032887805, 0.00027822317, 6.6599368*^-6, 0.00074414083, 0.002718675, 0.00034854926, 0.0013535648, 0.00075321337};