name="IMODE CEC20";
dim=10;
bound=5;
testID=6;
(*--------*)
min=0.022682416;
max=0.35586623;
median=0.126667065;
mean=0.1304377790666667;
std=0.07097391407340342;
(*--------*)
data={0.022682416, 0.1385156, 0.099940644, 0.10613828, 0.075265125, 0.12834297, 0.21799065, 0.1529195, 0.067468145, 0.10464012, 0.022864265, 0.20143041, 0.1821755, 0.21919066, 0.040997211, 0.15780261, 0.07713294, 0.2118695, 0.15527081, 0.092682352, 0.13892847, 0.10322965, 0.033794654, 0.35586623, 0.19278262, 0.12499116, 0.080045542, 0.098889428, 0.15216483, 0.15712108};