name="IMODE CEC20";
dim=10;
bound=5;
testID=7;
(*--------*)
min=0.000030979295;
max=0.0092194556;
median=0.000644194225;
mean=0.0012468159576000002;
std=0.0019521228960597602;
(*--------*)
data={0.000030979295, 0.00065875545, 0.00066521295, 0.00055019177, 0.00072006826, 0.000042755082, 0.0013936663, 0.00073400196, 0.002909605, 0.00019793008, 0.00056957742, 0.0001413415, 0.00040146152, 0.0043561214, 0.0010991238, 0.00083491263, 0.00041781435, 0.000036503282, 0.0011941833, 0.000629633, 0.00021505312, 0.0052213784, 0.00019216416, 0.0092194556, 0.000087709289, 0.0026845197, 0.00015701527, 0.00088535209, 0.00043730025, 0.0007206925};