name="IMODE CEC20";
dim=10;
bound=4;
testID=9;
(*--------*)
min=0.;
max=100.;
median=25.011206;
mean=48.421512796717664;
std=47.643111958635124;
(*--------*)
data={0., 0., 100., 0.00015511956, 100., 100., 64.732576, 100., 100., 100., 0.0002187287, 100., 100., 26.76794, 0., 100., 100., 100., 0.00034136573, 18.94793, 0.000024603554, 0.000056412661, 0., 3.4140612*^-8, 18.941513, 100., 23.254472, 0.00015659741, 100., 3.9774022*^-8};