name="IMODE CEC20";
dim=10;
bound=3;
testID=3;
(*--------*)
min=7.6865414;
max=14.011332;
median=12.1804525;
mean=12.194100180000003;
std=1.102458425293045;
(*--------*)
data={12.004647, 14.011332, 13.069389, 11.982073, 12.167874, 11.508571, 11.410853, 11.405352, 12.300011, 13.143467, 13.262411, 12.193031, 12.937082, 12.262044, 12.64297, 11.604612, 13.336677, 11.583041, 12.089592, 13.249258, 11.396934, 12.152398, 7.6865414, 12.196045, 11.47593, 12.158105, 13.541778, 12.431865, 12.140593, 12.478529};