name="IMODE CEC20";
dim=10;
bound=5;
testID=10;
(*--------*)
min=100.00019;
max=397.93792;
median=397.74287;
mean=387.82461566666666;
std=54.36136700834532;
(*--------*)
data={397.74287, 397.74287, 397.74287, 397.74287, 397.74287, 397.74287, 397.74287, 397.74287, 397.74287, 100.00019, 397.93792, 397.74287, 397.74287, 397.74287, 397.74287, 397.74287, 397.74287, 397.74287, 397.74287, 397.74287, 397.74287, 397.74287, 397.74287, 397.74287, 397.74287, 397.74287, 397.74287, 397.74287, 397.74287, 397.74287};