name="IMODE CEC20";
dim=10;
bound=3;
testID=2;
(*--------*)
min=0.24981776;
max=10.369791;
median=3.63355125;
mean=4.603390424666667;
std=2.915887834202172;
(*--------*)
data={3.6647785, 3.6647785, 3.5398696, 6.8923758, 3.602324, 10.182428, 3.4774151, 10.182428, 10.369791, 3.5398696, 3.5398696, 3.5398696, 3.6647785, 10.307337, 3.602324, 6.8299214, 6.9548303, 0.24981776, 3.602324, 0.24981776, 3.5398696, 7.0172847, 6.8923758, 3.4774151, 3.6647785, 0.31227221, 0.31227221, 3.5398696, 3.8443135, 3.8443135};