name="IMODE CEC20";
dim=10;
bound=1;
testID=3;
(*--------*)
min=10.957478;
max=13.576415;
median=12.269;
mean=12.235983133333338;
std=0.7656121770312521;
(*--------*)
data={12.603917, 13.416567, 12.941237, 10.957478, 13.055152, 12.259574, 11.108416, 12.128798, 11.455359, 11.265135, 11.481579, 12.291314, 12.29833, 11.860868, 12.759004, 12.224145, 12.49527, 13.427332, 11.34701, 13.399299, 12.032937, 12.662392, 12.856534, 13.576415, 11.728603, 11.21971, 12.278426, 12.660055, 12.2072, 11.081438};