name="IMODE CEC20";
dim=10;
bound=0;
testID=2;
(*--------*)
min=0.12490889;
max=11.89198;
median=3.5710968;
mean=3.414990541666667;
std=3.2659421879814996;
(*--------*)
data={0.37472665, 3.602324, 6.8299214, 3.6647785, 10.182428, 3.5398696, 0.18736332, 3.6647785, 3.7272329, 0.24981776, 3.5398696, 6.8923758, 3.602324, 6.7674669, 0.18736332, 0.24981776, 6.8923758, 0.49963553, 3.602324, 0.12490889, 0.31227221, 6.9548303, 0.37472665, 0.18736332, 6.8923758, 3.4774151, 0.18736332, 0.18736332, 11.89198, 3.602324};