name="IMODE CEC20";
dim=10;
bound=4;
testID=10;
(*--------*)
min=100.00013;
max=397.74287;
median=397.74287;
mean=377.8933576666667;
std=75.53974033942609;
(*--------*)
data={397.74287, 397.74287, 397.74287, 397.74287, 397.74287, 100.00013, 100.00024, 397.74287, 397.74287, 397.74287, 397.74287, 397.74287, 397.74287, 397.74287, 397.74287, 397.74287, 397.74287, 397.74287, 397.74287, 397.74287, 397.74287, 397.74287, 397.74287, 397.74287, 397.74287, 397.74287, 397.74287, 397.74287, 397.74287, 397.74287};