name="IMODE CEC20";
dim=10;
bound=2;
testID=10;
(*--------*)
min=100.0001;
max=397.74287;
median=397.74287;
mean=367.96861633333333;
std=90.84975641517325;
(*--------*)
data={397.74287, 397.74287, 397.74287, 397.74287, 397.74287, 397.74287, 397.74287, 397.74287, 397.74287, 397.74287, 397.74287, 397.74287, 397.74287, 397.74287, 397.74287, 397.74287, 397.74287, 397.74287, 397.74287, 397.74287, 397.74287, 397.74287, 397.74287, 397.74287, 100.00078, 397.74287, 397.74287, 100.0001, 397.74287, 100.00012};