name="IMODE CEC20";
dim=10;
bound=1;
testID=8;
(*--------*)
min=0.;
max=30.82731;
median=0.;
mean=4.161334733333333;
std=8.279192133552394;
(*--------*)
data={0., 0., 0., 0., 0., 0., 0., 11.563057, 0., 0., 0., 0., 0., 17.015264, 16.094879, 0., 0., 0., 22.594979, 11.563057, 0., 0., 0., 0., 0., 30.82731, 0., 0., 15.181496, 0.};