name="IMODE CEC20";
dim=10;
bound=0;
testID=5;
(*--------*)
min=1.4085299*^-7;
max=1.6195071;
median=0.20874717;
mean=0.479137069697433;
std=0.4551581725467082;
(*--------*)
data={0.20832692, 0.20828421, 0.20883033, 0.000034632736, 0.20814312, 0.99529838, 0.20836446, 0.41671858, 0.99547393, 0.00027546265, 0.20883032, 0.000017535524, 0.2081478, 0.20866402, 1.2031031, 0.62517829, 0.41630677, 0.20814466, 0.20825493, 1.6195071, 0.9957124, 1.2033065, 1.4085299*^-7, 0.00064931916, 0.20814362, 0.99510833, 0.99495908, 0.99571226, 0.20816203, 0.41645386};