name="IMODE CEC20";
dim=10;
bound=3;
testID=6;
(*--------*)
min=0.035407608;
max=0.26897729;
median=0.11335007999999999;
mean=0.13166160443333336;
std=0.06986679303334618;
(*--------*)
data={0.040178977, 0.10262907, 0.093444361, 0.052160522, 0.092852609, 0.13348272, 0.096533226, 0.074932148, 0.19752244, 0.14413447, 0.25115455, 0.26897729, 0.11224653, 0.25500017, 0.074240912, 0.15226803, 0.14421252, 0.03985069, 0.25229869, 0.19420736, 0.25723889, 0.14146844, 0.10156184, 0.073929183, 0.15883114, 0.11445363, 0.091075364, 0.035407608, 0.082064893, 0.12148986};