name="IMODE CEC20";
dim=10;
bound=0;
testID=10;
(*--------*)
min=397.74287;
max=397.74287;
median=397.74287;
mean=397.74287;
std=0.;
(*--------*)
data={397.74287, 397.74287, 397.74287, 397.74287, 397.74287, 397.74287, 397.74287, 397.74287, 397.74287, 397.74287, 397.74287, 397.74287, 397.74287, 397.74287, 397.74287, 397.74287, 397.74287, 397.74287, 397.74287, 397.74287, 397.74287, 397.74287, 397.74287, 397.74287, 397.74287, 397.74287, 397.74287, 397.74287, 397.74287, 397.74287};