name="IMODE CEC20";
dim=10;
bound=5;
testID=5;
(*--------*)
min=6.9220687*^-7;
max=1.4118548;
median=0.20828667;
mean=0.30075695298272226;
std=0.3683334000572538;
(*--------*)
data={0.99562773, 0.00024468579, 0.20837918, 0.62442896, 0.00050026579, 0.00073631679, 0.41666518, 0.99534863, 0.20889413, 0.45530916, 0.9949771, 0.00003085797, 0.0001683244, 0.20876118, 0.20842305, 0.00063619156, 0.20814568, 0.000015451851, 6.9220687*^-7, 2.1519088*^-6, 1.4118548, 0.62499157, 0.20878871, 0.000035611215, 0.20815248, 0.20821965, 0.20835369, 0.20814301, 0.20817911, 0.20869504};