name="IMODE CEC20";
dim=10;
bound=4;
testID=7;
(*--------*)
min=0.000011433448;
max=0.0030927938;
median=0.00036492676;
mean=0.0005774105838666667;
std=0.0006679670782690632;
(*--------*)
data={0.00062742808, 0.00043556824, 0.0014988216, 0.00088797501, 0.000039060136, 0.00020267038, 0.00037864637, 0.0016508452, 0.00024039594, 0.00060228335, 0.00080398862, 0.000034425754, 0.000090519838, 0.0030927938, 0.00042668331, 0.000083051418, 0.000011433448, 0.000018666674, 0.00091784333, 0.00023953994, 0.00035120715, 0.001339094, 0.00069045336, 0.00049871119, 0.000036858777, 0.00032151679, 0.0002621366, 0.00010458642, 0.0013596779, 0.000075434891};