name="IMODE CEC20";
dim=10;
bound=4;
testID=3;
(*--------*)
min=10.957478;
max=13.88414;
median=12.064387;
mean=12.2776084;
std=0.8719779732453545;
(*--------*)
data={12.573401, 12.004472, 13.88414, 13.119065, 11.134546, 11.337936, 11.574476, 13.873236, 11.822795, 11.990553, 12.759471, 12.393443, 12.006336, 12.448853, 10.957478, 11.924151, 11.533439, 11.036628, 11.46608, 12.650401, 13.640401, 11.531819, 12.0826, 13.828993, 12.214742, 12.046174, 11.396934, 12.437847, 13.179617, 13.478225};