name="IMODE CEC20";
dim=10;
bound=3;
testID=10;
(*--------*)
min=100.00007;
max=397.74287;
median=397.74287;
mean=367.96859333333333;
std=90.84982659468972;
(*--------*)
data={397.74287, 397.74287, 397.74287, 397.74287, 397.74287, 397.74287, 100.00015, 397.74287, 397.74287, 397.74287, 397.74287, 397.74287, 397.74287, 397.74287, 100.00007, 397.74287, 397.74287, 100.00009, 397.74287, 397.74287, 397.74287, 397.74287, 397.74287, 397.74287, 397.74287, 397.74287, 397.74287, 397.74287, 397.74287, 397.74287};