name="IMODE CEC20";
dim=10;
bound=4;
testID=5;
(*--------*)
min=0.;
max=1.4115731;
median=0.208175465;
mean=0.30638381540596404;
std=0.3937771417577221;
(*--------*)
data={0.20823419, 0.20814414, 1.4115731, 0.000619192, 0.20818489, 0.00035006437, 9.8493092*^-7, 0.20876733, 1.4112463, 0.20817273, 0.00065972959, 0.2081782, 0.20822179, 0.00015831861, 0.20872772, 0.2081432, 0.20882189, 0.41628597, 0.99673366, 0.62442962, 0.20815743, 0.99520406, 0.20876031, 0., 0.00036222, 0.41703172, 0.000044917022, 0.20814732, 0.20814298, 0.000010485656};