name="IMODE CEC20";
dim=10;
bound=1;
testID=10;
(*--------*)
min=100.00009;
max=397.74287;
median=397.74287;
mean=358.043836;
std=102.94333788026245;
(*--------*)
data={100.00012, 397.74287, 397.74287, 397.74287, 397.74287, 397.74287, 397.74287, 397.74287, 397.74287, 397.74287, 397.74287, 397.74287, 397.74287, 397.74287, 397.74287, 397.74287, 397.74287, 397.74287, 397.74287, 397.74287, 100.00012, 100.00009, 397.74287, 397.74287, 397.74287, 397.74287, 397.74287, 397.74287, 397.74287, 100.00013};