name="IMODE CEC20";
dim=10;
bound=5;
testID=2;
(*--------*)
min=0.18736332;
max=12.016889;
median=3.602324;
mean=3.471199529666666;
std=3.032411376790015;
(*--------*)
data={3.6647785, 3.602324, 3.602324, 7.0172847, 3.602324, 0.24981776, 3.6647785, 3.7272329, 0.24981776, 6.8923758, 12.016889, 0.24981776, 3.5398696, 10.244882, 0.24981776, 3.6647785, 0.18736332, 0.24981776, 3.6647785, 3.6647785, 6.8923758, 3.8521418, 3.602324, 0.18736332, 0.43718109, 0.49963553, 3.602324, 3.7896873, 0.49963553, 6.7674669};