name="IMODE CEC20";
dim=10;
bound=1;
testID=9;
(*--------*)
min=0.;
max=100.;
median=100.;
mean=67.71992910744143;
std=44.64505522768765;
(*--------*)
data={0.00013784467, 18.966845, 100., 100., 0.00021956463, 100., 100., 100., 100., 18.957265, 100., 100., 100., 100., 0., 100., 100., 100., 100., 0.00033557687, 0.00014057941, 35.100001, 100., 58.572882, 0.000046657663, 100., 0., 100., 100., 100.};