name="IMODE CEC20";
dim=10;
bound=2;
testID=2;
(*--------*)
min=0.18736332;
max=10.182428;
median=1.988525345;
mean=2.754122288;
std=2.8818598351762854;
(*--------*)
data={0.37472665, 0.37472665, 3.7272329, 3.6647785, 0.37472665, 3.602324, 0.18736332, 7.0172847, 10.182428, 3.7272329, 3.7272329, 0.37472665, 0.43718109, 0.24981776, 0.31227221, 3.5398696, 6.9548303, 0.31227221, 0.24981776, 0.31227221, 6.8923758, 7.0172847, 3.602324, 3.6647785, 7.0172847, 0.24981776, 3.5398696, 0.31227221, 0.37472665, 0.24981776};