name="IMODE CEC20";
dim=10;
bound=2;
testID=6;
(*--------*)
min=0.040823914;
max=0.35302049;
median=0.101808515;
mean=0.12423838360000003;
std=0.07969541399731817;
(*--------*)
data={0.10055077, 0.080022293, 0.056424697, 0.093655438, 0.055642905, 0.068931189, 0.31448737, 0.10257151, 0.16970826, 0.26759066, 0.18849042, 0.17446534, 0.10804863, 0.048250982, 0.16357118, 0.040823914, 0.069080259, 0.084631242, 0.35302049, 0.10300209, 0.10228281, 0.043185368, 0.10133422, 0.19697279, 0.13770855, 0.20210484, 0.058745603, 0.065169383, 0.1110403, 0.065638005};