name="IMODE CEC20";
dim=10;
bound=0;
testID=6;
(*--------*)
min=0.024426222;
max=0.2605447;
median=0.086382607;
mean=0.11256119286666669;
std=0.07064994125805424;
(*--------*)
data={0.14000491, 0.25685951, 0.21319798, 0.089030773, 0.085684367, 0.083101554, 0.17206112, 0.16500844, 0.050933694, 0.089621584, 0.17759068, 0.047268956, 0.21800208, 0.080293813, 0.060203495, 0.1451526, 0.05916475, 0.052700155, 0.16916786, 0.036805228, 0.087080847, 0.13500788, 0.21400198, 0.024426222, 0.056422435, 0.2605447, 0.047136935, 0.033557495, 0.083893973, 0.04290977};