name="IMODE CEC20";
dim=10;
bound=3;
testID=8;
(*--------*)
min=0.;
max=35.537054;
median=0.;
mean=2.3056853;
std=7.710730606346444;
(*--------*)
data={0., 0., 0., 11.563057, 0., 0., 0., 0., 0., 0., 0., 0., 0., 0., 0., 0., 22.070448, 0., 0., 0., 0., 0., 0., 0., 0., 0., 35.537054, 0., 0., 0.};