name="IMODE CEC20";
dim=10;
bound=5;
testID=3;
(*--------*)
min=11.53011;
max=14.036111;
median=12.4426995;
mean=12.451986499999999;
std=0.6323121515835274;
(*--------*)
data={13.041145, 13.318608, 11.687218, 13.41024, 11.53011, 12.916791, 11.749432, 11.982001, 12.935994, 11.902101, 11.558568, 12.021935, 12.41276, 12.076175, 11.772821, 12.348925, 11.904687, 12.880382, 12.480177, 12.515336, 12.472639, 13.125298, 12.137615, 12.94534, 14.036111, 13.097957, 12.865619, 12.529583, 12.261057, 11.64297};