name="IMODE CEC20";
dim=10;
bound=4;
testID=6;
(*--------*)
min=0.026873036;
max=0.30971958;
median=0.11506668;
mean=0.1303716257333333;
std=0.071759606474861;
(*--------*)
data={0.094910207, 0.30971958, 0.1167517, 0.027781072, 0.080388951, 0.15765507, 0.062617594, 0.20932249, 0.089207653, 0.083184196, 0.14916112, 0.11603587, 0.16085626, 0.11202047, 0.026873036, 0.10810142, 0.056915616, 0.15884347, 0.10146963, 0.15994422, 0.14436978, 0.16896932, 0.29335694, 0.12671669, 0.17340759, 0.11409749, 0.10496482, 0.081999697, 0.03614986, 0.28535696};