name="IMODE CEC20";
dim=10;
bound=4;
testID=2;
(*--------*)
min=0.18736332;
max=6.9548303;
median=3.5086423499999997;
mean=2.6111448533333337;
std=2.1586053882637213;
(*--------*)
data={0.24981776, 0.37472665, 3.5398696, 3.7272329, 3.5398696, 3.5398696, 3.602324, 0.31227221, 0.31227221, 3.7272329, 0.24981776, 6.9548303, 0.31227221, 0.37472665, 3.6647785, 6.9548303, 3.4774151, 3.4774151, 3.6647785, 0.18736332, 0.37472665, 0.18736332, 0.37472665, 3.5398696, 3.4774151, 3.6647785, 0.31227221, 3.6647785, 6.9548303, 3.5398696};