name="IMODE CEC20";
dim=10;
bound=5;
testID=8;
(*--------*)
min=0.;
max=22.594979;
median=0.;
mean=4.255739166666666;
std=8.05286154176432;
(*--------*)
data={0., 15.181496, 0., 0., 0., 18.723293, 0., 0., 0., 0., 0., 0., 20.291038, 11.563057, 0., 0., 0., 0., 0., 0., 22.594979, 0., 0., 0., 0., 0., 22.303048, 0., 17.015264, 0.};