name="IMODE CEC20";
dim=10;
bound=2;
testID=7;
(*--------*)
min=6.486142*^-6;
max=0.002899959;
median=0.00035885488499999996;
mean=0.0007091248553333335;
std=0.000787741465213455;
(*--------*)
data={0.0010614707, 6.486142*^-6, 0.00028855903, 0.00017058095, 0.00047470719, 0.00023929989, 0.0020167591, 0.000080719946, 0.000082109329, 0.00033225578, 0.00090383631, 0.002899959, 0.000039463812, 0.00025869153, 0.00037672391, 0.00035171763, 0.00096029317, 0.00015690937, 0.0024177307, 0.0017937671, 0.00035209634, 0.00055754805, 0.00067515979, 0.000069137561, 0.0022202853, 0.00025300941, 0.00050409777, 0.0012254267, 0.00036561343, 0.00013933072};