name="IMODE CEC20";
dim=10;
bound=1;
testID=2;
(*--------*)
min=0.062454441;
max=10.424417;
median=3.5710968;
mean=3.2668124494000006;
std=2.5342643126458286;
(*--------*)
data={3.7272329, 0.43718109, 3.6647785, 6.8299214, 0.062454441, 0.18736332, 3.7272329, 0.24981776, 0.37472665, 3.5398696, 3.7272329, 0.062454441, 3.7272329, 3.5398696, 3.6647785, 3.602324, 3.7272329, 3.6647785, 3.5398696, 6.8923758, 3.602324, 0.24981776, 3.4774151, 6.8299214, 6.7674669, 10.424417, 3.5398696, 0.31227221, 3.5398696, 0.31227221};