name="IMODE CEC20";
dim=10;
bound=0;
testID=7;
(*--------*)
min=0.000042405727;
max=0.0031125647;
median=0.00044591982999999996;
mean=0.0008576606569000001;
std=0.0009715701569515405;
(*--------*)
data={0.00022462146, 0.00038439917, 0.000099106656, 0.0020259056, 0.000087588143, 0.00016169192, 0.00024544501, 0.00045126585, 0.000054090002, 0.00045869671, 0.00038224392, 0.00023177133, 0.000042405727, 0.0013373866, 0.00080875083, 0.0024331682, 0.0030049095, 0.00071795802, 0.00034679208, 0.00064735133, 0.00012870977, 0.00080856424, 0.00044057381, 0.000058691729, 0.00085754866, 0.0031125647, 0.0031073876, 0.00053574006, 0.0021400783, 0.00039441278};