name="IMODE CEC20";
dim=10;
bound=1;
testID=5;
(*--------*)
min=8.7981562*^-6;
max=1.4114093;
median=0.208618645;
mean=0.4159072990193066;
std=0.40628772397602947;
(*--------*)
data={0.41672623, 0.99570546, 0.62464762, 0.4169797, 0.41696487, 0.20882292, 0.41688118, 1.2031306, 0.00011119907, 1.2031052, 0.000015178943, 0.20841437, 0.20827729, 1.4114093, 0.2082242, 8.7981562*^-6, 0.62636488, 1.2037984, 0.20815471, 0.20820579, 0.00070137845, 0.41628993, 0.41628737, 0.20815119, 0.20815683, 0.62502359, 0.20828112, 0.00010508609, 0.20814306, 0.00013151987};