name="IMODE CEC20";
dim=10;
bound=2;
testID=9;
(*--------*)
min=0.;
max=100.;
median=28.3981945;
mean=51.305585267566116;
std=44.61102126962046;
(*--------*)
data={13.204136, 100., 100., 26.792549, 46.96124, 29.960213, 0.000034086458, 18.941322, 100., 26.836176, 0., 23.250216, 100., 9.1895527*^-7, 0., 0.000084791843, 100., 100., 100., 26.80251, 100., 13.196897, 100., 100., 100., 100., 0.000068229727, 100., 0., 13.222111};