name="IMODE CEC20";
dim=10;
bound=1;
testID=6;
(*--------*)
min=0.025520411;
max=0.34981001;
median=0.088774876;
mean=0.11730426286666665;
std=0.0820844619317544;
(*--------*)
data={0.12660147, 0.059682897, 0.048483023, 0.076990319, 0.079490342, 0.12663681, 0.055573679, 0.13498548, 0.18260028, 0.17236518, 0.028688208, 0.21378475, 0.027359365, 0.11868891, 0.069460732, 0.074520784, 0.058950138, 0.19180603, 0.076828931, 0.0639448, 0.18942378, 0.34981001, 0.025520411, 0.057207899, 0.30441084, 0.026194998, 0.23914817, 0.11698842, 0.12492182, 0.09805941};