name="IMODE CEC20";
dim=10;
bound=2;
testID=8;
(*--------*)
min=0.;
max=35.132958;
median=0.;
mean=2.7693977333333333;
std=7.897431847945437;
(*--------*)
data={0., 0., 35.132958, 11.563057, 0., 0., 0., 0., 0., 0., 0., 16.094879, 0., 0., 0., 0., 0., 0., 0., 0., 0., 0., 0., 0., 0., 0., 0., 20.291038, 0., 0.};