name="IMODE CEC20";
dim=10;
bound=4;
testID=8;
(*--------*)
min=0.;
max=49.962401;
median=0.;
mean=7.707580699999999;
std=15.531999281203854;
(*--------*)
data={47.863829, 0., 0., 0., 0., 0., 0., 0., 0., 36.936225, 0., 0., 0., 22.85043, 0., 0., 0., 11.396522, 49.962401, 0., 0., 0., 0., 0., 0., 26.68096, 35.537054, 0., 0., 0.};