name="IMODE CEC20";
dim=10;
bound=3;
testID=5;
(*--------*)
min=0.00004083393;
max=1.4112462;
median=0.20859338500000002;
mean=0.4474589603280001;
std=0.4273386745069228;
(*--------*)
data={0.00017175108, 0.20847338, 0.99506794, 0.62457407, 1.2036655, 0.20814328, 0.41628972, 0.41673025, 0.00024438846, 0.20815565, 0.00043606776, 0.20823493, 0.20865226, 0.99553693, 1.2031562, 1.2032294, 0.20853451, 1.4112462, 0.20816081, 0.41661287, 0.62452341, 0.41635156, 0.20828422, 0.20828855, 0.20841012, 0.20887804, 0.00004083393, 0.99524227, 0.20814763, 0.00028606861};