name="IMODE CEC20";
dim=5;
bound=3;
testID=10;
(*--------*)
min=100.00395;
max=347.36692;
median=347.36692;
mean=316.58934700000015;
std=62.797640940378635;
(*--------*)
data={347.36692, 347.36692, 347.36692, 300., 347.36692, 347.36692, 300., 347.36692, 347.36692, 347.36692, 347.36692, 300., 300., 347.36692, 347.36692, 300., 300., 347.36692, 100.03441, 347.36692, 300., 347.36692, 100.00395, 300., 347.36692, 347.36692, 347.36692, 297.67057, 347.36692, 347.36692};