name="IMODE CEC20";
dim=5;
bound=4;
testID=10;
(*--------*)
min=100.00246;
max=347.36692;
median=347.36692;
mean=298.59789666666677;
std=82.17150998283475;
(*--------*)
data={347.36692, 347.36692, 300., 347.36692, 300., 347.36692, 300., 300., 300., 100.01367, 347.36692, 347.36692, 300., 347.36692, 300., 300., 347.36692, 347.36692, 100.03326, 347.36692, 347.36692, 347.36692, 100.01679, 347.36692, 100.00246, 347.36692, 300., 347.36692, 300., 347.36692};