name="IMODE CEC20";
dim=5;
bound=0;
testID=10;
(*--------*)
min=0.;
max=347.36692;
median=323.68345999999997;
mean=243.6849843333334;
std=136.26731540342868;
(*--------*)
data={347.36692, 347.36692, 100.001, 347.36692, 100.00535, 300., 347.36692, 0., 300., 347.36692, 347.36692, 100.00075, 0., 300., 347.36692, 347.36692, 347.36692, 347.36692, 347.36692, 0., 347.36692, 347.36692, 100.03408, 347.36692, 0., 347.36692, 300., 100.00189, 300., 100.00266};