name="IMODE CEC20";
dim=5;
bound=5;
testID=10;
(*--------*)
min=100.00008;
max=347.36692;
median=347.36692;
mean=300.1749016666668;
std=82.657779158516;
(*--------*)
data={347.36692, 300., 100.00685, 347.36692, 300., 347.36692, 300., 347.36692, 100.00008, 347.36692, 100.00138, 300., 300., 347.36692, 347.36692, 347.36692, 347.36692, 300., 347.36692, 347.36692, 347.36692, 300., 347.36692, 300., 300., 347.36692, 347.36692, 100.0011, 347.36692, 347.36692};