name="IMODE CEC20";
dim=5;
bound=0;
testID=2;
(*--------*)
min=0.;
max=0.24979797;
median=0.12489898;
mean=0.08748665233333333;
std=0.08773163275700926;
(*--------*)
data={0.1266199, 0., 0., 0.12489899, 0., 0.24979797, 0., 0.12489899, 0.12489898, 0.12489898, 0., 0., 0.12489898, 0., 0.12489898, 0., 0.12489898, 0.12489898, 0.12489898, 0.12489898, 0.24979797, 0.12489898, 0., 0.24979797, 0., 0., 0., 0.12489899, 0.24979797, 0.};