name="IMODE CEC20";
dim=5;
bound=1;
testID=10;
(*--------*)
min=0.;
max=347.36692;
median=347.36692;
mean=282.06787366666674;
std=114.49387712381699;
(*--------*)
data={347.36692, 347.36692, 300., 347.36692, 347.36692, 300., 300., 347.36692, 347.36692, 347.36692, 300., 347.36692, 347.36692, 347.36692, 0., 347.36692, 347.36692, 300., 347.36692, 100.01566, 347.36692, 347.36692, 259.08353, 0., 347.36692, 297.67057, 347.36692, 0., 100.02881, 300.};