name="IMODE CEC20";
dim=5;
bound=3;
testID=2;
(*--------*)
min=0.;
max=0.37469695;
median=0.0039806884775325;
mean=0.0793680682318355;
std=0.10080317318473338;
(*--------*)
data={0.12489898, 0., 0.12489898, 0.12489898, 0.12489898, 0., 0.12489898, 0., 0.12489898, 0.12489898, 0., 0., 0.37469695, 0.12489899, 0., 0.24979797, 0., 0.24979797, 1.3455065*^-8, 0., 0., 0., 0.0079613635, 0., 0.12489898, 0., 0., 0.12489898, 0.24979797, 0.};