name="IMODE CEC20";
dim=5;
bound=4;
testID=9;
(*--------*)
min=0.;
max=61.405882;
median=0.;
mean=2.046862733333333;
std=11.211128911633487;
(*--------*)
data={0., 0., 0., 0., 0., 0., 0., 0., 61.405882, 0., 0., 0., 0., 0., 0., 0., 0., 0., 0., 0., 0., 0., 0., 0., 0., 0., 0., 0., 0., 0.};