name="IMODE CEC20";
dim=5;
bound=2;
testID=2;
(*--------*)
min=0.;
max=0.37469696;
median=0.12489898;
mean=0.10482783966666671;
std=0.09910110588220272;
(*--------*)
data={0., 0.24979797, 0.12489898, 0.12489898, 0.12489898, 0.12489898, 0., 0.24979797, 0.14725961, 0., 0., 0.12489898, 0.37469696, 0., 0., 0.24979797, 0.12489898, 0., 0.24979797, 0., 0.12489898, 0.12489898, 0.12489898, 0., 0.12489898, 0.12489898, 0., 0.12489898, 0.12489898, 0.};