name="IMODE CEC20";
dim=5;
bound=1;
testID=2;
(*--------*)
min=0.;
max=0.24979797;
median=0.12489898;
mean=0.12073568300000005;
std=0.08972685645395634;
(*--------*)
data={0.24979797, 0.12489898, 0.12489898, 0.12489898, 0., 0.12489898, 0.24979797, 0.24979797, 0.24979797, 0., 0.12489898, 0., 0., 0., 0., 0.12489898, 0.12489898, 0.12489898, 0.24979797, 0.12489898, 0.12489898, 0., 0.12489898, 0., 0.24979797, 0.12489898, 0.24979797, 0.12489898, 0.12489898, 0.12489898};