name="IMODE CEC20";
dim=5;
bound=2;
testID=3;
(*--------*)
min=5.148228;
max=5.148228;
median=5.148228;
mean=5.148228;
std=0.;
(*--------*)
data={5.148228, 5.148228, 5.148228, 5.148228, 5.148228, 5.148228, 5.148228, 5.148228, 5.148228, 5.148228, 5.148228, 5.148228, 5.148228, 5.148228, 5.148228, 5.148228, 5.148228, 5.148228, 5.148228, 5.148228, 5.148228, 5.148228, 5.148228, 5.148228, 5.148228, 5.148228, 5.148228, 5.148228, 5.148228, 5.148228};