name="IMODE CEC20";
dim=5;
bound=5;
testID=2;
(*--------*)
min=0.;
max=0.12489899;
median=0.12489898;
mean=0.07493938866666668;
std=0.06223377491769261;
(*--------*)
data={0.12489898, 0., 0.12489898, 0.12489898, 0.12489899, 0.12489898, 0.12489899, 0.12489898, 0., 0.12489898, 0.12489898, 0.12489898, 0.12489898, 0., 0., 0., 0.12489898, 0., 0.12489898, 0.12489898, 0.12489898, 0., 0.12489898, 0., 0., 0., 0., 0., 0.12489898, 0.12489898};