name="IMODE CEC20";
dim=5;
bound=4;
testID=2;
(*--------*)
min=0.;
max=0.37469695;
median=0.12489898;
mean=0.08326598766666668;
std=0.09468567465729474;
(*--------*)
data={0.12489898, 0.12489898, 0., 0.12489898, 0., 0.37469695, 0.12489898, 0.12489898, 0.12489898, 0., 0.12489898, 0., 0.12489898, 0.12489898, 0., 0.12489898, 0., 0., 0.12489898, 0.24979797, 0., 0., 0.24979797, 0., 0., 0., 0., 0.12489898, 0., 0.12489898};