name="IMODE CEC20";
dim=5;
bound=2;
testID=10;
(*--------*)
min=0.;
max=347.36692;
median=323.68345999999997;
mean=276.2597923333334;
std=113.22135388128645;
(*--------*)
data={259.08353, 100.0131, 347.36692, 347.36692, 259.08353, 300., 300., 347.36692, 347.36692, 300., 347.36692, 0., 347.36692, 0., 347.36692, 347.36692, 0., 347.36692, 347.36692, 347.36692, 300., 347.36692, 259.08353, 300., 347.36692, 100.02628, 347.36692, 300., 300., 347.36692};