name="IMODE CEC20";
dim=5;
bound=5;
testID=3;
(*--------*)
min=0.99496155;
max=5.148228;
median=5.148228;
mean=5.009785785;
std=0.758279240664801;
(*--------*)
data={5.148228, 5.148228, 5.148228, 5.148228, 5.148228, 5.148228, 5.148228, 5.148228, 5.148228, 5.148228, 5.148228, 0.99496155, 5.148228, 5.148228, 5.148228, 5.148228, 5.148228, 5.148228, 5.148228, 5.148228, 5.148228, 5.148228, 5.148228, 5.148228, 5.148228, 5.148228, 5.148228, 5.148228, 5.148228, 5.148228};