name="IMODE CEC20";
dim=5;
bound=3;
testID=9;
(*--------*)
min=0.;
max=44.686778;
median=0.;
mean=1.4895592666666666;
std=8.158652110941864;
(*--------*)
data={0., 0., 0., 0., 0., 0., 0., 0., 0., 0., 0., 0., 0., 0., 44.686778, 0., 0., 0., 0., 0., 0., 0., 0., 0., 0., 0., 0., 0., 0., 0.};