name="IMODE CEC20";
dim=5;
bound=4;
testID=3;
(*--------*)
min=0.;
max=5.148228;
median=5.148228;
mean=4.9766204;
std=0.9399335355932357;
(*--------*)
data={5.148228, 5.148228, 5.148228, 5.148228, 5.148228, 5.148228, 5.148228, 5.148228, 5.148228, 5.148228, 5.148228, 5.148228, 5.148228, 0., 5.148228, 5.148228, 5.148228, 5.148228, 5.148228, 5.148228, 5.148228, 5.148228, 5.148228, 5.148228, 5.148228, 5.148228, 5.148228, 5.148228, 5.148228, 5.148228};