name="jSO CEC17";
dim=20;
bound=1;
testID=2;
(*--------*)
min=0.;
max=0.06245692;
median=0.03122846;
mean=0.01967763766666667;
std=0.018965356987339085;
(*--------*)
data={0., 0.03122846, 0., 0.03122846, 0.03122846, 0.03150985, 0., 0., 0., 0.03122846, 0., 0.03122846, 0., 0.03122846, 0.03122846, 0.03122846, 0.05916392, 0., 0.03122846, 0.03122846, 0., 0.06245692, 0., 0., 0.03122846, 0.03122846, 0.03122846, 0., 0., 0.03122846};