name="jSO CEC17";
dim=20;
bound=3;
testID=3;
(*--------*)
min=0.;
max=20.38721535;
median=20.38721535;
mean=16.989346125000008;
std=7.727754035428396;
(*--------*)
data={20.38721535, 20.38721535, 20.38721535, 20.38721535, 20.38721535, 0., 20.38721535, 0., 20.38721535, 20.38721535, 0., 20.38721535, 0., 20.38721535, 20.38721535, 20.38721535, 20.38721535, 20.38721535, 20.38721535, 20.38721535, 20.38721535, 20.38721535, 20.38721535, 20.38721535, 0., 20.38721535, 20.38721535, 20.38721535, 20.38721535, 20.38721535};