name="jSO CEC17";
dim=20;
bound=4;
testID=10;
(*--------*)
min=399.00795352;
max=400.82110675;
median=399.04136354;
mean=399.11746770999997;
std=0.3242934301587059;
(*--------*)
data={399.04136354, 399.04136354, 399.04136354, 399.13961244, 400.82110675, 399.08348391, 399.04136354, 399.11297655, 399.04136354, 399.00795352, 399.04136354, 399.14816277, 399.05629416, 399.13961244, 399.13911726, 399.00795352, 399.04136354, 399.04136354, 399.02968889, 399.00795352, 399.00795352, 399.09362004, 399.05396194, 399.04136354, 399.04136354, 399.0713366, 399.05629416, 399.04136354, 399.04136354, 399.05058683};