name="jSO CEC17";
dim=20;
bound=0;
testID=5;
(*--------*)
min=1.30721477;
max=190.81322065;
median=68.153154695;
mean=82.875515583;
std=65.46248333644623;
(*--------*)
data={100.5842139, 19.89616887, 154.91322332, 1.30721477, 94.73821161, 153.39739082, 167.09231205, 82.40159475, 43.30540048, 140.41133718, 50.54195308, 53.90471464, 8.16784919, 2.19808859, 166.07394918, 11.87168473, 15.25835198, 33.3860165, 166.27870728, 2.30217382, 35.33268551, 190.81322065, 100.55194366, 29.32885012, 183.21856092, 131.60268325, 154.63310412, 20.71058399, 30.82130792, 141.22197061};