name="jSO CEC17";
dim=20;
bound=2;
testID=10;
(*--------*)
min=399.00795352;
max=410.0354855;
median=399.04283786;
mean=399.4645524096666;
std=2.012166908058512;
(*--------*)
data={399.06069925, 400.42070514, 399.04136354, 399.05629416, 399.04136354, 399.03793846, 399.04136354, 399.07424049, 410.0354855, 399.04136354, 399.05396194, 399.10202237, 399.04136354, 399.04136354, 399.09287014, 399.04136354, 399.04136354, 399.06069925, 399.04136354, 399.04431218, 399.00795352, 399.04136354, 399.05767205, 399.04136354, 399.07424049, 399.05629416, 399.04136354, 399.06575738, 399.04136354, 399.09769979};