name="jSO CEC17";
dim=20;
bound=2;
testID=8;
(*--------*)
min=31.00406508;
max=100.;
median=100.;
mean=93.666302453;
std=19.485724387409192;
(*--------*)
data={100., 100., 100., 100., 47.61127302, 100., 100., 100., 100., 100., 100., 100., 100., 31.37373549, 100., 100., 100., 100., 100., 100., 100., 100., 100., 100., 100., 100., 100., 100., 31.00406508, 100.};