name="jSO CEC17";
dim=20;
bound=4;
testID=5;
(*--------*)
min=1.20312953;
max=203.55956093;
median=25.886710445;
mean=57.99587211733332;
std=62.28438190504641;
(*--------*)
data={12.27347481, 29.07371498, 203.55956093, 11.27851575, 31.66421679, 42.44236101, 120.74050844, 127.60113157, 131.60268325, 124.98766008, 2.19808859, 8.88434814, 12.27347481, 3.40121813, 6.99851526, 161.08639308, 130.95201104, 53.44592249, 3.19304764, 22.59562581, 25.58049794, 18.47490816, 3.29713288, 155.93459574, 129.08975668, 1.20312953, 120.84462386, 12.16938957, 26.19292295, 6.83673361};