name="jSO CEC17";
dim=20;
bound=1;
testID=7;
(*--------*)
min=0.01730869;
max=37.81082381;
median=0.343570625;
mean=7.067201162999999;
std=11.643664346396738;
(*--------*)
data={0.18100965, 37.50903124, 0.04147013, 0.3194875, 0.179559, 0.33142295, 0.16301152, 37.81082381, 8.56466276, 16.93896824, 0.33219867, 8.38850827, 16.92644376, 25.254947, 0.18713079, 16.93810265, 0.19226911, 29.53089788, 0.32381055, 0.16520533, 0.63092314, 0.3842603, 0.18176258, 8.81403085, 0.34210161, 0.20116299, 0.47544203, 0.34504225, 0.01730869, 0.34503964};