name="jSO CEC17";
dim=20;
bound=5;
testID=8;
(*--------*)
min=0.;
max=100.;
median=100.;
mean=93.33333333333333;
std=25.370813170246244;
(*--------*)
data={100., 100., 0., 100., 100., 100., 100., 100., 100., 100., 100., 100., 100., 100., 100., 100., 100., 100., 100., 100., 0., 100., 100., 100., 100., 100., 100., 100., 100., 100.};