name="jSO CEC17";
dim=20;
bound=2;
testID=6;
(*--------*)
min=0.08047272;
max=0.41266494;
median=0.161470365;
mean=0.18909514266666663;
std=0.08846101157452932;
(*--------*)
data={0.1245302, 0.18216242, 0.22790382, 0.11792397, 0.13979696, 0.15835072, 0.16320723, 0.19946328, 0.08047272, 0.28428072, 0.17311982, 0.27202067, 0.25233798, 0.19132434, 0.23833711, 0.41266494, 0.15804979, 0.09228832, 0.1122785, 0.12465141, 0.13807687, 0.11130879, 0.18129072, 0.38147587, 0.38072366, 0.09617594, 0.15162407, 0.26669058, 0.1597335, 0.10058936};