name="jSO CEC17";
dim=20;
bound=4;
testID=3;
(*--------*)
min=0.;
max=20.38721535;
median=20.38721535;
mean=17.10847546600001;
std=7.147215196615366;
(*--------*)
data={20.38721535, 0., 20.38721535, 20.38721535, 20.38721535, 11.9380866, 20.38721535, 20.38721535, 0., 20.38721535, 0., 20.38721535, 20.38721535, 20.38721535, 20.38721535, 12.02300898, 0., 20.38721535, 20.38721535, 20.38721535, 20.38721535, 20.38721535, 20.38721535, 20.38721535, 20.38721535, 20.38721535, 20.38721535, 20.38721535, 20.38721535, 20.38721535};