name="jSO CEC17";
dim=20;
bound=4;
testID=4;
(*--------*)
min=0.02989903;
max=0.37523309;
median=0.17437852999999998;
mean=0.1815615833333334;
std=0.09105171507719256;
(*--------*)
data={0.22105828, 0.23397073, 0.23755722, 0.37523309, 0.05011376, 0.15702971, 0.0748739, 0.10954671, 0.17462022, 0.21669486, 0.12611414, 0.11207567, 0.24246021, 0.09502594, 0.34507408, 0.17413684, 0.10375203, 0.21437675, 0.32038372, 0.02989903, 0.07675067, 0.30268056, 0.20181687, 0.12752591, 0.14138944, 0.32390889, 0.13408992, 0.21408334, 0.08862325, 0.22198176};