name="jSO CEC17";
dim=20;
bound=4;
testID=6;
(*--------*)
min=0.05415717;
max=0.48151795;
median=0.15764723;
mean=0.21138706366666668;
std=0.12097429106777717;
(*--------*)
data={0.14766883, 0.48151795, 0.38930509, 0.22086151, 0.22028609, 0.3013158, 0.45897048, 0.22337128, 0.11372125, 0.05828411, 0.30652049, 0.13897556, 0.15759051, 0.13270907, 0.14660547, 0.09271838, 0.2640656, 0.19984137, 0.31863919, 0.12145773, 0.28863002, 0.44590351, 0.12882709, 0.15770395, 0.10175579, 0.12291671, 0.05415717, 0.15364306, 0.07454859, 0.31910026};