name="jSO CEC17";
dim=20;
bound=3;
testID=4;
(*--------*)
min=0.06605203;
max=0.31230865;
median=0.17186117499999998;
mean=0.18952228666666668;
std=0.07018990367197536;
(*--------*)
data={0.29044519, 0.20887085, 0.24750944, 0.107969, 0.13271741, 0.29254158, 0.11331359, 0.16811025, 0.13303019, 0.29409398, 0.13479841, 0.06605203, 0.2563552, 0.28542979, 0.16201428, 0.24562912, 0.1229065, 0.21216512, 0.31230865, 0.14850221, 0.09049577, 0.26327959, 0.1176361, 0.16788013, 0.1756121, 0.14572713, 0.19497362, 0.13029812, 0.24518958, 0.21981367};