name="jSO CEC17";
dim=20;
bound=5;
testID=5;
(*--------*)
min=1.09915184;
max=168.66468631;
median=36.48741987;
mean=55.54797569666666;
std=55.352033054165;
(*--------*)
data={127.86878594, 2.19808859, 144.52717233, 151.30964086, 129.45746514, 168.66468631, 48.77746256, 7.78530385, 44.38179619, 3.08896241, 39.41295389, 3.29713288, 28.18284107, 27.18788201, 147.37511541, 53.82364884, 23.25027615, 13.26843387, 7.57713337, 40.00828586, 6.28200501, 56.72338008, 15.46651742, 112.23592373, 19.58489913, 51.49289438, 1.09915184, 145.3851973, 33.56188585, 13.16434863};