name="jSO CEC17";
dim=20;
bound=5;
testID=2;
(*--------*)
min=0.;
max=0.03122846;
median=0.;
mean=0.007286640666666668;
std=0.013433954705235932;
(*--------*)
data={0.03122846, 0., 0., 0., 0., 0., 0., 0., 0., 0., 0., 0., 0.03122846, 0.03122846, 0.03122846, 0., 0., 0.03122846, 0.03122846, 0., 0., 0., 0., 0., 0., 0.03122846, 0., 0., 0., 0.};