name="jSO CEC17";
dim=20;
bound=3;
testID=7;
(*--------*)
min=0.02252583;
max=16.95821487;
median=0.38455422;
mean=2.5671042529999997;
std=4.849374348388176;
(*--------*)
data={0.31456143, 0.49176217, 0.18134719, 0.34047351, 0.3582744, 0.37045932, 0.39864912, 16.95821487, 0.34525127, 0.40009841, 0.47872266, 0.7143801, 0.34400509, 16.92783174, 8.76243257, 0.02252583, 0.18561685, 8.85995755, 0.20495611, 0.34167372, 0.2676864, 8.56349362, 0.5033277, 0.16394666, 8.56521285, 0.50053223, 0.02323082, 0.6452359, 0.36239385, 0.41687365};