name="jSO CEC17";
dim=20;
bound=4;
testID=2;
(*--------*)
min=0.;
max=0.09368537;
median=0.01561423;
mean=0.019778024333333335;
std=0.02388635119980412;
(*--------*)
data={0., 0.03122846, 0.03122846, 0.06245692, 0.03122846, 0., 0., 0.03122846, 0.03122846, 0., 0.03122846, 0., 0., 0., 0.03122846, 0.03122846, 0.03122846, 0., 0.03122846, 0., 0.03122846, 0., 0.09368537, 0., 0., 0.03122846, 0., 0., 0., 0.06245692};