name="jSO CEC17";
dim=20;
bound=4;
testID=9;
(*--------*)
min=100.;
max=413.51507276;
median=405.09761385499996;
mean=291.9105588006667;
std=139.77572162367494;
(*--------*)
data={408.32228887, 409.57281607, 411.95275333, 200., 100., 407.92433129, 407.59791427, 100., 100., 408.6052528, 210.99392255, 100., 407.34205047, 409.67379436, 410.21336917, 100., 100., 100., 411.11593559, 404.22225009, 413.51507276, 100., 408.77060556, 407.74960662, 405.97297762, 200., 404.13262385, 200., 409.63919875, 200.};