name="jSO CEC17";
dim=20;
bound=5;
testID=7;
(*--------*)
min=0.00524884;
max=46.04209172;
median=0.48124928;
mean=4.667553133666667;
std=9.53729101284948;
(*--------*)
data={8.6693607, 0.32475477, 8.70504374, 0.4932938, 0.3592946, 8.59540108, 0.46920476, 0.49727466, 0.24328322, 0.37955542, 8.69912284, 46.04209172, 8.67170142, 0.18657135, 0.3233426, 0.36108388, 0.51792938, 8.71506839, 0.00524884, 0.35010871, 0.50350711, 25.33023823, 0.6481705, 0.40191575, 0.32254093, 0.26186702, 8.65433701, 0.39472618, 0.39477604, 0.50577936};