name="jSO CEC17";
dim=20;
bound=0;
testID=9;
(*--------*)
min=100.;
max=419.19662619;
median=405.084307825;
mean=315.646875175;
std=136.20748750605185;
(*--------*)
data={409.40196837, 403.19681137, 100., 419.19662619, 409.74093634, 409.4462573, 408.94861245, 100., 200.67149521, 404.06843563, 100., 100., 408.3026517, 200., 405.24815709, 407.92596766, 409.96183784, 100., 402.64518219, 407.92640957, 406.57248881, 100., 410.91990564, 402.90266512, 410.80192163, 415.70923026, 410.89823632, 200., 100., 404.92045856};