name="jSO CEC17";
dim=20;
bound=0;
testID=8;
(*--------*)
min=0.;
max=100.;
median=100.;
mean=90.29132129266668;
std=27.52168166892382;
(*--------*)
data={100., 100., 100., 100., 100., 100., 100., 0., 100., 100., 100., 100., 100., 100., 100., 100., 100., 100., 100., 100., 100., 100., 100., 0., 100., 100., 72.10921618, 36.6304226, 100., 100.};