name="jSO CEC17";
dim=20;
bound=2;
testID=7;
(*--------*)
min=0.00830208;
max=17.10467592;
median=0.384721315;
mean=2.823779601333334;
std=4.454946145543173;
(*--------*)
data={0.48572691, 0.00830208, 8.70652444, 0.50105624, 0.41593211, 8.48299306, 0.35351052, 8.58107459, 0.33062538, 0.02735506, 0.34019897, 0.32145506, 0.33818057, 0.52704522, 0.52709899, 0.18049144, 0.34323869, 0.16678994, 0.03226322, 0.32864995, 0.34177703, 17.10467592, 0.33655298, 8.5491165, 0.58122787, 8.62052127, 8.71731337, 0.33229488, 0.50620387, 8.62519191};