name="jSO CEC17";
dim=20;
bound=0;
testID=7;
(*--------*)
min=0.03704001;
max=29.35760184;
median=0.57026953;
mean=6.299232778333335;
std=9.278813115217154;
(*--------*)
data={8.5603834, 29.32378666, 0.32279131, 0.17580269, 0.03704001, 0.33011659, 0.47291039, 0.19883083, 8.38278182, 16.92874929, 8.56502902, 0.49656226, 0.18174413, 8.71675384, 0.52379621, 0.40058156, 0.62985215, 0.59847653, 0.63200474, 0.03780559, 17.09590088, 29.29583898, 0.54206253, 8.84714309, 29.35760184, 0.1694391, 8.71042779, 0.36411128, 8.8562642, 0.22239464};