name="jSO CEC17";
dim=20;
bound=1;
testID=6;
(*--------*)
min=0.14143217;
max=0.51684429;
median=0.32085778;
mean=0.3267308790000001;
std=0.10588147471135322;
(*--------*)
data={0.19743626, 0.51684429, 0.14557155, 0.18969621, 0.31612619, 0.50945115, 0.35611532, 0.14143217, 0.46657594, 0.38422901, 0.48946862, 0.27260256, 0.46561548, 0.39248398, 0.16479313, 0.31750576, 0.37124614, 0.31050609, 0.32972108, 0.3242098, 0.33757105, 0.26041508, 0.25719945, 0.23841144, 0.41528356, 0.26916145, 0.24987297, 0.41171693, 0.40009451, 0.3005692};