name="jSO CEC17";
dim=20;
bound=5;
testID=9;
(*--------*)
min=100.;
max=415.41762338;
median=405.82437292;
mean=292.1376360563334;
std=147.24177438327487;
(*--------*)
data={405.89472046, 404.3322084, 105.82435609, 100., 100., 100., 100., 100., 407.33236084, 407.4689011, 404.39075889, 100., 406.16455752, 413.53884843, 100., 200.89552101, 410.47637066, 200., 408.43233949, 408.06324227, 413.68077314, 409.05380062, 407.62793005, 415.41762338, 100., 407.37520189, 100., 405.75402538, 414.18589803, 408.21964404};