name="jSO CEC17";
dim=20;
bound=1;
testID=4;
(*--------*)
min=0.03095211;
max=0.36058728;
median=0.15954243;
mean=0.17261747300000002;
std=0.08057915832227203;
(*--------*)
data={0.14430548, 0.28835131, 0.22734378, 0.14178694, 0.08389918, 0.15903412, 0.16923042, 0.16613801, 0.13420265, 0.36058728, 0.09528183, 0.20537796, 0.2183879, 0.18055492, 0.18239063, 0.19979436, 0.16005074, 0.09335313, 0.15288956, 0.17427217, 0.35484338, 0.15895812, 0.12039637, 0.12656318, 0.06216247, 0.11867318, 0.35268248, 0.03095211, 0.12570091, 0.19035962};