name="jSO CEC17";
dim=20;
bound=3;
testID=2;
(*--------*)
min=0.;
max=0.09368537;
median=0.01561423;
mean=0.020818973000000005;
std=0.025054453709760775;
(*--------*)
data={0.03122846, 0., 0.06245692, 0.03122846, 0.03122846, 0.03122846, 0., 0., 0., 0.03122846, 0., 0., 0., 0.03122846, 0., 0.03122846, 0.06245692, 0., 0., 0., 0.03122846, 0., 0.06245692, 0.03122846, 0.09368537, 0.03122846, 0., 0., 0., 0.03122846};