name="jSO CEC17";
dim=20;
bound=2;
testID=9;
(*--------*)
min=100.;
max=417.10842866;
median=402.29030318499997;
mean=292.18444659933334;
std=147.58382613043435;
(*--------*)
data={416.4300718, 100., 200.98534336, 100., 200.67899551, 400.83706913, 412.43086543, 100., 402.72753821, 410.03556176, 100., 394.4171232, 100., 100., 410.23123841, 401.85306816, 411.87537882, 100., 411.3344942, 411.09508297, 413.50496921, 101.667692, 100., 412.1579087, 405.39724752, 411.35311116, 410.70354652, 408.70866325, 100., 417.10842866};