name="jSO CEC17";
dim=20;
bound=4;
testID=7;
(*--------*)
min=0.01895121;
max=8.81265765;
median=0.38573486999999995;
mean=1.4831860556666665;
std=2.8944030989724943;
(*--------*)
data={8.5576498, 0.33567517, 0.39333475, 8.7251559, 0.41019755, 0.67854235, 0.3205932, 0.34896983, 8.81145574, 0.01895121, 0.25461986, 0.59257493, 0.22239674, 0.53088334, 0.5226387, 0.33248181, 0.33564008, 0.32836947, 0.37909951, 0.17308929, 8.81265765, 0.32830447, 0.53759175, 0.66396121, 0.02912105, 0.39237023, 0.21403796, 0.5597059, 0.4939746, 0.19153762};