name="jSO CEC17";
dim=20;
bound=3;
testID=8;
(*--------*)
min=48.62091436;
max=100.;
median=100.;
mean=96.809235008;
std=12.17793268406409;
(*--------*)
data={100., 100., 100., 100., 100., 100., 100., 100., 100., 100., 100., 100., 100., 100., 100., 55.65613588, 100., 100., 100., 100., 100., 100., 100., 100., 100., 100., 100., 100., 100., 48.62091436};