name="jSO CEC17";
dim=20;
bound=5;
testID=10;
(*--------*)
min=399.02968889;
max=399.18373027;
median=399.04136354;
mean=399.054047639;
std=0.03133682625812712;
(*--------*)
data={399.04136354, 399.04136354, 399.02968889, 399.04136354, 399.04136354, 399.0616607, 399.07424049, 399.04136354, 399.04136354, 399.05058683, 399.04136354, 399.05396194, 399.05916654, 399.06477464, 399.04136354, 399.04136354, 399.04136354, 399.04136354, 399.18373027, 399.04136354, 399.04136354, 399.04136354, 399.06219514, 399.04136354, 399.04136354, 399.05590403, 399.13961244, 399.04136354, 399.04136354, 399.04136354};