name="jSO CEC17";
dim=20;
bound=1;
testID=9;
(*--------*)
min=100.;
max=423.8553662;
median=412.53854468;
mean=395.9505341546666;
std=68.18572356368935;
(*--------*)
data={100., 408.10543345, 416.79309245, 411.79890653, 410.02635586, 413.12532472, 413.84251242, 416.84118145, 422.39595423, 414.00575203, 423.8553662, 408.85923069, 417.30068879, 410.09755212, 410.90997451, 410.78053705, 421.28198423, 200.78955882, 411.8054741, 417.01056862, 413.57529869, 415.69626323, 409.2036232, 407.43113608, 406.4433554, 413.93725711, 411.95176464, 413.15190245, 409.39662522, 418.10335035};