name="jSO CEC17";
dim=20;
bound=3;
testID=6;
(*--------*)
min=0.07426133;
max=0.3294262;
median=0.21092578;
mean=0.19226997233333332;
std=0.06475608009528148;
(*--------*)
data={0.22571294, 0.21781108, 0.24381271, 0.31072801, 0.11720051, 0.2304584, 0.26292806, 0.14662634, 0.14539005, 0.25258603, 0.2112932, 0.22153413, 0.13930183, 0.08954468, 0.21055836, 0.15343881, 0.11695939, 0.22919696, 0.3294262, 0.13549983, 0.21287563, 0.22638797, 0.15025249, 0.18959208, 0.13951866, 0.15221714, 0.26057591, 0.11123927, 0.07426133, 0.26117117};