name="jSO CEC17";
dim=20;
bound=3;
testID=9;
(*--------*)
min=100.;
max=417.26356777;
median=403.399808215;
mean=307.91787908066664;
std=136.07964660994583;
(*--------*)
data={100., 100., 200., 411.82819079, 404.99488291, 411.43681583, 405.63947523, 406.57633938, 399.48979318, 200., 100., 406.75648471, 402.96106637, 100., 403.39672144, 403.34269134, 100., 406.70740431, 200., 200., 415.86539061, 408.73240684, 406.67448009, 412.70645599, 100., 403.40289499, 403.97528726, 405.78602338, 417.26356777, 100.};