name="jSO CEC17";
dim=20;
bound=3;
testID=5;
(*--------*)
min=8.7802629;
max=256.19080202;
median=81.66892513;
mean=92.84673483899996;
std=59.97949244560929;
(*--------*)
data={125.77444866, 86.06313331, 50.01887644, 103.3501344, 13.26843389, 70.4312187, 81.92891253, 45.38925995, 81.40893773, 168.27138541, 55.00978934, 159.61241396, 54.53271442, 179.51573051, 50.68153028, 22.59562581, 119.64146414, 137.94383824, 256.19080202, 97.84996836, 21.49658241, 63.02355849, 173.79460057, 173.04838167, 8.7802629, 68.53954981, 13.26858779, 133.24654144, 69.74741478, 100.97794721};