name="jSO CEC17";
dim=20;
bound=3;
testID=10;
(*--------*)
min=399.00795352;
max=410.02859245;
median=399.05058683;
mean=399.4260465836667;
std=2.0027709281714507;
(*--------*)
data={399.00795352, 399.04136354, 410.02859245, 399.04136354, 399.04136354, 399.09128557, 399.05058683, 399.11297655, 399.05058683, 399.06650679, 399.06069925, 399.13961244, 399.1421485, 399.04136354, 399.05629416, 399.04136354, 399.1057051, 399.0616607, 399.02968889, 399.05058683, 399.05058683, 399.04136354, 399.02968889, 399.04136354, 399.04136354, 399.12275487, 399.04136354, 399.05060431, 399.05629416, 399.04431218};