name="jSO CEC17";
dim=20;
bound=1;
testID=5;
(*--------*)
min=1.30721477;
max=197.39222104;
median=83.57529515;
mean=82.40669646;
std=65.53014159532783;
(*--------*)
data={153.11516311, 141.97950996, 22.80607316, 120.29131864, 4.29209194, 131.83217151, 8.7802629, 138.93995707, 39.9260014, 26.29700819, 27.08379677, 146.06790065, 83.89126659, 27.08379677, 2.98488786, 183.02964059, 139.58981157, 2.5103443, 197.39222104, 6.17791978, 1.30721477, 139.28195485, 175.00923972, 115.67671946, 21.70702736, 23.97253089, 41.21141539, 83.25932371, 126.11955322, 140.58477063};