name="jSO CEC17";
dim=20;
bound=1;
testID=10;
(*--------*)
min=399.02968889;
max=410.02859245;
median=399.06629766000003;
mean=399.6770456016667;
std=2.1172317811955605;
(*--------*)
data={399.04136354, 399.04136354, 399.04136354, 399.04136354, 399.04136354, 399.12275487, 399.1421485, 399.07424049, 399.02968889, 399.04136354, 399.07424049, 399.04136354, 399.04136354, 399.04136354, 399.04136354, 399.14816277, 399.1421485, 400., 399.04136354, 399.09335168, 399.0616607, 399.07975047, 399.04136354, 402.62850651, 399.04475476, 399.07093462, 399.14323905, 401.78868232, 399.1421485, 410.02859245};