name="jSO CEC17";
dim=20;
bound=0;
testID=2;
(*--------*)
min=0.;
max=0.09368537;
median=0.03122846;
mean=0.024982767666666673;
std=0.027689746455608327;
(*--------*)
data={0., 0., 0.06245692, 0., 0.03122846, 0., 0., 0.03122846, 0., 0.03122846, 0.09368537, 0.03122846, 0.03122846, 0.03122846, 0.03122846, 0., 0.06245692, 0.03122846, 0.06245692, 0., 0.06245692, 0., 0., 0., 0.06245692, 0.03122846, 0., 0., 0., 0.06245692};