name="jSO CEC17";
dim=20;
bound=0;
testID=4;
(*--------*)
min=0.07338776;
max=0.33019848;
median=0.2016616;
mean=0.1979569726666667;
std=0.07191270009896118;
(*--------*)
data={0.27381268, 0.26980102, 0.21833604, 0.25838759, 0.07338776, 0.2280492, 0.12937788, 0.33019848, 0.31142556, 0.10265991, 0.17256257, 0.11453773, 0.2541052, 0.20723512, 0.07455238, 0.264217, 0.26769365, 0.1496977, 0.22654792, 0.13551623, 0.17782139, 0.12427223, 0.25589547, 0.19608808, 0.1726944, 0.13458647, 0.15606159, 0.26099207, 0.27805312, 0.12014274};