name="jSO CEC17";
dim=20;
bound=0;
testID=10;
(*--------*)
min=399.00795352;
max=410.08642543;
median=399.04136354;
mean=399.5037440056666;
std=2.0244977384365517;
(*--------*)
data={399.07424049, 399.04136354, 399.04136354, 399.07424049, 399.04136354, 399.04136354, 399.05634131, 399.04136354, 410.08642543, 399.10447351, 399.04136354, 399.06728034, 399.04136354, 399.04136354, 399.04136354, 399.13961244, 399.00795352, 399.04136354, 399.04136354, 399.07424049, 400.57095473, 399.04431218, 399.07424049, 399.04136354, 399.0605989, 399.03310227, 399.06521402, 399.04136354, 400., 399.04136354};