name="jSO CEC17";
dim=20;
bound=0;
testID=3;
(*--------*)
min=0.;
max=20.38721535;
median=20.38721535;
mean=16.22480563833334;
std=8.264087360811997;
(*--------*)
data={0., 20.38721535, 20.38721535, 20.38721535, 20.38721535, 20.38721535, 20.38721535, 20.38721535, 20.38721535, 20.38721535, 20.38721535, 0., 20.38721535, 17.8382161, 20.38721535, 20.38721535, 20.38721535, 20.38721535, 0., 20.38721535, 20.38721535, 20.38721535, 0., 0., 20.38721535, 20.38721535, 20.38721535, 20.38721535, 0., 20.38721535};