name="jSO CEC17";
dim=20;
bound=4;
testID=8;
(*--------*)
min=0.;
max=100.;
median=100.;
mean=94.227555407;
std=21.520162039497457;
(*--------*)
data={100., 100., 100., 100., 100., 33.80869745, 100., 100., 100., 100., 100., 100., 100., 100., 100., 100., 100., 100., 100., 100., 100., 100., 93.01796476, 100., 100., 100., 100., 0., 100., 100.};