name="jSO CEC17";
dim=20;
bound=0;
testID=6;
(*--------*)
min=0.05764342;
max=0.33962017;
median=0.15143782;
mean=0.1619995303333333;
std=0.07087305169512027;
(*--------*)
data={0.29164952, 0.1128988, 0.19427929, 0.16619542, 0.07401159, 0.17696586, 0.11803354, 0.12212313, 0.08764316, 0.24549444, 0.1581672, 0.20624727, 0.16426817, 0.09324578, 0.29948397, 0.14470844, 0.18608308, 0.10605491, 0.21310547, 0.05764342, 0.13384748, 0.09514132, 0.25089478, 0.11846094, 0.20952574, 0.13743549, 0.16172937, 0.11319359, 0.33962017, 0.08183457};