name="jSO CEC17";
dim=20;
bound=2;
testID=3;
(*--------*)
min=0.;
max=20.38721535;
median=20.38721535;
mean=19.02806766000001;
std=5.17240231706426;
(*--------*)
data={20.38721535, 20.38721535, 20.38721535, 20.38721535, 20.38721535, 20.38721535, 20.38721535, 0., 20.38721535, 20.38721535, 20.38721535, 0., 20.38721535, 20.38721535, 20.38721535, 20.38721535, 20.38721535, 20.38721535, 20.38721535, 20.38721535, 20.38721535, 20.38721535, 20.38721535, 20.38721535, 20.38721535, 20.38721535, 20.38721535, 20.38721535, 20.38721535, 20.38721535};