name="jSO CEC17";
dim=20;
bound=5;
testID=6;
(*--------*)
min=0.06592958;
max=0.35239613;
median=0.193470905;
mean=0.19964599199999997;
std=0.07998489427040201;
(*--------*)
data={0.06829623, 0.25325505, 0.12111869, 0.21158132, 0.26670747, 0.14682165, 0.11001148, 0.18355262, 0.35239613, 0.15701397, 0.12340164, 0.21501134, 0.25926993, 0.26938295, 0.22910178, 0.14712547, 0.06592958, 0.30014817, 0.33510893, 0.28310903, 0.13569864, 0.11456497, 0.30247701, 0.16053166, 0.13740085, 0.25303692, 0.11132664, 0.20338919, 0.29248855, 0.1801219};