name="jSO CEC17";
dim=20;
bound=2;
testID=4;
(*--------*)
min=0.;
max=0.39476806;
median=0.21665698500000002;
mean=0.2015951146666667;
std=0.09159488252616176;
(*--------*)
data={0.09217899, 0.27622438, 0.21698168, 0.1623144, 0.21087892, 0.22684293, 0.25784453, 0.21872499, 0.1823261, 0.04030878, 0.07620572, 0.30850932, 0.08005818, 0.32760434, 0.39476806, 0.19423647, 0.07113413, 0.18641815, 0.25387379, 0.18846137, 0.15984003, 0.11066128, 0., 0.26476446, 0.25789943, 0.21633229, 0.30527145, 0.2605896, 0.26874353, 0.23785614};