name="jSO CEC17";
dim=20;
bound=5;
testID=4;
(*--------*)
min=0.;
max=0.38170568;
median=0.18902288;
mean=0.20494965700000004;
std=0.09312888452276633;
(*--------*)
data={0.31394942, 0.3506043, 0.14512858, 0.23665014, 0.285982, 0.21756397, 0.27183225, 0.16332419, 0.33898122, 0.27115145, 0.13855744, 0.17963538, 0.25497474, 0., 0.1016023, 0.38170568, 0.12791526, 0.1970748, 0.08403802, 0.13162869, 0.16227552, 0.31932087, 0.13081571, 0.18097096, 0.1278649, 0.21052031, 0.09087215, 0.14552505, 0.26457891, 0.3234455};