name="jSO CEC17";
dim=20;
bound=2;
testID=2;
(*--------*)
min=0.;
max=0.06245692;
median=0.;
mean=0.014573281333333335;
std=0.017842270188526584;
(*--------*)
data={0.03122846, 0.03122846, 0.03122846, 0.03122846, 0.06245692, 0., 0.03122846, 0., 0., 0.03122846, 0.03122846, 0., 0., 0., 0.03122846, 0.03122846, 0., 0., 0., 0., 0., 0., 0., 0.03122846, 0., 0., 0., 0., 0.03122846, 0.03122846};