name="jSO CEC17";
dim=20;
bound=2;
testID=5;
(*--------*)
min=2.39908988;
max=159.21613759;
median=21.723136865;
mean=42.121717403000005;
std=46.96331825940876;
(*--------*)
data={26.08883772, 72.81487224, 63.19764164, 122.28123676, 13.3725191, 5.47623653, 3.29713288, 7.54640019, 13.3725191, 130.73313226, 22.59562581, 2.39908988, 49.33961137, 35.00162718, 20.85064792, 9.26687715, 13.16434863, 128.10947134, 37.01968487, 14.36747816, 3.40161238, 6.89443002, 87.97907194, 43.72124947, 28.18284107, 7.78530385, 7.78530385, 2.40796205, 125.98261914, 159.21613759};