name="jSO CEC17";
dim=20;
bound=1;
testID=3;
(*--------*)
min=0.;
max=20.38721535;
median=20.38721535;
mean=13.18088438266667;
std=9.37612127653875;
(*--------*)
data={0., 0., 20.38721535, 0., 20.38721535, 6.90415036, 20.38721535, 0., 20.38721535, 20.38721535, 20.38721535, 20.38721535, 0., 20.38721535, 0., 10.56081151, 20.38721535, 20.38721535, 20.38721535, 20.38721535, 20.38721535, 20.38721535, 20.38721535, 0., 0., 0., 20.38721535, 10.99169331, 20.38721535, 20.38721535};