name="DEsPA CEC15";
dim=100;
bound=5;
testID=3;
(*--------*)
min=21.430254797060286;
max=21.581713783607654;
median=21.51277638522157;
mean=21.51027373286811;
std=0.03441237277152199;
(*--------*)
data={21.510273342533026, 21.543625285849203, 21.532596170357635, 21.493368916730333, 21.49246728171164, 21.520951209066823, 21.541036608443164, 21.544136005373048, 21.4959162162221, 21.453146381064414, 21.476101587551398, 21.508642248875162, 21.471877537578962, 21.482518817777986, 21.469770615122684, 21.487729636923177, 21.471729205118606, 21.460866146914157, 21.502951588265034, 21.532619299033286, 21.55642419821214, 21.512693115605714, 21.52101241315279, 21.517617608789465, 21.4683782327304, 21.55241894287542, 21.46191590977105, 21.530295583344582, 21.488204782943853, 21.551338996207733, 21.51277638522157, 21.47202352344567, 21.5617600898388, 21.492533909238716, 21.4420462908148, 21.53809225562111, 21.54179517426536, 21.430254797060286, 21.581713783607654, 21.536149625170367, 21.518817588499928, 21.524205541067488, 21.555127551689168, 21.552266879563092, 21.49991035748326, 21.48955937160423, 21.530634438919662, 21.54076178110006, 21.4860287218919, 21.53181324737841, 21.533065178647348};