name="DEsPA CEC15";
dim=100;
bound=2;
testID=6;
(*--------*)
min=10118.414045799651;
max=34066.20363198141;
median=19258.635744790452;
mean=19562.908145470967;
std=4898.316406076632;
(*--------*)
data={23979.326030393942, 17900.238545348013, 16033.09530858908, 20126.74503501972, 16788.331896331747, 29973.991130986346, 16032.40451605725, 15402.244187225806, 17758.87339482741, 22307.2638027086, 25701.140960352583, 16396.423799461365, 25306.3680154156, 16680.047917253152, 15860.843673148185, 19992.503076848836, 22470.966235572905, 19388.943956993688, 19912.82476242587, 17781.30423167126, 21596.944511787926, 22678.646144718587, 16968.897801834137, 21524.672056046933, 10118.414045799651, 20003.978570051586, 23844.785040536823, 16126.575596042843, 14557.159946573633, 19718.567075394887, 24021.370161666593, 16141.568607704921, 13989.48851836206, 13333.74430484938, 26638.27033972099, 28663.30923502183, 19594.071253437924, 34066.20363198141, 17155.78230915136, 20322.87963499846, 19258.635744790452, 18954.473721487047, 19276.713184714084, 14770.677271691964, 19692.269799216905, 17993.592324354788, 16799.584206770833, 16607.977802832163, 12082.955317826769, 13898.45005554597, 31513.776727474724};