name="DEsPA CEC15";
dim=100;
bound=5;
testID=6;
(*--------*)
min=11396.334139056522;
max=34234.74382676885;
median=16726.36297117326;
mean=18479.560074251964;
std=5595.677691772849;
(*--------*)
data={21787.78646021681, 14255.994939442458, 17331.46550142597, 19980.952623799454, 16214.653417070229, 15099.947078257617, 13204.462438277365, 14654.621352848797, 12725.374146578733, 25242.377856707222, 14520.72591782039, 24739.055341167255, 33090.722554773936, 13633.818711012915, 16903.542934325356, 15693.52385739356, 13637.075969406333, 14714.843110219965, 15534.383268108835, 14497.041584608345, 22788.32221500956, 19135.023551814418, 19417.211742430656, 23798.542867289892, 29229.098743849838, 28332.17910613295, 15169.259243645502, 18491.84337574138, 12597.603787668486, 16726.36297117326, 15022.066822501747, 23733.16883652355, 21774.450067531034, 19501.304207777954, 15129.351569573577, 12303.392437970284, 23161.31513270839, 11396.334139056522, 14501.629526288734, 29391.95407106162, 14310.536375733653, 17706.593122493767, 25404.938028796158, 20695.056274201874, 15550.341392369939, 12066.493607768665, 13905.097363607676, 18516.589418849046, 13703.861862953587, 34234.74382676885, 17300.529034095976};