name="DEsPA CEC15";
dim=100;
bound=1;
testID=11;
(*--------*)
min=937.4208638439591;
max=1392.3282961976065;
median=1159.3888376620694;
mean=1173.2350800471158;
std=93.6162947615256;
(*--------*)
data={1176.0101428747398, 1213.9668414856, 1240.6603289319592, 1156.8810611674598, 1124.2056610540694, 1214.235706188329, 1392.3282961976065, 1056.3076816410198, 1068.2295724394012, 1309.2984640493646, 1175.5813437918177, 1180.7108523657744, 1166.2153519004487, 1167.6284308328927, 1305.0084609257842, 1104.1106308556982, 1127.6006685655739, 1125.723303980617, 1159.4097489190035, 1339.3143732813742, 1143.63344984996, 1142.0873470331185, 1214.1860462184545, 1222.0465611702311, 1156.5715113549563, 1141.1870097161118, 1024.670956868259, 1126.588684215786, 1238.1629639111152, 1120.7549664049575, 1111.954786270529, 1141.9233160018448, 1013.9210972213709, 1252.0287214454474, 1342.1163942471712, 1003.1605767507317, 1148.2691927801502, 1153.5194166904566, 1281.8009329239026, 1104.7031032459345, 1263.1244670296278, 1133.6088428200223, 937.4208638439591, 1101.4661130604982, 1356.1332829300072, 1219.3511704819698, 1081.198560311167, 1282.713361821161, 1159.3888376620694, 1248.303203366233, 1165.5664233071657};