name="DEsPA CEC15";
dim=100;
bound=1;
testID=2;
(*--------*)
min=1.2065617683550366*^6;
max=6.610298926465462*^6;
median=2.9020202192273135*^6;
mean=3.3211005540123857*^6;
std=1.313078387797763*^6;
(*--------*)
data={1.804373693179114*^6, 2.980597919332058*^6, 2.589596151273511*^6, 2.5858772043257584*^6, 1.9616875172634737*^6, 6.610298926465462*^6, 3.637939875365253*^6, 4.406923090636626*^6, 3.2559773981570783*^6, 1.2065617683550366*^6, 5.23030690657099*^6, 2.9020202192273135*^6, 2.878113082505837*^6, 3.4267397177553675*^6, 3.0696102487908225*^6, 2.540010586327068*^6, 2.663308982813065*^6, 3.1414866207803213*^6, 2.3414671568879187*^6, 2.176448438690729*^6, 3.7796778219141164*^6, 2.0813675422679451*^6, 2.0671083874144559*^6, 3.2108095545292366*^6, 4.84766727163327*^6, 4.200862471722364*^6, 1.6999455452621072*^6, 2.8277591567444853*^6, 1.7774417369226392*^6, 2.6299934962989637*^6, 5.6572011228997465*^6, 2.3506055127076902*^6, 5.500742549756497*^6, 2.4463760306086787*^6, 5.477910124200999*^6, 4.932265463202022*^6, 2.2451355265515554*^6, 2.773621227306823*^6, 3.793145118275141*^6, 2.7410168501289003*^6, 2.423561081089392*^6, 3.5593631840653075*^6, 1.8970108896597973*^6, 3.041664211047327*^6, 5.445960760356398*^6, 3.922280163659114*^6, 4.719800812242006*^6, 1.843270275949837*^6, 2.7119961424244274*^6, 5.7801850775639*^6, 5.581037641523687*^6};