name="DEsPA CEC15";
dim=100;
bound=2;
testID=15;
(*--------*)
min=304.6984830539909;
max=307.67813743077477;
median=306.3317075275129;
mean=306.26899951739335;
std=0.7085701028203083;
(*--------*)
data={307.5123202081652, 306.4742954551825, 305.4620609639742, 306.06369546871906, 306.65334312927916, 305.68606938156563, 306.3317075275129, 305.71592345362114, 305.8524479255641, 306.8521933717534, 306.29485132914965, 305.1852679178703, 306.1279305614612, 307.0884798935931, 306.0229528551472, 306.6801120407756, 305.1903432252948, 305.14975654125374, 306.74166845626405, 307.00308533007774, 306.4515315354322, 307.2849331235516, 306.7917661041665, 306.21903123853417, 306.1743977350104, 306.59972036201657, 305.5967086606365, 306.64898206695875, 304.6984830539909, 306.94520449015045, 306.3101694942018, 306.13976950903566, 307.0841019814545, 305.5772575831943, 306.48000156325224, 304.8163120292529, 306.95541400213597, 305.71545287165236, 306.8216220605525, 305.9552463525838, 307.67813743077477, 306.50450209977134, 306.38697350886423, 304.70527830212245, 306.2769112420531, 306.67441876254793, 305.43737411838356, 307.02586025742266, 305.97837249132385, 307.0415795055969, 306.6549568142127};