name="DEsPA CEC15";
dim=100;
bound=5;
testID=14;
(*--------*)
min=87790.2625811471;
max=98545.27178166062;
median=88896.76643823116;
mean=89703.62821417296;
std=2227.419643152001;
(*--------*)
data={90425.16505757716, 88692.51332092624, 89358.03280684212, 98545.27178166062, 87790.2625811471, 88385.05151634241, 89974.00345780299, 89627.63855189978, 89043.07876740555, 95060.23332687067, 90445.75783289314, 88376.34874075268, 88935.610689228, 88113.82044141344, 90988.2778668384, 88205.02377873706, 88826.07429238102, 88854.60478257085, 88600.46713136414, 90291.36454022746, 87976.20520146612, 88153.66423199065, 88559.80580813026, 92484.24198672542, 88087.39882884543, 88753.5667013546, 88896.76643823116, 88472.61426026166, 91142.0956813657, 95749.75999029391, 89182.63562701608, 88697.91036231615, 90781.87315663474, 94654.08641578018, 88836.71592429045, 87916.23657823013, 91421.65663823855, 89015.5068566334, 88306.8675233305, 89006.58797430611, 88063.56819100914, 88983.93330634233, 88076.95707854125, 93342.63721489058, 88963.45324475311, 89217.95939003574, 88512.0828398729, 88589.06965285807, 89575.87851312592, 88225.38886054113, 88699.3131805277};