name="DEsPA CEC15";
dim=100;
bound=5;
testID=12;
(*--------*)
min=120.56829543921572;
max=125.2676311091052;
median=122.78854510997098;
mean=122.9254910982202;
std=1.117767741394344;
(*--------*)
data={122.2724298305368, 122.95492706070331, 124.25302055609905, 122.58911485802582, 123.68497311862029, 122.00517633630443, 121.4469037872002, 124.60554101126581, 122.99393956733343, 120.56829543921572, 122.48940163546149, 124.39475104017038, 122.4591606499132, 122.61432721101392, 124.49194375986826, 123.5212670271851, 123.13449955116471, 122.74887476644358, 122.81501998830913, 121.92942061174381, 121.72764728080233, 123.64224466804103, 122.82325904804634, 122.76537290427336, 121.11237077113083, 121.55393099970433, 125.07562282968775, 122.27591593630177, 122.78854510997098, 124.44186915622731, 123.88236562357656, 122.8447721263974, 122.09708238228791, 120.64688545460513, 123.29788440775314, 122.34155740029883, 121.1335751536651, 123.13336043961931, 122.24722156386542, 122.23712305599747, 122.6333447288157, 124.12069471380687, 123.5949074475584, 123.1717750042344, 124.83298848735285, 125.2676311091052, 122.4264477268905, 122.66680203765486, 123.9409722217888, 124.46214440981612, 122.04074400337345};