name="DEsPA CEC15";
dim=100;
bound=5;
testID=15;
(*--------*)
min=303.42832321431524;
max=307.15397758486347;
median=305.9063378116091;
mean=305.6693868174796;
std=0.8890477910265483;
(*--------*)
data={305.60041831719354, 304.83943660688965, 306.06530282801555, 305.84213925414974, 306.0821476129772, 304.43903211196834, 307.15397758486347, 303.86752466408484, 304.0066763708419, 304.5466527931492, 305.2008836325581, 306.1097048368604, 306.4213286481431, 306.49546357226245, 306.04666099085284, 305.5060249478229, 305.14994618279206, 306.4916175208823, 306.59867722625677, 306.63126774835655, 304.9081566051141, 304.7846670652966, 306.7851821452259, 305.65624854731755, 303.42832321431524, 306.2959089855426, 306.72473115870093, 305.92649540352113, 306.58386044652457, 306.20163648376297, 306.36454416609104, 305.9063378116091, 305.289885019906, 305.4847026031093, 305.27115243101116, 306.44436247122553, 304.65961667082206, 306.0046779100162, 304.2709647938607, 305.418615456465, 305.74098123497265, 305.55388754600995, 306.33261930389426, 304.6527973968964, 306.7503238133904, 306.707221727308, 306.272204047204, 305.7588094969142, 303.77820547611327, 306.0693159858629, 306.01740882253875};