name="DEsPA CEC15";
dim=100;
bound=2;
testID=11;
(*--------*)
min=808.1616564676513;
max=1174.2406939598718;
median=1015.632775584399;
mean=1010.5965994937784;
std=94.11037144643473;
(*--------*)
data={1111.2098544114442, 1013.0921721150298, 1093.9673060667287, 864.5224324784367, 808.1616564676513, 936.5466142895098, 1057.4861925948107, 1110.3611473857336, 876.8022949212582, 866.0628803906236, 896.8031871448829, 1058.425163212315, 1015.632775584399, 1174.2406939598718, 1091.0792911854478, 1044.3507294450974, 1122.23908156459, 1006.2483193770563, 1125.1226756384613, 1015.7462914964244, 910.2671336289677, 1155.4359201853376, 1093.9876936199526, 986.8337926282938, 1089.6370557387827, 1055.8865637552226, 985.5254811774657, 937.874146067353, 934.7659945574478, 924.7922557275658, 1028.1228549221132, 969.7788730603388, 1112.8913206497964, 919.7537157888869, 1059.30833064554, 966.7094536488385, 970.0780554788225, 1064.0646724129524, 1137.9930487175188, 960.326356912221, 1095.3265632248358, 972.3207882342895, 904.2649887254424, 871.2086207799143, 1109.4373081359531, 930.6709000921883, 902.3467301090745, 1100.4527914996534, 886.7995658853704, 1044.2217579270691, 1171.2430805157173};