name="DEsPA CEC15";
dim=100;
bound=0;
testID=7;
(*--------*)
min=55.30996784043646;
max=65.9411857956585;
median=59.34150995763707;
mean=59.5330973311128;
std=2.335861801116263;
(*--------*)
data={62.91819154096231, 59.917350994077196, 57.363936806593415, 56.971589278241936, 56.4599010709868, 60.068282733849514, 60.1218579774046, 61.37822233263853, 58.51655367519618, 61.228762560339646, 57.091247551201604, 61.75670647148263, 56.40508532487195, 60.40864124434688, 60.97390156460017, 61.15197247896299, 58.32419840801458, 56.32499154941286, 60.203493488345316, 60.55573376410052, 58.43058567635126, 61.099827436512214, 64.54845544496936, 55.30996784043646, 60.230888067590854, 60.05150131043956, 58.28815492953731, 59.33434631031446, 57.98429052324968, 59.31241883449843, 57.73222340883683, 62.456899438941946, 56.72415609495238, 60.30970584839349, 58.10210026939626, 56.69270981921329, 58.66160366142924, 58.51403804124152, 59.34150995763707, 62.45745148147, 62.053154488933956, 61.955071156435565, 56.81400025234336, 61.594014975332925, 57.85241056040297, 62.37461220621549, 58.16677612975354, 56.93352896355418, 62.25529159395842, 65.9411857956585, 56.52446255312259};