name="DEsPA CEC15";
dim=100;
bound=2;
testID=13;
(*--------*)
min=473.69721784473063;
max=500.65361464777425;
median=491.3150465024728;
mean=490.7231879501566;
std=5.798170284453698;
(*--------*)
data={491.87389667456637, 489.7992578363619, 500.0917585640839, 482.26877925242206, 496.03242981218864, 489.8673125515893, 491.3988060549482, 498.0145572983033, 487.118893797051, 494.60659986571454, 490.3166828358467, 491.4150896339738, 491.59670595638204, 487.2895890191455, 494.86746515433606, 489.60397905751165, 478.26182558679125, 484.9129862230611, 488.7062100051669, 473.69721784473063, 490.7160905718797, 491.82815278292924, 491.1585619164814, 490.06651388977275, 491.72374506239794, 485.99765181307225, 479.3166828711999, 500.65361464777425, 489.30983399351544, 488.7105929291513, 499.90609214050164, 485.0282950690839, 497.42729114981717, 492.93507898049165, 484.50516330064283, 494.79972626027416, 497.900082695784, 489.23169411634103, 492.04979937895155, 481.8901280120308, 494.6804159600515, 484.8048593377316, 491.3150465024728, 498.0221650697049, 494.69784275299844, 492.9850865098906, 500.04918388038186, 488.82081740260355, 492.52625122781546, 496.5052192331491, 485.580862974924};