name="DEsPA CEC15";
dim=100;
bound=3;
testID=4;
(*--------*)
min=817.475894044087;
max=1029.2824762454918;
median=945.885939204773;
mean=950.3631367137018;
std=40.28554323452581;
(*--------*)
data={905.9282551756319, 921.5548344156994, 967.9503494236324, 945.885939204773, 932.6883764008146, 1013.3201496988545, 971.5710857349, 921.7316718413863, 944.7926160077873, 1000.8008833422796, 992.5127741534907, 955.9951075253412, 908.5395302023833, 890.807567888065, 990.2918265831736, 937.9033419118432, 897.0588056789479, 1018.2734878825495, 1006.9712820592715, 954.1314581325919, 927.9366049139269, 1002.2102836052147, 967.9240010597223, 979.1736706276765, 898.911865088904, 934.9416698392715, 956.2622960917472, 938.3274175120866, 969.3718628308648, 948.8817450642005, 941.4738057689428, 912.820398923657, 900.7019449437839, 994.4553058035569, 940.9618358597947, 932.3197711716639, 966.6848908041034, 927.5407200004138, 908.2110280061768, 972.2747777432967, 982.6682433832757, 1015.8984869419003, 914.1753409807723, 930.1634559141796, 1029.2824762454918, 949.43759617499, 931.6230205778638, 817.475894044087, 992.1498780352786, 962.7331232553443, 942.8172179231933};