name="DEsPA CEC15";
dim=100;
bound=1;
testID=1;
(*--------*)
min=4.009552064994444*^6;
max=1.0625983623104658*^7;
median=6.207484513339171*^6;
mean=6.300826534495592*^6;
std=1.4617626133524703*^6;
(*--------*)
data={4.009552064994444*^6, 8.750208757472955*^6, 6.994727195208132*^6, 6.581564547966168*^6, 5.417169564180565*^6, 6.320155981172744*^6, 1.0625983623104658*^7, 5.482835180277036*^6, 7.068212890219313*^6, 5.517687204293934*^6, 5.224357299141992*^6, 4.1466271824127105*^6, 4.733240223546024*^6, 6.110284654224343*^6, 5.06736939797905*^6, 7.766484122433027*^6, 9.242484517938541*^6, 5.597849013955742*^6, 6.977854301351404*^6, 7.760474736616247*^6, 4.336145712225204*^6, 6.223029392249944*^6, 8.75017219504505*^6, 4.995040665416907*^6, 5.081345875701693*^6, 6.357702997493423*^6, 6.69994792223895*^6, 5.661212968013312*^6, 8.03412929736523*^6, 5.027068254857422*^6, 6.484972349768709*^6, 8.024868533748254*^6, 5.593906221428578*^6, 5.847226248081363*^6, 6.207484513339171*^6, 5.157584677856426*^6, 4.337619136461303*^6, 5.263395412801595*^6, 6.627317581991884*^6, 5.411758167147413*^6, 9.46897149139623*^6, 6.825029296365437*^6, 7.542740630860847*^6, 4.573254189604344*^6, 4.815324171316894*^6, 6.5878011255218815*^6, 6.826724710457384*^6, 5.017928162285967*^6, 6.541678672681695*^6, 6.029945821579775*^6, 7.59570440548398*^6};