name="DEsPA CEC15";
dim=100;
bound=5;
testID=2;
(*--------*)
min=930998.8210692521;
max=5.377099295595705*^6;
median=2.7273683764227866*^6;
mean=2.827968255633537*^6;
std=901829.3742155143;
(*--------*)
data={4.600747237022547*^6, 2.9159652142467615*^6, 3.480810324316987*^6, 2.791022418655401*^6, 2.8960499575517136*^6, 2.293412402264278*^6, 2.449319149482896*^6, 930998.8210692521, 2.3443973576254044*^6, 1.936950404509498*^6, 3.5292662751596444*^6, 3.4189089457570883*^6, 2.8118267808807753*^6, 2.210864441514886*^6, 2.7432645859443*^6, 3.5369025899996464*^6, 4.1157164740572036*^6, 1.7713205717247133*^6, 5.377099295595705*^6, 2.0136790763178715*^6, 3.6812354219810166*^6, 2.262149265450334*^6, 2.0494075501405983*^6, 2.3410754391567633*^6, 3.208813632036125*^6, 2.476473355840222*^6, 2.6953861455238606*^6, 1.5787547973649744*^6, 3.5158293546838393*^6, 2.7298021561248903*^6, 2.300498431331664*^6, 1.7654780280352496*^6, 3.065371953748626*^6, 2.587528631029847*^6, 3.6687955348090096*^6, 1.9498384493799943*^6, 1.9083938895030268*^6, 4.727483981795712*^6, 3.3852898430741653*^6, 2.2506150108347354*^6, 3.5926491805255557*^6, 1.2573678553995814*^6, 2.54943982462535*^6, 2.7273683764227866*^6, 2.25400152025421*^6, 3.3936003263978898*^6, 3.685452037642544*^6, 3.8762377005280443*^6, 4.1228652107871897*^6, 2.312077455312422*^6, 2.1385783538735663*^6};