name="DEsPA CEC15";
dim=100;
bound=5;
testID=5;
(*--------*)
min=32663.190503637117;
max=35869.203340816886;
median=34663.41072650773;
mean=34587.512999634244;
std=695.0223528202515;
(*--------*)
data={35078.81904294764, 34302.51182054188, 34728.01763579755, 34209.15751727165, 34720.13657930662, 34407.56260591533, 33965.966605556, 32663.190503637117, 35869.203340816886, 34983.76734967794, 34536.304433496625, 35042.980035572444, 35369.34436504118, 35301.31489711371, 35694.09587766978, 34913.29794894258, 34578.154571665276, 35769.78914078666, 33966.286162586526, 35467.74433457272, 35399.80324067543, 34048.52446990565, 34663.41072650773, 34529.1574166261, 35155.4884574419, 35360.8259786452, 33383.951326914466, 34538.27982242199, 34723.411219222224, 34376.77802120769, 33761.41041187958, 35430.054262219004, 35188.16316138474, 33976.96452405019, 34702.76346621053, 34471.22092236735, 34826.611355638, 33918.33289688208, 34919.99772343668, 35313.12402148891, 34561.141850611275, 33665.06068750152, 34715.846391282226, 33572.516273086985, 34961.14267555272, 34378.858026013724, 33258.142704360995, 33379.653485783165, 33905.2931124111, 34791.565500091136, 34518.0240806107};