name="DEsPA CEC15";
dim=100;
bound=0;
testID=2;
(*--------*)
min=1.058970315668737*^6;
max=5.676591036830364*^6;
median=2.9398750053159846*^6;
mean=3.0883713290727246*^6;
std=1.0491382828640798*^6;
(*--------*)
data={1.9900836522180855*^6, 2.7933953110674946*^6, 2.0561846350819385*^6, 2.8791842059383783*^6, 2.7182501456870586*^6, 1.6278621831065333*^6, 1.6643915775090277*^6, 3.6019223342224015*^6, 2.9236271466775043*^6, 1.058970315668737*^6, 3.8443444037493165*^6, 4.495269318298655*^6, 3.005413479315323*^6, 2.3168714490278545*^6, 3.7392901454258463*^6, 2.637658991578739*^6, 3.5440275392350773*^6, 5.409740640620818*^6, 3.8192359360305043*^6, 5.676591036830364*^6, 3.227537181138868*^6, 4.985825495170365*^6, 3.50213434749066*^6, 3.8355447152530374*^6, 2.137976403057368*^6, 4.146087173853527*^6, 1.9749695055105954*^6, 3.572743658587443*^6, 2.717689125022218*^6, 2.419965261344609*^6, 2.8268597175912037*^6, 2.3427766470054532*^6, 3.0774641834862544*^6, 3.8762930541336257*^6, 1.8157857901965063*^6, 2.5526603653917653*^6, 3.0419714748692974*^6, 3.8955554691817462*^6, 2.946610820747241*^6, 2.2161412048444827*^6, 1.7227750054978065*^6, 3.092849117364881*^6, 3.3123213608921105*^6, 2.9018032182792868*^6, 2.9398750053159846*^6, 5.3069281822824385*^6, 2.2536664159764918*^6, 2.6089067500535767*^6, 3.466844673615996*^6, 5.226328342791592*^6, 1.7597336694728553*^6};