name="DEsPA CEC15";
dim=100;
bound=1;
testID=9;
(*--------*)
min=209.56815394755745;
max=1022.6421478157922;
median=212.17625387260887;
mean=228.0564433112196;
std=113.4952373995971;
(*--------*)
data={213.51451411666676, 212.95439268496398, 211.62869577353467, 212.5000380348422, 211.51586274764486, 214.41661915694726, 212.87198412365615, 209.992417752743, 211.57021639984123, 212.07224925285436, 211.64137774630717, 211.25266361088597, 211.11644856232942, 212.28439698307898, 212.88758859013456, 211.00372142218703, 213.4321226991908, 209.56815394755745, 211.14610824529177, 212.50677511078197, 214.11267943175517, 212.30233044229294, 214.5429941593136, 210.92942455515367, 212.46631645143043, 211.86613877012246, 212.0768205079262, 212.0903269491812, 212.56371184872546, 213.0360709354602, 212.17625387260887, 213.20423280546197, 210.26604585587506, 210.438165082026, 212.33845649304953, 213.0492635540004, 210.88691270684626, 212.9708333958465, 211.32673890576143, 211.97317772058727, 211.21958535097974, 212.75669068548268, 211.68295634930155, 211.7768884966854, 215.09271487100227, 213.60232976813222, 1022.6421478157922, 211.3599402050063, 212.43987981976238, 211.44101529806744, 212.37121880712516};