name="DEsPA CEC15";
dim=100;
bound=4;
testID=2;
(*--------*)
min=1.4168387534643994*^6;
max=6.266184273549733*^6;
median=3.0771086609068634*^6;
mean=3.1618964010273037*^6;
std=1.0190332799745455*^6;
(*--------*)
data={2.0026829373210159*^6, 2.1665597162439576*^6, 3.052542667287933*^6, 3.0771086609068634*^6, 2.1599617716812487*^6, 2.7426989517317573*^6, 2.4598546291580633*^6, 4.1796299728930728*^6, 3.5255675696841604*^6, 2.6546746998026385*^6, 4.195663827810841*^6, 3.4491497775372877*^6, 6.266184273549733*^6, 2.39892969456287*^6, 2.312253818789189*^6, 1.6594202271104988*^6, 3.5965899164246726*^6, 4.22218735446642*^6, 4.716400965403768*^6, 3.042913223778013*^6, 3.7749484672739734*^6, 5.896136486188956*^6, 1.7264613835667276*^6, 2.640856117155758*^6, 1.4168387534643994*^6, 3.205375470891802*^6, 2.2193413021095316*^6, 2.9834989387200586*^6, 3.1398541816522023*^6, 1.834962954609352*^6, 4.543123576563903*^6, 2.96091582954164*^6, 1.687866176335756*^6, 3.298377268246459*^6, 4.0413153376901597*^6, 3.846207023514608*^6, 3.738133061018233*^6, 3.6393037068195757*^6, 3.7860416698126555*^6, 3.9646699023743668*^6, 3.29675655219295*^6, 4.31062391789549*^6, 2.2868588222973063*^6, 3.050875665949008*^6, 2.824733670514936*^6, 3.563741621037632*^6, 2.1034050279275845*^6, 3.0559337535832548*^6, 1.821446944570282*^6, 3.1433839068801226*^6, 3.573754305849811*^6};