name="DEsPA CEC15";
dim=100;
bound=1;
testID=13;
(*--------*)
min=475.0158615580233;
max=491.08924788092827;
median=484.6791839490993;
mean=484.6698692474832;
std=3.807319639738274;
(*--------*)
data={489.9495284567952, 484.1907954428241, 478.9285402253256, 481.814185772412, 484.73212400004786, 478.6099968269086, 488.0744179189278, 486.8156005448168, 488.70838610112673, 482.0918933743201, 486.9120713471125, 486.10688807541305, 477.8324780417838, 491.08924788092827, 488.2817972358748, 482.77611688250204, 486.97315302279253, 484.43546576310473, 486.0404444285282, 484.2594959640371, 484.1429022713887, 483.83749658324905, 487.0118915079074, 489.92627516529615, 484.12706284331034, 484.6791839490993, 485.5673841377675, 487.67473290046155, 487.0182302573262, 484.4660417154214, 488.76649599041957, 483.47093296804906, 490.6401551578342, 486.6624824549426, 484.5936762690653, 485.6965671808848, 481.93918054838264, 480.04108416544386, 482.43110190603966, 490.56525860512124, 482.0841832494225, 481.0694763660265, 479.8864808426565, 483.94753327985177, 479.31602052787935, 488.8055033839664, 486.4381247045403, 486.8497400129836, 475.0158615580233, 487.45361450480186, 475.41602930850036};