name="DEsPA CEC15";
dim=100;
bound=0;
testID=4;
(*--------*)
min=772.8143500122576;
max=976.681816618898;
median=877.3169966271901;
mean=880.82077491131;
std=44.96592249792078;
(*--------*)
data={897.5051933329187, 908.7944800783912, 946.3519106968411, 861.5453654062185, 812.8939124088347, 832.8187679943992, 834.1318981950039, 806.4750471524426, 818.1921365351268, 801.4563904037166, 854.3276130692416, 900.203068026553, 841.4785781022715, 926.6834205923587, 936.1645462805782, 849.7638726830185, 950.7721814989807, 919.1531434407093, 877.3169966271901, 930.1079324671537, 950.7581546991646, 867.6165188988261, 976.681816618898, 923.4795410084582, 884.45723667283, 857.9055278260769, 908.7911328900379, 876.7528381965772, 879.9725195087965, 886.1430231998215, 945.1204975961023, 852.6065213544234, 863.9838875805112, 772.8143500122576, 859.7522984470302, 911.1773995652625, 832.5785753092468, 870.1401679457144, 863.8942661278438, 893.6132054082841, 892.7405497444108, 901.0040113945333, 865.0669915213971, 871.9405577309803, 931.2895578623875, 847.8990936633165, 848.1054898885504, 951.2256997990562, 909.1721124726769, 826.8080785188445, 892.2314440225459};