name="DEsPA CEC15";
dim=100;
bound=5;
testID=4;
(*--------*)
min=780.3400858477421;
max=953.4066952576673;
median=885.1789432346984;
mean=883.6873478108256;
std=36.777709183620324;
(*--------*)
data={896.6110806410279, 780.3400858477421, 923.4721870434773, 887.3527637572765, 822.8607823642021, 891.7141964607004, 933.0224405088402, 893.9581787688835, 946.869870833264, 853.5630382239842, 855.8417583589403, 881.7305888340536, 854.644667798887, 854.8362508142991, 861.5174043108996, 930.1334128623289, 855.2860849067097, 882.0890460374844, 857.7091381112527, 822.7291795608542, 852.2119518651714, 900.0964429688006, 862.2022916708033, 898.4772469191621, 919.7789042047687, 953.4066952576673, 923.3334997526349, 868.9578602149843, 833.7093993047827, 857.3139916069999, 890.5819979335392, 900.0751065336362, 907.9192210413726, 874.932692202842, 896.5416033049914, 820.8796986531177, 871.895753812687, 928.3370043281066, 864.4138070062468, 891.8744132473275, 922.5787348708791, 885.5290886852736, 943.3205489647507, 839.0020494176226, 874.4307348803629, 868.4157363685231, 929.9038204714234, 883.8099781779624, 941.5793293212537, 891.0840360846023, 885.1789432346984};