name="DEsPA CEC15";
dim=100;
bound=3;
testID=6;
(*--------*)
min=11449.98376671536;
max=56752.384919113014;
median=22628.1532920831;
mean=23924.898555309224;
std=8154.397034692738;
(*--------*)
data={22602.356153968, 25770.54162468919, 29252.762406312686, 16403.483611530653, 19269.964681045538, 34221.162816848686, 24407.921690533847, 20636.070820659486, 17915.514195483844, 19688.883920957534, 26070.5667807747, 26303.454161934453, 14471.16805591712, 22628.1532920831, 31063.74365967009, 24729.86869650868, 22372.690058748416, 14562.861138124934, 22557.280284437147, 11449.98376671536, 23112.368030588812, 20534.74842636729, 13903.288028617584, 40240.92902887701, 26265.528769020773, 27774.131424021136, 20896.717076460856, 14872.28240050561, 21214.20169133202, 19578.881972751336, 17092.57680550112, 13102.580540036697, 29017.101868097816, 24482.211258999843, 13902.414664846441, 31564.294134889013, 31444.711563695615, 25859.41182707029, 22295.0701928524, 20582.32698887946, 24895.916243607684, 23444.07472066537, 23140.10561376195, 25036.665253715873, 46330.94418718759, 21561.951584292343, 26779.819862862263, 15954.802976723033, 56752.384919113014, 22038.101253463377, 30120.851195023148};