name="DEsPA CEC15";
dim=100;
bound=4;
testID=9;
(*--------*)
min=210.09668743594602;
max=217.1536179243044;
median=213.9011936024133;
mean=213.73762944124636;
std=1.46427312165444;
(*--------*)
data={215.53187625251394, 212.33723733583315, 215.01535828579608, 214.2989382982978, 214.2771716600828, 214.15414431152226, 214.04623430242395, 214.2685085991866, 214.54749648010693, 211.97278274527707, 215.56269550567686, 212.7238566715605, 213.91759792806943, 212.98375280428422, 212.79269462979528, 211.8761280999779, 212.42452130373636, 213.35771596209497, 213.65872337779047, 213.6411993275251, 214.52227569944944, 212.69355167221602, 213.9011936024133, 213.31027640972684, 214.71138862719067, 214.52867974657192, 212.17797955209335, 214.6496355198667, 214.07615238200037, 214.5946116929715, 213.4730794317286, 217.1536179243044, 210.09668743594602, 216.15042256474817, 212.35263394728076, 214.5052877132921, 212.147872288524, 213.23830105393472, 216.09810146575023, 213.22389781976221, 214.83849163906189, 213.43118933372193, 216.95760840137018, 213.3451164912758, 214.8529186287792, 210.3986935634057, 211.97541103624098, 212.76845622243218, 214.08412040538633, 211.72399968908735, 215.2488156614777};