name="DEsPA CEC15";
dim=100;
bound=2;
testID=2;
(*--------*)
min=2.8591164237184003*^6;
max=1.4385528303951703*^7;
median=6.891559705576216*^6;
mean=6.868998064544475*^6;
std=2.2151344222328677*^6;
(*--------*)
data={8.623054933742769*^6, 6.603020246006178*^6, 1.0631968793986918*^7, 7.416660060550883*^6, 7.954452889190828*^6, 5.486032297496605*^6, 7.241915502962167*^6, 5.091691385664786*^6, 5.093871379722371*^6, 7.372358159777185*^6, 7.233807624262091*^6, 3.846114606671585*^6, 7.1781009667091165*^6, 9.38316619776087*^6, 4.572412845375952*^6, 9.159475290509164*^6, 4.858891366210965*^6, 5.493739166250796*^6, 9.76416221221802*^6, 9.132795859135905*^6, 5.208069057350576*^6, 3.3631603305590595*^6, 6.199828862350285*^6, 5.832426864813714*^6, 5.596409389415915*^6, 8.705592982426945*^6, 7.321902284058555*^6, 7.3761513176581655*^6, 5.959182629708744*^6, 4.904958964339259*^6, 6.892481402048045*^6, 8.846636484672828*^6, 6.603924665313284*^6, 5.383728209806518*^6, 8.374604651985475*^6, 8.937365008899216*^6, 6.891559705576216*^6, 5.1294490620707525*^6, 3.2079970766944997*^6, 2.8591164237184003*^6, 8.243293601211821*^6, 5.674464728094073*^6, 1.4385528303951703*^7, 7.344102470684804*^6, 9.387258772142578*^6, 4.256877066784644*^6, 5.619274595124883*^6, 6.371459590617466*^6, 1.137229333362269*^7, 4.659078027235448*^6, 7.273033644626491*^6};