name="DEsPA CEC15";
dim=100;
bound=2;
testID=5;
(*--------*)
min=31749.160801368245;
max=36474.374049728525;
median=34866.805837930835;
mean=34746.13826319489;
std=892.6990934009384;
(*--------*)
data={36474.374049728525, 36004.18161566471, 35220.15128456218, 34982.946135695296, 31749.160801368245, 34250.89484779362, 35219.16871312399, 32911.0113133544, 35277.47777406463, 33647.334083114256, 34498.38637812696, 34591.80030428105, 34528.40799818191, 34845.77085745865, 35189.08242562798, 35367.933061491436, 35326.031205840336, 35934.231210938866, 34547.631764481244, 35681.71116384892, 34310.57404251468, 35580.437436954715, 34544.23149454221, 34701.25290135297, 35375.34380302741, 33502.40695274144, 35739.68095752908, 33440.57914910354, 35976.1425564462, 34039.25842289656, 35328.16294112331, 34367.03786853941, 34973.314158284404, 34055.96307962542, 35317.08065176948, 35344.50279996031, 34932.043696911955, 35555.68004129338, 34777.194082295246, 34176.70858700735, 33603.57066708, 35012.57802734478, 33141.07839617031, 34860.01187529633, 34579.48699932389, 35742.63524633619, 33704.95435952406, 34909.249745022375, 34866.805837930835, 34005.892560551285, 35341.50509569344};