name="DEsPA CEC15";
dim=100;
bound=4;
testID=4;
(*--------*)
min=781.0325291422587;
max=958.4521216365122;
median=891.2920360876537;
mean=889.4174898107017;
std=40.704113913653785;
(*--------*)
data={848.3169154944699, 880.3449353152123, 831.459441311282, 890.9792357605388, 891.2920360876537, 846.4116713442381, 859.2624545154074, 908.1026351755172, 958.4521216365122, 900.419104314622, 842.0022705444871, 926.5797286244033, 872.362481661515, 933.0430239235388, 872.8187297398613, 923.129406608628, 918.3687327847465, 816.4457526512906, 781.0325291422587, 884.0980640577682, 850.0907124985679, 902.0180361461537, 893.7893068178164, 849.5259742395742, 898.2686818870948, 932.998203001559, 903.8804705379744, 935.5344054054365, 953.6065579793592, 867.615830018724, 877.3100430145078, 842.3845561478104, 923.116285875373, 857.8989968189403, 941.5705156060671, 919.1839522789373, 923.6755127830427, 900.5918218540437, 865.3326582516688, 958.4460796830142, 894.1934478762614, 923.6935987285497, 883.426789039223, 949.994781702891, 921.5238605178765, 844.6804979661283, 859.4010086355665, 816.1795731666582, 887.4978969175409, 859.0493189287506, 938.8913353267121};