name="DEsPA CEC15";
dim=100;
bound=2;
testID=10;
(*--------*)
min=7495.442020775728;
max=13119.932799071179;
median=9541.29936440055;
mean=9622.544648797315;
std=1082.8308125182746;
(*--------*)
data={11413.641729180734, 8246.95394358624, 9438.159291198193, 8775.859704289036, 8683.194312243457, 11152.324716871426, 7495.442020775728, 9133.80787185167, 8452.65743528441, 10121.203693970476, 10388.178619814254, 10945.685124138738, 9057.283223778573, 11259.77561275904, 9825.123603053447, 9075.731442886503, 8576.526639565669, 10004.710146048361, 9652.421151169574, 9057.118585764942, 9568.356462432483, 8844.829875279276, 9936.023811761714, 10245.523695492177, 10573.910986621268, 9162.03313981502, 13119.932799071179, 10096.992709240521, 7742.830883593439, 8993.285587408187, 9627.89860755221, 9927.0541750653, 11479.615267173693, 8738.767284575466, 8340.185896804305, 10033.83748436787, 9048.097579861766, 9154.970702081682, 9880.808751693035, 9186.254216677835, 9456.838091192767, 8257.399493416571, 9538.575540926931, 9978.22247183279, 11441.367904128429, 9541.29936440055, 8061.501223686826, 10832.322607353248, 9858.27000626857, 8923.2392391707, 10403.732361486624};