name="DEsPA CEC15";
dim=100;
bound=2;
testID=3;
(*--------*)
min=21.43236168728305;
max=21.571160440550614;
median=21.509276703160197;
mean=21.50519797462838;
std=0.03545034338198007;
(*--------*)
data={21.453903335098175, 21.523654935651166, 21.54316822907265, 21.43502032020126, 21.508507927115545, 21.49914015363788, 21.460574976198075, 21.449325846494105, 21.455661206365562, 21.47245410757381, 21.514083529534503, 21.54202236100997, 21.522736168950814, 21.512782297715376, 21.571160440550614, 21.495527978140558, 21.526923699960264, 21.51656335345689, 21.507817620824028, 21.559339251897143, 21.509036877205972, 21.54260885462395, 21.517756420833564, 21.44439899539634, 21.54509717157805, 21.523500513470708, 21.48568446645578, 21.493527331331393, 21.441218250394343, 21.569147611027972, 21.469845359097064, 21.508232670960922, 21.463576906589253, 21.533106692060073, 21.551249299379606, 21.509276703160197, 21.55966537714886, 21.536981857074238, 21.481698898763227, 21.494185303438258, 21.48280152585386, 21.503226729071173, 21.51498656069873, 21.523978487673844, 21.510076526723424, 21.522927683961427, 21.43236168728305, 21.515391704868136, 21.501268560174026, 21.534405322863336, 21.473508617438483};