name="DEsPA CEC15";
dim=100;
bound=5;
testID=9;
(*--------*)
min=209.81106256652492;
max=216.26319908184746;
median=212.5302201779109;
mean=212.70289180990366;
std=1.344989756373775;
(*--------*)
data={212.9007014179001, 213.460472908743, 212.8562859668084, 211.45964628345155, 212.2075418146719, 213.267402574093, 212.5302201779109, 211.0913241601006, 213.6820049050698, 211.263200519189, 213.12153134618848, 210.86538661018972, 212.44569267973566, 213.81966317511024, 211.6072053767832, 213.6536073913278, 211.31870620126824, 215.29629978439448, 214.15171816153065, 213.4546639502778, 214.3782755088307, 212.24543473837775, 212.04925084940942, 213.83844628104157, 214.80900913650544, 210.71168646494516, 211.96201508522608, 212.39081302439308, 212.1365939053319, 211.58323912927995, 211.50775098161307, 214.0120792028008, 213.2961364800642, 212.14570526329157, 216.26319908184746, 211.22289711572807, 211.30898875125058, 209.81106256652492, 213.4994659253873, 211.14465312660468, 213.02017853690586, 214.32910042984304, 215.0849448110032, 214.70756602754614, 212.45433802180696, 213.02495426810742, 212.29616088436592, 211.08743997932015, 211.71068368149326, 212.6024821292624, 212.75965551223453};