name="DEsPA CEC15";
dim=100;
bound=1;
testID=7;
(*--------*)
min=55.40397630367465;
max=66.54904364723711;
median=59.97618424793154;
mean=59.80475015420425;
std=2.4685822844098757;
(*--------*)
data={57.973718739558194, 57.06085179197919, 62.10074163813658, 60.296101074983994, 58.5242919509011, 61.437640686630516, 59.97618424793154, 62.39038763607755, 60.48397068842053, 62.847508978915926, 57.77359329651881, 59.75936619290292, 60.38880360354233, 60.29397122492526, 59.99269957473609, 64.54397669780826, 66.54904364723711, 62.24784910349592, 58.06045494898683, 56.23690105641151, 57.984938579879326, 59.9716800249621, 56.89231702270399, 57.697023103839, 60.42152842743906, 61.24495636347024, 61.67890375625893, 57.64578997217302, 55.98664980906949, 61.25739959906855, 55.40397630367465, 60.89909789304477, 62.751131145585305, 58.23309853338071, 58.16870934391193, 60.66163144935376, 61.496844220691855, 65.93541185337847, 58.3893083270699, 58.32984674199463, 57.70663706127539, 61.86220358519597, 56.496829893768336, 56.30711872970801, 57.95246229704151, 57.8738827002594, 60.62998670923082, 59.26544051851056, 62.508273875979626, 58.600416570515335, 60.85070667188188};