name="DEsPA CEC15";
dim=100;
bound=3;
testID=8;
(*--------*)
min=8247.3945929155;
max=13470.004598772408;
median=10923.353006476138;
mean=10659.692391938386;
std=1317.4074833514435;
(*--------*)
data={11181.465523745532, 10573.355031283714, 11511.922583531166, 10963.835127035662, 9272.1065856762, 11708.57626729244, 11354.519439752756, 8893.961331140128, 9173.12774082072, 8364.46455871942, 12275.44103428831, 10301.632515420282, 8247.3945929155, 12347.813177375887, 11317.966677937184, 9430.83805283772, 10970.971531817435, 8945.866092984805, 8766.089390431776, 11521.819163302429, 12018.343080139828, 13470.004598772408, 11580.865210578331, 10260.757519926263, 10923.353006476138, 12106.708958222145, 10880.507661813814, 11523.205066564504, 12461.45342048985, 10716.669715052885, 11524.601982829432, 10571.7008267383, 8618.814709183674, 11093.48913436387, 8698.072544098522, 11935.559083957225, 10971.52010021494, 9099.513838607738, 13353.591660832653, 9324.22486524443, 8650.035141236373, 11855.221472864694, 10973.975758525608, 9702.58487973776, 9624.8038549093, 9491.806922757736, 12226.048124975714, 10505.350695480665, 10381.54766742266, 11157.08940356305, 10819.724664968071};