name="DEsPA CEC15";
dim=100;
bound=0;
testID=6;
(*--------*)
min=11273.338357353272;
max=33285.38462736021;
median=16081.963268489388;
mean=16812.32301673845;
std=3969.4642516982544;
(*--------*)
data={17913.329956218244, 16017.171043424834, 12791.841037787668, 33285.38462736021, 22028.828309732922, 11607.515868262064, 13307.986907327984, 17764.12590918837, 17455.041863987728, 19726.485826329656, 19513.952284416708, 13908.182561580921, 11273.338357353272, 15526.617938024829, 16777.21159629342, 12403.40111091219, 15842.819449897805, 16173.723147895507, 12266.926529916023, 17214.77980194929, 15552.237264032363, 13862.754598559162, 13538.023593189391, 21287.701540079674, 23196.13389349939, 19995.16997347312, 20482.689846313333, 16557.669419538586, 14181.569441448912, 15441.614092802141, 20806.55622665538, 19529.16460031543, 15661.669357606032, 17902.557007725518, 20236.18252536928, 19483.978033549054, 17929.106685895662, 13616.336724043194, 13188.979797271855, 16081.963268489388, 14533.765549714368, 23117.333353815986, 18521.394561936104, 21144.527979213177, 15423.137396631724, 11276.519961305981, 15380.416366873833, 12423.165726625499, 14943.606873526063, 17412.939463595907, 11920.944602705735};