name="DEsPA CEC15";
dim=100;
bound=5;
testID=10;
(*--------*)
min=7146.645377315262;
max=12366.723579780064;
median=9638.186222459286;
mean=9578.631593029819;
std=1189.4228266480209;
(*--------*)
data={9284.289651309882, 8144.951564111467, 8804.65733072691, 11186.655419277591, 12053.546483825077, 12366.723579780064, 9855.31776284625, 9418.602594946062, 11251.007372042888, 7146.645377315262, 10160.474958358413, 10645.538753307623, 9964.581612430737, 10030.971690120536, 8333.307994332063, 8705.80774896234, 9822.025101523208, 8274.825289549633, 9800.748396199284, 9790.5145089126, 8357.058602954678, 7634.721694117987, 7472.47867393249, 9139.870664314278, 8337.996344876356, 8741.235174961612, 9758.787336475149, 10021.50180681749, 8851.040673344156, 8756.70275882805, 10685.421129795328, 9757.071404231225, 10535.757886327534, 9199.029093523824, 10363.668475480474, 7269.9523221947675, 9638.186222459286, 10385.610513187643, 9223.050748328209, 8900.711129815614, 10228.367499962667, 9239.2792854633, 10832.86878167266, 10929.165247677309, 8946.022265108131, 10556.703158442959, 9186.919283837493, 8270.753992541559, 11493.121761834582, 11251.19874578449, 9504.765376351552};