name="DEsPA CEC15";
dim=100;
bound=4;
testID=13;
(*--------*)
min=472.8899789437071;
max=494.8978125786002;
median=486.90537841883065;
mean=485.56251800335633;
std=5.051420205031709;
(*--------*)
data={487.63297465417827, 478.84856327970874, 486.26928755086965, 477.48684412863827, 489.12441785456076, 481.54182021405995, 487.8905514652645, 483.75245963792486, 488.9153882541575, 477.07226843686567, 484.50924103502416, 490.295183224267, 487.28470403302504, 486.78219411647865, 472.8899789437071, 489.0223247162676, 491.8662400731314, 484.16609371674326, 481.01145677722843, 489.4609857335854, 491.9882717595376, 486.97893481336723, 488.53685613837456, 487.01626624562755, 475.81740302661456, 483.23754710553203, 482.4055240395637, 486.90537841883065, 490.4875834420309, 485.77847596016227, 482.1792179855572, 482.8782818170978, 483.28338317214, 489.49761188682623, 484.0416681460638, 491.43926523882874, 488.9500228630425, 489.1871199881166, 480.26774421506275, 489.51663250581214, 475.54034866989423, 489.13440658619425, 491.4763823750534, 488.40482369940946, 492.83006697950304, 479.9041280179399, 494.8978125786002, 488.70038044672106, 486.0324468775905, 484.3003859135765, 476.2510694128109};