name="DEsPA CEC15";
dim=100;
bound=4;
testID=8;
(*--------*)
min=5127.582566703297;
max=12198.517974771801;
median=8817.623168376478;
mean=8783.579262519703;
std=1619.457376450633;
(*--------*)
data={10724.164348188615, 9361.223221426935, 10571.215573735863, 11521.130005756479, 6867.014157153564, 9141.615438845976, 10818.33391396641, 7357.912081937688, 8004.088892192252, 9826.677825969193, 9132.811637972494, 8882.658905631864, 7493.1683367320475, 5127.582566703297, 7341.527694151837, 9354.377166870192, 6437.847944257432, 8509.751406228512, 7607.653468177861, 9587.785750623596, 8106.036934089512, 10001.158832789528, 8124.64263975756, 8280.326514859385, 11076.347003338811, 10246.439633595373, 8725.94133387292, 6894.824326549338, 8703.45549114059, 8085.371198822286, 10652.039520001505, 10571.233015482661, 8817.623168376478, 5473.893470858646, 8896.620764038082, 7904.873579874658, 8114.799567995189, 7790.107057205745, 8294.51134077556, 9081.210677016321, 12198.517974771801, 8878.267281620556, 6855.115634904787, 10572.116791066172, 8990.727950581191, 7111.82624534144, 12030.015047738169, 10634.90283633492, 9778.097208769264, 6989.253175935898, 6413.705834478414};