name="DEsPA CEC15";
dim=100;
bound=4;
testID=7;
(*--------*)
min=55.80996022542854;
max=66.89040455078418;
median=59.47824871130081;
mean=59.93526327989803;
std=2.1456386317478278;
(*--------*)
data={60.298826910989305, 61.47668473287467, 61.53047489376047, 65.81264854730443, 61.08024847811339, 59.42377449644721, 58.62249105613682, 59.47824871130081, 61.881223667109566, 61.444092726072654, 57.97141593748279, 59.4441089853043, 60.90327340617512, 59.19491713977652, 58.51892337087111, 58.35298302228273, 62.89133526259468, 62.03028386719268, 58.109853427119106, 59.41630878525393, 62.39635972068129, 58.71765339411036, 56.47466788689985, 58.384357269956126, 59.974993101074006, 59.84706657979211, 61.49960628309111, 62.431287743586836, 58.76841701201147, 60.036585057581306, 58.266516384396596, 58.05023407886847, 59.444199698177954, 61.04407726606553, 59.78832009143082, 59.100830186646135, 58.168321001543404, 56.75944182381659, 58.77686439570084, 56.47357687898625, 66.89040455078418, 60.08829877988205, 55.80996022542854, 59.28152665330083, 61.055658368609784, 59.77969781777324, 59.97587884603411, 58.91620231801551, 64.03441750625905, 60.11690921402112, 58.46397971611077};