name="DEsPA CEC15";
dim=100;
bound=3;
testID=5;
(*--------*)
min=32764.245247929575;
max=36433.033088385586;
median=34938.86723405045;
mean=34869.466637216334;
std=749.080348302682;
(*--------*)
data={35504.48055634085, 34900.98958069743, 35433.14944549552, 35266.16154826195, 35114.96238224223, 34807.74099108004, 35149.876323641794, 35522.77629573676, 34319.229816907005, 34455.45210792871, 35906.06631412598, 35151.08974719449, 35516.21692120284, 36433.033088385586, 34921.85632525889, 34855.78247634935, 33616.15605250439, 34665.36740850256, 36228.616207140556, 34508.3307608507, 35442.94980348107, 35089.26771560013, 34183.00815250506, 35003.14472996721, 34734.869380658, 35275.939296621786, 35072.38958604193, 35089.73329656526, 34365.83163585714, 35936.16688866121, 33134.83102161549, 35122.359707151896, 33979.71084274166, 34057.94877689525, 34352.05332556036, 35484.968950338276, 34123.87351512314, 36094.228302795, 34205.09694452185, 35585.149231060226, 35445.606405490995, 34310.877631258765, 35570.0214679263, 34065.23009395965, 34276.33468183999, 35056.389586604055, 33801.529222957506, 34938.86723405045, 34610.697529931604, 34892.14394247496, 32764.245247929575};