name="DEsPA CEC15";
dim=100;
bound=2;
testID=7;
(*--------*)
min=56.726407926191996;
max=68.41002675769312;
median=62.25440226632145;
mean=62.87043562078847;
std=3.0333466222050607;
(*--------*)
data={62.05886855482515, 62.12043158211941, 63.03187924039946, 66.56411067328997, 67.59009741905834, 58.44703626903424, 67.75929242583618, 65.6604302730617, 60.33630003850067, 65.46944871223639, 66.73037614444604, 63.89293001768294, 63.59829133960318, 67.84462164151626, 59.22173027137876, 59.52419988110364, 61.61192374502491, 67.58106438377365, 56.91407271880655, 62.048778917516984, 65.03128663764028, 60.461653572124874, 61.614634795861775, 68.41002675769312, 59.72098919099835, 65.50542849757198, 62.25440226632145, 61.13222042343148, 61.26952523715454, 64.49527063246057, 66.58193660926554, 59.453020854944725, 61.55271676892801, 56.726407926191996, 65.25446135672291, 64.45082009545024, 61.52352251357638, 63.01075068530349, 62.40363181698922, 60.877957188390496, 58.996459032844314, 67.28927556954682, 59.20438532164144, 61.35816398632551, 59.949673875425674, 66.69865874536254, 62.59158367145233, 64.29789161573626, 61.391985243177146, 64.35536399133923, 60.522227531124486};