name="DEsPA CEC15";
dim=100;
bound=1;
testID=15;
(*--------*)
min=304.4775020154459;
max=306.8541523255474;
median=306.1932597368184;
mean=306.01996365375294;
std=0.5834645098150905;
(*--------*)
data={306.4069531190373, 305.80035065826905, 305.62579909858255, 304.74720203255083, 305.8938788615601, 306.6045849060092, 305.3240557268018, 305.44665078919, 306.3304216318022, 305.81405812110324, 305.2290409258103, 304.4775020154459, 306.1932597368184, 304.4849760475763, 306.2508334457041, 304.8453630401791, 305.8644519171294, 306.28741137603674, 305.97610889032694, 306.3935910424459, 305.8799725190129, 306.42887246591704, 306.6261724168569, 306.8032231864213, 305.3206978379849, 306.4166713025734, 306.5174148244637, 306.24625303790685, 306.3591970544626, 306.8541523255474, 306.51928693582954, 306.07079574353656, 305.6437003515598, 306.16273738889186, 306.20013369654157, 306.268511825843, 306.5355956731373, 305.1763472378964, 305.9807987831168, 305.93857831401647, 306.63833481087204, 305.75854623774126, 306.3374114124442, 305.47908335003194, 306.58829060760013, 306.66373000291105, 306.08231374881143, 306.6423447553425, 306.4946951058555, 306.16682342520494, 306.2209665806854};