name="DEsPA CEC15";
dim=100;
bound=2;
testID=8;
(*--------*)
min=6392.527323420994;
max=13182.606853758858;
median=9377.13364338779;
mean=9491.928689445354;
std=1538.425412991216;
(*--------*)
data={7994.216403789174, 7366.921261192997, 10496.471672819518, 6795.729296433961, 10117.759054829621, 9377.13364338779, 13182.606853758858, 10219.948494049922, 10804.277163689683, 10520.674293738986, 10749.239540665832, 11674.548874602933, 9920.522861074296, 8303.47436821226, 8633.226605876309, 8325.451962222027, 9533.534320243845, 10028.436098048755, 9129.014896808209, 11202.668503029547, 10079.38592394145, 9279.866770960774, 10364.048320082702, 8680.377579178477, 8451.902597536107, 8080.726758976123, 11898.510515945238, 7268.989648650653, 9704.257807952774, 8601.603909319025, 8142.005216061618, 9230.769002365632, 9716.751754211307, 6392.527323420994, 8129.551265427932, 9989.416263736233, 8453.251720509803, 8181.666864197732, 7907.989247705738, 10333.6580459814, 7692.010859032298, 9688.648971269862, 11089.055123666372, 8803.454070812626, 8261.60559861246, 12960.230117970537, 8998.145112783992, 11686.928147991915, 10107.074661377825, 8780.148994153089, 12757.948799405867};