name="DEsPA CEC15";
dim=100;
bound=3;
testID=9;
(*--------*)
min=212.34112661593576;
max=220.1336153542045;
median=215.90354850661242;
mean=215.95211378979872;
std=2.021704338856611;
(*--------*)
data={218.13032158454325, 214.89950203586045, 216.41819557204553, 217.38092703908978, 215.6888180143983, 214.2274491735377, 214.9006329060678, 219.5959891295065, 216.34007910134073, 213.7265992198984, 215.07379778795075, 212.34112661593576, 214.41593824038137, 214.46141779710206, 212.45208672385502, 215.04708781790714, 216.24639907204505, 217.34454069704202, 218.97699951310005, 216.44455154274806, 212.34938840503264, 214.97914482812894, 214.02205266857322, 216.08201987915118, 214.77039837118355, 219.000152825334, 216.88574579693477, 214.45964856476735, 215.90503201958518, 218.18322015540298, 212.98590050848225, 219.65436438899633, 217.1304286275215, 215.8302270755471, 215.31493253701865, 215.13937610350376, 216.91489275312028, 216.35624887610334, 215.90354850661242, 213.25641896686398, 213.341939434888, 219.13000297877238, 213.94045789225947, 218.17119783230464, 220.1336153542045, 218.35369904153208, 217.57831807023513, 213.66242376808964, 215.39700767790714, 217.49733850235543, 217.11620128496588};