name="DEsPA CEC15";
dim=100;
bound=1;
testID=14;
(*--------*)
min=88348.93828719412;
max=133779.171436164;
median=130340.88896385691;
mean=129637.1187491521;
std=5936.380781769086;
(*--------*)
data={129536.67237670295, 130339.4465452042, 129864.03688531124, 130806.09421476815, 130215.92359620368, 130612.21881779894, 129840.19319089397, 129890.05943723541, 130364.65740377508, 130522.88477942266, 130986.47354430452, 130593.8181800553, 130337.91420642828, 130313.582143682, 130545.9397639326, 130966.72545001644, 130340.88896385691, 130559.17406520617, 130468.99604649149, 129975.23269248713, 129712.81142611976, 130977.38452238173, 88348.93828719412, 130030.69207678534, 130554.92555891915, 129527.5287269338, 130182.2017973041, 130509.34277521784, 129800.61702867388, 131586.34166758138, 130337.15948767631, 133779.171436164, 131050.34017861821, 130301.68267451032, 130995.37961115784, 130888.10447287792, 129809.4092982331, 131042.8798408425, 130969.72339383975, 129733.79287420615, 129926.50593976182, 130794.15896222505, 130037.17202158622, 130005.97206237353, 131314.19547831846, 131165.48395860457, 130566.78002683754, 130270.29698021503, 130088.51132119872, 129505.60878705449, 130599.01122956764};