name="DEsPA CEC15";
dim=100;
bound=0;
testID=12;
(*--------*)
min=119.16537751372994;
max=125.96792935770895;
median=122.8098994266768;
mean=122.73303212731842;
std=1.324327330729193;
(*--------*)
data={123.69629123150617, 121.57230062395001, 122.61924850528476, 123.09047289819887, 123.4640429127221, 123.72966276088596, 123.71483154543171, 124.29654487460198, 122.08710244751501, 122.51353790237135, 123.694922749758, 123.51207301787713, 121.94428078769647, 123.94370166850513, 121.74701925327554, 121.32196397795474, 120.58158229898231, 122.01886253909765, 122.37585006186418, 123.60490836115878, 119.16537751372994, 122.50325729308656, 120.6176825041614, 121.61949891143718, 123.09761854074418, 122.40241255397655, 122.0984224434992, 122.49851511493625, 122.80876071899888, 125.65629580005543, 122.16074819798382, 121.4588783509439, 123.04300742168175, 122.84897154405803, 120.90481540485985, 122.90989435437109, 123.62267292582351, 124.0092966364416, 122.8098994266768, 122.98747734294739, 124.59734444020637, 123.05374430214442, 121.65244960380187, 124.36556505196882, 121.06674573253349, 125.96792935770895, 123.4911925141148, 120.14037846089968, 123.97820462868299, 124.0893029329352, 122.22907804919214};