name="DEsPA CEC15";
dim=100;
bound=0;
testID=15;
(*--------*)
min=303.62792045939136;
max=307.1608365050479;
median=306.00054456406065;
mean=305.8388094979401;
std=0.7636038979125691;
(*--------*)
data={305.2786418295732, 304.5807494918188, 306.36196556306004, 306.0968960588448, 304.43968426701076, 306.3229580236666, 304.57742457732024, 306.76422116392246, 306.12030846684684, 306.00054456406065, 305.58905418450945, 306.1263810519158, 306.68261949198313, 305.0106293865206, 305.5081573977559, 304.58894439545884, 305.9150945100814, 306.548592086516, 306.0511981397883, 305.853068266151, 306.11557959848415, 306.67488841075965, 306.6616859395094, 306.89855249534185, 306.54048842547513, 306.83577716951504, 305.4200651727667, 305.6679389575654, 307.1608365050479, 306.89967031524566, 304.8835972068159, 305.7974362112009, 304.99546136398044, 305.3623158261546, 306.00822420552913, 305.265307092895, 306.21239588042454, 305.71737946274266, 306.10952089934517, 306.33591014214176, 305.62525974762866, 306.6413887439767, 305.4309873270838, 306.5151639534072, 304.6757645155776, 303.62792045939136, 306.1354825572537, 305.81621282391643, 305.1226282645298, 305.72833712031775, 306.47997468411677};