name="DEsPA CEC15";
dim=100;
bound=3;
testID=2;
(*--------*)
min=4.422691461469211*^6;
max=1.5980491996932857*^7;
median=8.3844801498200325*^6;
mean=8.655651669799032*^6;
std=2.6684809927130556*^6;
(*--------*)
data={5.868838516983267*^6, 5.946290310446538*^6, 6.082405201072603*^6, 7.423884472644811*^6, 1.0967084972748417*^7, 9.368101897841137*^6, 7.814292393189479*^6, 1.212081019779798*^7, 5.306055939685596*^6, 9.087698518125659*^6, 4.422691461469211*^6, 5.748942500688392*^6, 1.1909315949293947*^7, 9.102791044442791*^6, 1.0631041127191063*^7, 4.666566776127512*^6, 5.303029394261549*^6, 1.2005124738634672*^7, 7.426829014526728*^6, 8.634980005514363*^6, 7.409344370342865*^6, 1.3142979798206178*^7, 1.1490585676215801*^7, 9.206649521900252*^6, 6.594251580446755*^6, 8.496847204956317*^6, 8.590968979237437*^6, 7.594345771576172*^6, 7.646608270613568*^6, 1.1729398492286539*^7, 6.043753754621539*^6, 1.5980491996932857*^7, 8.828761335895866*^6, 1.2492455988825794*^7, 5.085306410173802*^6, 1.2350500727734638*^7, 7.20927186458655*^6, 9.79107149947343*^6, 8.51410649872037*^6, 5.253851242294189*^6, 6.700028043857967*^6, 8.256413156036229*^6, 6.262005085612357*^6, 8.3844801498200325*^6, 8.326516554592953*^6, 1.330847577238665*^7, 5.60224940363516*^6, 1.1297334115932832*^7, 1.0135161022711499*^7, 8.198333920144564*^6, 1.1678912517293682*^7};