name="DEsPA CEC15";
dim=100;
bound=4;
testID=11;
(*--------*)
min=731.0043921576037;
max=1074.211762562858;
median=879.818714075024;
mean=885.5678172986891;
std=81.51747808886411;
(*--------*)
data={925.4360362850589, 903.3868730093279, 749.3020711861047, 865.0378784241589, 896.8835605818217, 827.5269824406842, 832.6257422301746, 973.7980801610033, 917.4391137339123, 824.0364419738094, 856.8346856953744, 786.1634999189728, 835.5187140016808, 768.210395100315, 937.5168535122232, 873.3794332598004, 1013.6400537392183, 827.1293875176812, 828.7168583369391, 838.9199305372053, 881.7219600121189, 800.4991245497663, 934.2658677035031, 862.6033576722489, 926.3100214129786, 903.1102651365186, 835.4937856654178, 884.1566154683917, 941.162774710233, 879.818714075024, 731.0043921576037, 819.9061754380496, 1073.6825555442301, 805.6056837820661, 980.5746896546234, 997.0548338947992, 954.3428975208103, 915.3365522584054, 850.6477580008004, 933.8835304539839, 1063.5441719301803, 788.3431558353168, 829.2455315101288, 785.0747882689766, 1074.211762562858, 824.3315932057149, 894.8777687048537, 1019.3414981457245, 829.5387496004823, 931.7795970043021, 930.985918707554};