name="DEsPA CEC15";
dim=100;
bound=2;
testID=9;
(*--------*)
min=211.88892166000778;
max=218.25104040783322;
median=214.78016959616843;
mean=215.04800957849866;
std=1.6862874077352725;
(*--------*)
data={215.04137260620473, 211.88892166000778, 213.34439280004085, 212.92068604113842, 216.49709818816905, 218.0500506749263, 214.2745844662452, 217.41757529313782, 218.11809948134032, 213.4074663258118, 218.25104040783322, 214.6659474036053, 214.6232630704542, 217.39303687026768, 212.04473969354785, 214.07853462133153, 214.75242725724547, 213.00569407511966, 214.52378626054883, 214.5944098468376, 213.3252809150497, 215.7649927513878, 212.95573377435267, 217.17894580535426, 216.38344802865117, 215.78149984157608, 213.77380574318568, 217.13817149018496, 216.9777732132336, 214.27623812225988, 215.50998375780478, 213.47835419360217, 216.84428272251307, 212.24685146869047, 215.35183669823437, 214.99307541107873, 216.23300276705413, 217.101492192867, 213.61781708849207, 216.51381201637741, 215.6704479429427, 215.87834108664606, 214.78016959616843, 213.30596417127435, 213.45225089688802, 213.7240371223886, 213.40980058314426, 215.87907446296822, 215.64323928096974, 214.49257400385136, 216.87306431042884};