name="DEsPA CEC15";
dim=100;
bound=2;
testID=4;
(*--------*)
min=783.5680502245407;
max=1005.7417013180193;
median=927.7752988779857;
mean=926.7838512324988;
std=41.154838635401546;
(*--------*)
data={990.2830072475936, 931.1516826857412, 877.8084717557945, 926.7233682204776, 905.0608320868582, 898.3396377593126, 869.6888480624648, 899.273265239025, 980.6411036459076, 783.5680502245407, 926.936639273126, 887.6937253745984, 928.4341670447966, 972.6600868883888, 882.4595019748704, 903.4466224754619, 915.0088762133337, 913.6465734943467, 995.7787197756184, 1005.5828772235468, 930.5482545859604, 925.9819139417241, 939.4111144443066, 930.9991514395497, 889.6173681671803, 936.5257065643486, 988.5321579916599, 927.7752988779857, 930.7070134634298, 952.2740252581414, 971.6269098757934, 931.0794573794983, 911.4736425399692, 900.7714935080353, 954.7188187889126, 934.2864086802765, 884.8006086857526, 938.3935837000936, 947.5214098340703, 917.9470354857513, 897.4629047746103, 908.6441753739418, 986.480085191823, 956.1221143577932, 933.077336252567, 878.6310100718194, 1005.7417013180193, 925.6266489975578, 860.6898383452849, 915.0148253941425, 959.3083429016192};