name="DEsPA CEC15";
dim=100;
bound=4;
testID=5;
(*--------*)
min=32213.150354933736;
max=36194.49725867658;
median=34702.66489353489;
mean=34706.971029836335;
std=799.4342930189213;
(*--------*)
data={35234.4487314927, 35056.08214169782, 36194.49725867658, 34325.537180139116, 35808.97773263799, 34949.339905822475, 36116.50681997405, 34481.67022463287, 34628.16881814091, 34237.20808596858, 33648.885423005624, 34709.037507251756, 34543.409982427, 33553.737997391785, 34353.31597587248, 33889.3904851245, 34233.607703217436, 35586.69105082863, 34755.948841556376, 32213.150354933736, 34728.40591790956, 34135.0145906637, 33284.01248904438, 34697.76235857842, 35033.914561773796, 34753.49662475793, 35847.40756125694, 33863.476543701385, 34639.28273183483, 35789.73430441044, 34080.82194650874, 35423.13519786434, 34232.51561258783, 35962.30238289627, 35244.32227734519, 33777.38628565059, 34299.29132130745, 34418.12825486925, 35160.84410632204, 35436.776985734046, 34919.805590474956, 34702.66489353489, 34745.095620515305, 35078.24601723619, 35651.168757473555, 34154.897186787035, 35156.46537520843, 35692.87352907266, 34672.331356544084, 33252.41509728154, 34701.9148217148};