name="DEsPA CEC15";
dim=100;
bound=0;
testID=3;
(*--------*)
min=21.423023382380563;
max=21.578022146556123;
median=21.501741727758258;
mean=21.50256731734937;
std=0.03099768596568292;
(*--------*)
data={21.491621557635597, 21.491203112196615, 21.578022146556123, 21.51025139440128, 21.467889378127097, 21.527540364564402, 21.527774539084362, 21.48277229257468, 21.518351923573277, 21.50519898405571, 21.495234008301452, 21.478445554003315, 21.51919323885943, 21.544898869157464, 21.519705879965784, 21.496252363405347, 21.507745989785008, 21.480510871425963, 21.494967404047486, 21.493889856276553, 21.52258684695954, 21.51640874646131, 21.49701165474204, 21.53025244798556, 21.453993109144108, 21.515633055277988, 21.501741727758258, 21.44733265605919, 21.516466651806354, 21.423023382380563, 21.488107997653174, 21.466508224353163, 21.48388775814476, 21.508910801702257, 21.53403361295466, 21.52411999769953, 21.54036023317127, 21.51656725107307, 21.533859641255333, 21.50024216810141, 21.447720325203704, 21.47055871052447, 21.496882782965713, 21.443309993444984, 21.487001501085217, 21.54458930266628, 21.480454414460212, 21.477720715109626, 21.53890282923777, 21.551664685788978, 21.539610231650954};