name="DEsPA CEC15";
dim=100;
bound=4;
testID=15;
(*--------*)
min=304.00663839597837;
max=306.7751874806154;
median=305.84163699173587;
mean=305.6732004309558;
std=0.705049243669039;
(*--------*)
data={306.0024060761916, 305.71949222017906, 305.7399523527886, 306.4592080010211, 306.3698339713933, 304.43414224950493, 305.6897628676909, 304.26813152616273, 305.796407377901, 306.229998320249, 305.9954643733329, 305.84163699173587, 306.18991423504553, 305.6732803360969, 305.8480943580503, 304.4210442052088, 306.43474962471373, 306.45089163449256, 306.3457873250786, 305.5607832463752, 306.10895037321325, 305.94298762049016, 306.03574440538523, 305.7578096495756, 306.5745040684426, 306.0139422059508, 304.00663839597837, 306.26063819060823, 306.04751736099047, 304.740065944718, 305.3223749694034, 306.208323260784, 306.6403059103027, 306.2968507769285, 304.2401925989848, 305.4285801961837, 304.8960672541848, 305.3751652667738, 306.07580524646346, 305.41975844040826, 304.96856349139625, 304.8854075687432, 304.9635839515672, 306.6840870457213, 304.7140294100052, 305.57389752247923, 304.6897458160279, 306.7751874806154, 305.41372480740097, 305.9006025149947, 305.90118894080933};