name="DEsPA CEC15";
dim=100;
bound=3;
testID=7;
(*--------*)
min=43.3537834735489;
max=68.3480301914708;
median=61.68572859963331;
mean=61.52399719287069;
std=3.8786889602295047;
(*--------*)
data={64.24192914561763, 62.60613597547206, 65.93958588803298, 61.68572859963331, 58.76192768313422, 67.11129555429466, 66.67912557469538, 57.79628737972894, 62.21895497899777, 60.277274124795554, 63.25918870241196, 61.72706328792606, 56.55414581288926, 43.3537834735489, 61.76409551437723, 59.11623807080696, 61.451227928260664, 67.70425439357905, 57.36415258443492, 60.95222256496629, 64.24407892134673, 60.46323221801083, 59.858781226886094, 62.0891513149171, 60.467499334525655, 68.3480301914708, 64.84281381187498, 59.670690886611965, 59.71890877019541, 58.43502612088491, 62.045340738593154, 62.48929023228277, 58.87591259162468, 63.14871245320751, 62.27961844141396, 58.57617065905845, 59.17390238257599, 64.13717601236863, 67.91474904918391, 61.36084336251804, 61.04045157074597, 60.60607523954138, 62.701491545721865, 62.68737669020243, 67.43206640770154, 62.40721618174905, 60.51682684003481, 63.11965268801487, 59.731075813629445, 61.37551947257316, 57.40155842933575};