name="DEsPA CEC15";
dim=100;
bound=1;
testID=6;
(*--------*)
min=9788.52045689445;
max=30128.84534957235;
median=15473.134352300349;
mean=16145.238003384453;
std=3989.4493173178485;
(*--------*)
data={14476.752411648122, 13690.053927793037, 12511.6415005337, 19889.530508141474, 13952.573460635944, 12884.882388904465, 15013.35530219267, 16922.65015056812, 20938.582447553337, 15389.333773105762, 14247.871213734854, 18255.38990795534, 10922.665361618358, 16230.328583533505, 16990.938704949433, 12262.619466660144, 15926.763239706695, 11040.689311622267, 15132.318407920222, 14057.960038827385, 13975.676970871868, 15802.134395785015, 18520.23248378865, 11191.635418003436, 17398.82213881453, 16138.33898059202, 19664.945673119706, 12983.605359890202, 11602.470159175744, 17585.437547040892, 9788.52045689445, 12962.537445400416, 15473.134352300349, 12472.740319336512, 12065.46858832565, 18759.999294370806, 15690.474645428723, 13737.966979976318, 18146.42333692692, 17804.38662904618, 13138.443171139545, 20890.874600456475, 22070.37652284756, 30128.84534957235, 16877.87745447166, 13991.364509040726, 23721.168959851333, 17900.894590178006, 21890.39612569537, 14626.031041994853, 25669.014564665915};