name="DEsPA CEC15";
dim=100;
bound=5;
testID=11;
(*--------*)
min=783.3026172748189;
max=1227.034597347153;
median=938.2492231348915;
mean=953.6016116744167;
std=92.11672352960831;
(*--------*)
data={895.4360134669951, 785.70852173041, 848.3659707371112, 875.8914718607034, 1038.2685764556577, 1048.6288623756386, 879.118901549861, 1079.3240767808275, 1106.4273481878263, 934.3377109248859, 921.1316451929506, 912.0895795594317, 914.3299772131945, 1045.2104370216875, 980.9990211340487, 900.8701402533097, 906.4334793487724, 943.9420256102949, 927.8187146745331, 944.6965767278198, 1038.0851037572556, 908.9782817055727, 977.5347609650175, 862.2238760710416, 854.1161983958814, 925.9154368492841, 1078.4317284275903, 992.0821697378929, 1064.9954327651349, 1126.897341117281, 876.4115478623512, 840.1239278934659, 1227.034597347153, 1019.3904856857025, 1019.7896817145584, 984.0215765928979, 982.6555014742021, 888.7364824934248, 928.4485506802589, 913.9405035156447, 938.2492231348915, 1013.998698824882, 982.1816714243237, 802.5847015734371, 783.3026172748189, 840.9684762322358, 966.2370994633338, 993.2929023358852, 854.8681628914351, 1074.6953548308702, 984.4610515515606};