name="DEsPA CEC15";
dim=100;
bound=4;
testID=10;
(*--------*)
min=6347.972702468468;
max=11164.922978046015;
median=9319.200622439876;
mean=9261.406828898362;
std=977.8758925123917;
(*--------*)
data={10796.060746888761, 9862.468446980994, 10657.577826444865, 10056.532440237901, 8427.075462752737, 9069.35826311795, 11144.543862249451, 9059.982005504693, 8505.207603456367, 9233.394049152523, 8459.090470257512, 9646.342331374117, 9936.449947372741, 7973.950149923014, 7771.163379554555, 9649.393509203104, 9175.293938446846, 8660.137776213778, 10107.413481086236, 9172.948520383614, 10133.186081371306, 9319.200622439876, 8101.5192200106285, 10323.502558061016, 7923.463673466205, 8165.353272460268, 9797.003280254039, 8169.896159342892, 8792.820623684136, 8190.412955532771, 10085.435630030806, 6347.972702468468, 10211.581987802081, 9551.029924996345, 8793.098846827681, 11164.922978046015, 10051.944055646045, 8432.272513234675, 9109.213202972192, 9997.672966441738, 9522.743736406886, 10197.180957709203, 7867.908285049827, 9314.01476405216, 9512.02627644788, 9236.525456904097, 7885.368848259797, 9333.227152519738, 10414.396122161917, 9492.557928973234, 9529.911279640744};