name="DEsPA CEC15";
dim=100;
bound=0;
testID=13;
(*--------*)
min=469.38662485742816;
max=491.60665089126405;
median=485.0126322051847;
mean=484.68014826085255;
std=4.24038360553152;
(*--------*)
data={476.5044659577766, 486.2445082425904, 480.9981315323637, 478.22747918214554, 486.7109533359803, 483.4166263495126, 483.2416711381277, 486.6619026335479, 484.60123889002534, 483.377219079528, 484.7471321921239, 489.01845785721116, 487.77648180541746, 485.6324699304023, 489.9352433348381, 488.78748259949, 485.0126322051847, 491.60665089126405, 483.9016222283617, 484.16290899859473, 490.2571531176659, 469.38662485742816, 480.28935911569715, 480.78810268584493, 482.63112251443454, 483.34995152024135, 479.8253063266752, 489.5083282357175, 486.0589484411555, 485.5786646764209, 484.58434589824174, 483.1907388780535, 488.01567042826764, 483.0120547687875, 491.3307826024809, 481.8938207995875, 485.66941860263114, 491.33802605994515, 485.0216241255298, 484.50146760456187, 485.0438062875173, 489.35687239306435, 479.55465450673546, 489.1399091142953, 482.3950644586125, 488.6835428311085, 486.0129607992385, 483.9158472455101, 485.3666465579888, 476.0391956842909, 486.3822717812625};