name="DEsPA CEC15";
dim=100;
bound=5;
testID=8;
(*--------*)
min=5607.335035930407;
max=13357.96972444942;
median=9530.803806437876;
mean=9567.22072722101;
std=1475.4276289607192;
(*--------*)
data={6835.875909403748, 10678.853577998634, 5607.335035930407, 9011.115440577869, 9359.951928058887, 6707.505715277323, 8706.351039368428, 10373.249006750728, 13357.96972444942, 9879.796167680985, 10416.791742004645, 11940.643727318677, 9530.803806437876, 9206.18847297844, 9419.277184309061, 10436.555604173242, 11410.859845202256, 9201.474669650277, 10636.663269350247, 8174.3021952124145, 7716.941633135226, 10427.027991746423, 11012.147756234526, 9609.008736610553, 9011.547226557377, 8773.565051369404, 9316.465092005521, 11386.24171527081, 10523.94720282465, 9927.912622567039, 12107.775296672005, 9190.225786003215, 9026.061520126937, 7556.084854591289, 9250.19198672824, 7849.475626506281, 7061.854575961635, 7886.442023839854, 10488.152421149684, 11723.556623792636, 10331.470955716497, 9172.478425707177, 9312.483996285937, 10334.82132686789, 9613.681592475932, 10065.594166926123, 9012.504152066327, 9588.054282532701, 10002.063280678103, 11233.783930216396, 8525.13117297154};