name="DEsPA CEC15";
dim=100;
bound=1;
testID=10;
(*--------*)
min=7315.225370069325;
max=11890.044751575479;
median=9422.217467842254;
mean=9395.50573854768;
std=935.5291759975789;
(*--------*)
data={8318.858760253755, 8735.650578678715, 9046.92183842228, 9422.217467842254, 7851.006223296708, 8782.904450757651, 7598.409083291739, 9298.78969543477, 10674.142093479164, 8795.256568229197, 9773.232843789465, 10588.632419068135, 9638.516816613279, 9323.736398444413, 7315.225370069325, 10088.336932993187, 8832.933303275462, 10377.545924577733, 9621.08587903982, 9522.15501205638, 10926.332881435843, 8866.4179819978, 8675.469188051191, 10324.022023332836, 9359.430463675255, 9257.26210413428, 9757.358788207815, 9886.751276292249, 11890.044751575479, 8624.611167022147, 7983.871181085364, 9866.500415551694, 8734.730818094717, 9347.888659416622, 11239.922000508528, 9995.464322883287, 8288.34355398878, 10275.76575198037, 9922.110363282689, 8892.889822638102, 7731.842272179785, 8839.977483838848, 9149.11344567588, 10062.517759293667, 9793.0526440226, 10684.695291410384, 9599.594999297087, 9449.429954360625, 8750.175329770058, 9519.496172081002, 9870.152139233109};