name="DEsPA CEC15";
dim=100;
bound=4;
testID=3;
(*--------*)
min=21.409676448598702;
max=21.572917162145245;
median=21.512150864925218;
mean=21.505029107964138;
std=0.03553713034077758;
(*--------*)
data={21.528653667708, 21.531568633027177, 21.487773171908827, 21.52017432573041, 21.5513658593934, 21.409676448598702, 21.474950230544835, 21.52313521651348, 21.547430955333198, 21.54606004985783, 21.512150864925218, 21.546411902649368, 21.447319865813427, 21.47932665377556, 21.51392999277209, 21.51230243016073, 21.480820044572965, 21.537434374006352, 21.520393744884757, 21.51487033836065, 21.463904965949666, 21.490337189277398, 21.497315111364458, 21.52681855000384, 21.50881951943842, 21.492201222962592, 21.52457768647946, 21.501325911645836, 21.541861810951616, 21.5727067904798, 21.48829796806541, 21.51530648519082, 21.50349345809883, 21.449382771996284, 21.508501472495027, 21.500143631908713, 21.43152967160728, 21.531469891872803, 21.501512677958544, 21.512731633830413, 21.523033999126994, 21.462311931627255, 21.556542699880993, 21.572917162145245, 21.53481163806896, 21.469037517522167, 21.52128625066939, 21.447093585827304, 21.482548071686438, 21.487471165281704, 21.45144329222029};