name="DEsPA CEC15";
dim=100;
bound=3;
testID=3;
(*--------*)
min=21.32805215376959;
max=21.569570019721255;
median=21.513698087467276;
mean=21.4998738331517;
std=0.050121023414522056;
(*--------*)
data={21.483369332231177, 21.538547086557458, 21.518555217778328, 21.513698087467276, 21.489927577078333, 21.39394982264662, 21.459337589399752, 21.516409414775126, 21.510626475413233, 21.55549634498476, 21.54328072278804, 21.484845999123365, 21.491622055943367, 21.48538194348839, 21.472818745846723, 21.552753687678262, 21.52265470328001, 21.55780903509344, 21.501034099047047, 21.521686999492147, 21.51548652511576, 21.444226213325862, 21.540513743536735, 21.430617591480825, 21.527191987603317, 21.52577700276595, 21.554819780436333, 21.41559607011692, 21.528680898223058, 21.50021318930976, 21.32805215376959, 21.527019931939833, 21.502955800827692, 21.53379272688892, 21.53188012522736, 21.51535876740229, 21.504481561546072, 21.569570019721255, 21.507019822571294, 21.386963951500775, 21.449560010329492, 21.5239116577182, 21.540069381956982, 21.53113264112926, 21.55806221627836, 21.48936195241521, 21.563663261878048, 21.46614235429422, 21.429824654889558, 21.506550170355695, 21.431264386068847};