name="DEsPA CEC15";
dim=100;
bound=0;
testID=5;
(*--------*)
min=31296.869117511305;
max=36127.2290919662;
median=34735.78304661924;
mean=34615.348465737894;
std=824.2931233819459;
(*--------*)
data={34092.842328273575, 34868.137514417525, 33549.1515409523, 35002.91432683265, 34912.083677112474, 33455.576821294395, 35330.0605263756, 34711.16707872064, 33892.99077530918, 34735.78304661924, 34516.948218846504, 34759.50378161193, 35667.803502349445, 34703.76066823294, 35280.720124446496, 34007.45406755113, 35179.86420953925, 35984.60493243167, 36127.2290919662, 34766.957473510265, 34006.83891716768, 34550.320388267595, 34394.95857024324, 34566.046707200105, 34697.94764544716, 34503.8406722067, 33790.34394051369, 34115.038985067455, 34819.39940545024, 34807.1224638651, 34749.34195481837, 34637.72315508688, 34969.40609852543, 35103.75101461952, 35355.001073453226, 35607.23254076043, 34777.44736688238, 33888.781372946396, 35095.975477267435, 33993.374684484355, 35316.104009865885, 33738.50195932225, 34180.7258406624, 35521.79921978919, 34490.536983965154, 33863.74400177731, 32909.19571575001, 35884.1794811839, 35091.20615558776, 35114.463126550014, 31296.869117511305};