name="DEsPA CEC15";
dim=100;
bound=3;
testID=12;
(*--------*)
min=199.68570714082534;
max=365.92481328581766;
median=269.30252593874;
mean=273.3533040959114;
std=35.8569169484813;
(*--------*)
data={243.01907929368576, 227.44263209144083, 365.92481328581766, 254.20035672786867, 321.19064102827815, 292.67894980373353, 212.75085470819113, 262.2173124218573, 306.53436731585, 199.68570714082534, 295.50902991366206, 262.4804282645723, 276.80640860383346, 265.52565139907324, 289.74959291403775, 246.51388673552515, 253.5417918125379, 287.3759484356224, 258.64074650560906, 336.05922012468386, 317.7764641350868, 251.57742629697123, 235.29574845937395, 292.88611514207787, 266.6739243880493, 254.00541564364676, 276.32143310364154, 229.91021831788407, 247.13403294836098, 236.60140624213113, 236.8653159087164, 228.73585414133413, 312.61692526790307, 237.06457620495485, 276.7564624999511, 239.6436357530506, 317.8985635279373, 279.73575587095206, 307.93012460174646, 267.84789547984974, 279.0424218858652, 313.2673828332631, 297.41491909534557, 269.30252593874, 246.06976373745943, 274.7410469171866, 272.88183103009624, 271.1483826048443, 255.07803102131788, 347.3422562558849, 343.6052351111575};