name="DEsPA CEC15";
dim=100;
bound=1;
testID=4;
(*--------*)
min=801.6185800009271;
max=958.8100717374571;
median=891.5359253457118;
mean=886.8316449052614;
std=34.43560331617836;
(*--------*)
data={900.0670917583789, 912.2380026732953, 864.2612999509699, 918.701683001827, 871.8540805347375, 828.7747986947566, 868.2926822059089, 905.0672328836733, 876.8099373536709, 923.5484624389437, 801.6185800009271, 958.8100717374571, 891.2842425515337, 869.5160342841882, 912.6660788618644, 829.4834713825799, 900.2168474877681, 921.1074470996355, 876.3064158725131, 886.8425376334799, 931.1904559078248, 933.6895487404704, 912.5652736961797, 803.0948898253691, 833.0605866977228, 885.5613761248987, 860.7090224065059, 876.7063617010176, 903.1619194291513, 894.7017513262717, 875.9461623637353, 915.9922799114752, 852.9527363062502, 891.5359253457118, 893.8907159849666, 866.1410180797284, 921.7269538765186, 872.5916260090157, 920.5071573135428, 880.2349783187333, 856.1075420347365, 911.2296332820256, 859.1936096561735, 898.5080710621642, 912.3225851700145, 932.0344186228742, 902.1387882248496, 922.0386196796821, 845.7489717388519, 913.4367988183762, 832.2271141053857};