name="DEsPA CEC15";
dim=100;
bound=3;
testID=13;
(*--------*)
min=470.7792820245777;
max=517.4513581480048;
median=496.81541147072835;
mean=495.99876248574685;
std=8.181685191761465;
(*--------*)
data={483.4100806132228, 499.951702994696, 495.98172482098926, 500.60316340168765, 497.6476918771939, 485.3998494278326, 489.44823359682346, 470.7792820245777, 502.6310599608937, 500.88034809528926, 505.18097504640673, 487.2118777244582, 496.6215707964275, 499.64179242180467, 498.5204756680398, 497.6404348733438, 489.9070977192778, 517.4513581480048, 502.3910498567916, 495.8178447555624, 498.04661179885875, 501.03100837682655, 496.04579664842186, 507.02408365206384, 491.062841690946, 498.2819606785065, 490.17290007280235, 496.4987234286573, 485.81671854195815, 501.08737283620235, 484.948646455736, 499.68807564395, 489.0155240152442, 492.3996219142864, 510.5806649960448, 491.3344926126247, 501.4027409343512, 491.3532726868541, 504.63586556250766, 496.6714536872255, 501.6254221934, 495.17923769294976, 495.2834809279657, 489.54501241409434, 502.7882522240386, 497.57541663838106, 490.9950483649968, 475.7535996565041, 501.2863582800178, 496.81541147072835, 504.8736568526265};