name="DEsPA CEC15";
dim=100;
bound=2;
testID=12;
(*--------*)
min=122.53157789288343;
max=130.7612261507304;
median=127.62118730181146;
mean=127.39442439852617;
std=2.042453434844377;
(*--------*)
data={127.28820995732508, 126.81358064009646, 126.58386496357707, 127.33697967220496, 129.06427021682816, 130.24095540522512, 128.5738301873837, 130.27281190078452, 128.60401143733293, 129.66150528434946, 129.8952875821601, 127.64932943833128, 125.93014658046104, 128.64880997859905, 124.31696508569712, 128.4402513178245, 130.7612261507304, 127.84575536411785, 126.17133395227143, 129.73740681612549, 127.2225735936197, 129.22245855049482, 127.62118730181146, 129.16618051791602, 123.8371863255652, 126.33745159103478, 122.53157789288343, 125.34376154244114, 128.33139558028643, 122.65517207332982, 125.30641399601518, 128.70660459062674, 128.50788656938448, 128.9717652622985, 127.93012679160438, 128.16505624809906, 127.09571716269829, 127.56153622239913, 124.82435296363042, 129.54743772726533, 124.24423528718557, 126.62257895406356, 123.02139056248234, 127.59909615718811, 125.98339043181977, 130.62303928401388, 126.39529453214982, 128.40356568267066, 128.5825418272825, 125.99747390156085, 126.92066326958661};