name="DEsPA CEC15";
dim=100;
bound=1;
testID=3;
(*--------*)
min=21.425918547350875;
max=21.562029297794197;
median=21.513061394594786;
mean=21.510800183783644;
std=0.03102724011923177;
(*--------*)
data={21.506821434045833, 21.535123056084046, 21.497605197447342, 21.513061394594786, 21.524494512101967, 21.505559648771168, 21.555372143437978, 21.524302852753692, 21.50750201247837, 21.544603833003123, 21.51135862618429, 21.508809169006156, 21.487285403176145, 21.463707111977953, 21.53836975529248, 21.5229846271057, 21.53580158005292, 21.532051290274865, 21.515113975342956, 21.521840875456576, 21.516941872621146, 21.528545421330477, 21.53393182714035, 21.435207866136523, 21.509546761862566, 21.51403477369837, 21.562029297794197, 21.46527450417028, 21.48859607245214, 21.525035058114554, 21.541255353194515, 21.496005837672442, 21.44603725955767, 21.512396170491684, 21.510933971983945, 21.51417750635642, 21.449683807210988, 21.56057743143907, 21.552146233750534, 21.48243205818528, 21.484975148327862, 21.539622144303962, 21.49973686372772, 21.50177610416864, 21.53199823320665, 21.503563544709436, 21.425918547350875, 21.540914338249763, 21.54791041216754, 21.498175851413578, 21.479660601588535};