name="DEsPA CEC15";
dim=100;
bound=2;
testID=14;
(*--------*)
min=99204.40029455916;
max=120071.33520337181;
median=110407.89370169639;
mean=111070.5697996708;
std=4730.8942592485;
(*--------*)
data={114316.38761877589, 108316.79087110539, 104969.14719106907, 110106.3605260971, 112101.22825770032, 108970.04813125615, 110210.9277070554, 117157.4988137317, 115810.71315164406, 120042.53358755067, 108053.5371759181, 115872.30248971915, 106527.97025214022, 111562.61486950151, 110843.59969199363, 108745.38855297457, 110354.96315677738, 109485.90411790193, 113517.08281860937, 112957.9535473827, 106029.73663797918, 108732.91953079673, 111602.58377529317, 109306.0289359959, 113641.16540890907, 109400.43223052293, 102716.7869612843, 118510.90659089688, 117981.11593807394, 115451.7794653813, 108499.16652756427, 106870.33451217193, 113167.76397142674, 100646.14869537337, 115734.85849018955, 109263.74208764397, 111259.51869090121, 111636.18328641869, 118885.14135924951, 119893.61955333936, 104764.90079871575, 111562.07590322527, 109748.54090878025, 108178.97467175269, 99204.40029455916, 113592.05688236923, 110119.5332093843, 120071.33520337181, 110407.89370169639, 111984.67976905867, 105811.78326197961};