name="DEsPA CEC15";
dim=100;
bound=4;
testID=14;
(*--------*)
min=87880.28554383357;
max=91162.1709495303;
median=88781.19507353079;
mean=89044.63804248408;
std=822.0358162610218;
(*--------*)
data={88863.75367657747, 90851.5076403098, 89284.33606718846, 88336.80562352791, 88198.89744609552, 90291.68539109304, 88444.10891207971, 90145.87207483273, 89696.9257003632, 88542.84240352563, 87930.24425720025, 88689.16285662529, 88723.38247596269, 89870.55956096748, 89380.81873610051, 88041.96223543175, 89687.59446374135, 90044.54449187165, 88368.08436316179, 88517.3519304773, 88933.3317112824, 88455.08717953377, 88505.1693223528, 88589.90257952163, 88781.19507353079, 88639.98452426802, 89099.4287121005, 87880.28554383357, 88025.80693033243, 88783.61004455706, 88170.91300432768, 90500.05688985936, 90656.26495853675, 91162.1709495303, 88754.71626039763, 89240.11855848707, 89202.42671096044, 88333.74688102827, 88849.53676267137, 88779.91102372909, 88482.5826809571, 89046.28172053087, 88585.85029640164, 88337.20934183756, 89475.81578661436, 89044.59229895257, 88383.11768891565, 90089.75359886851, 89465.76280092925, 90620.48601042612, 88490.9840142798};