name="DEsPA CEC15";
dim=100;
bound=1;
testID=5;
(*--------*)
min=33588.117200209796;
max=36343.09636903247;
median=35211.58523857486;
mean=35058.008492614616;
std=671.7833496760718;
(*--------*)
data={35567.01663012185, 36343.09636903247, 35330.98462125808, 35504.53237556395, 35559.12252949996, 33967.4479435543, 34801.682262843235, 36244.6770852858, 34588.27780152812, 34312.215128793614, 35935.74134343128, 35711.39529949388, 35211.34515531482, 35211.58523857486, 34081.10382537976, 34418.96133821845, 34261.23281143385, 34152.41008621633, 35063.7490935801, 33588.117200209796, 35509.71810058969, 34988.21478955585, 35082.60599309699, 35221.30008047432, 35581.51659972124, 35090.16228403033, 35293.43937751617, 35536.445768064266, 34096.99189835359, 34197.93722117175, 35553.73855163888, 34615.94738626234, 35869.379198841474, 35622.6678308752, 34844.675426383306, 35971.00812067445, 35414.41982762762, 33706.749618143585, 34343.87658841399, 34261.377661067876, 35225.96650647606, 34598.93220446764, 34199.20215393444, 35773.4546929745, 35418.81370281888, 35396.36207222628, 34934.69621428049, 35573.057694805015, 35117.344079522474, 35802.37871620347, 35261.358623798806};