name="DEsPA CEC15";
dim=100;
bound=3;
testID=1;
(*--------*)
min=5.082304747945992*^6;
max=1.020482435190048*^7;
median=7.485171233414605*^6;
mean=7.477499061160504*^6;
std=1.2105318167709266*^6;
(*--------*)
data={6.174859813832247*^6, 6.938508537903875*^6, 8.795144153086776*^6, 6.101596846752553*^6, 7.869688626659877*^6, 6.87780815009145*^6, 7.476781947887872*^6, 6.07923752834742*^6, 8.612229654733231*^6, 7.86246069388283*^6, 7.758952353007885*^6, 7.378049740121955*^6, 7.278259242713707*^6, 7.056562515449082*^6, 7.443542907989137*^6, 5.756623551994971*^6, 6.656655552366097*^6, 9.5128578069163*^6, 7.5655198283894695*^6, 1.020482435190048*^7, 7.127602623397545*^6, 7.485171233414605*^6, 6.154319963824572*^6, 5.637883430422623*^6, 7.652105965814935*^6, 9.808355480797803*^6, 6.6760270199122*^6, 5.759330122237138*^6, 8.503194684240649*^6, 9.656720398452334*^6, 8.130350905336192*^6, 7.802030701646308*^6, 8.846636682830598*^6, 7.757256849858793*^6, 6.004198499373679*^6, 6.810430471619877*^6, 8.612287602001755*^6, 7.323643151500567*^6, 8.430797958395012*^6, 6.265755800418942*^6, 5.268226556538358*^6, 7.867934031198615*^6, 7.88264411701867*^6, 7.935336127867548*^6, 8.854775955755115*^6, 5.082304747945992*^6, 9.341179567326358*^6, 7.927170788957137*^6, 7.112131990294738*^6, 8.168085145971517*^6, 6.068399740788313*^6};