name="DEsPA CEC15";
dim=100;
bound=5;
testID=1;
(*--------*)
min=4.057843940990182*^6;
max=1.216568375755286*^7;
median=6.462042234941049*^6;
mean=6.601249966225402*^6;
std=1.5757227653032076*^6;
(*--------*)
data={9.609305387130283*^6, 9.575872748583008*^6, 5.68881219585107*^6, 5.505953754549263*^6, 8.682368937959598*^6, 6.022452650991683*^6, 5.056650404384611*^6, 6.142381117265774*^6, 7.862055602075508*^6, 6.8392069231389705*^6, 7.263666953047619*^6, 5.9350680659924345*^6, 5.234722913032426*^6, 6.462042234941049*^6, 6.025694456313084*^6, 7.13396672050937*^6, 6.622252158598799*^6, 8.781765162755134*^6, 6.822943192278686*^6, 8.435960063472038*^6, 6.64946571696637*^6, 7.520659606188897*^6, 4.057843940990182*^6, 5.251540837252573*^6, 7.639302938398128*^6, 6.581635565753803*^6, 4.5963202166257985*^6, 6.554189116250628*^6, 4.468160783752371*^6, 5.166259639788371*^6, 6.614149493153563*^6, 7.486642447448729*^6, 5.492045580638901*^6, 5.539710408122935*^6, 6.384016485039386*^6, 4.284588610542303*^6, 6.938860988995091*^6, 7.522040850033337*^6, 5.341875290648022*^6, 7.551743721820679*^6, 7.730170674102064*^6, 5.280440329312414*^6, 5.082904926959045*^6, 1.216568375755286*^7, 5.785127164422741*^6, 5.311623406744961*^6, 8.703031551742073*^6, 8.590989713656612*^6, 6.003828302345573*^6, 4.926050230913174*^6, 5.739704338463539*^6};