name="DEsPA CEC15";
dim=100;
bound=4;
testID=6;
(*--------*)
min=8530.994191919317;
max=31544.75701481702;
median=16206.376949463323;
mean=16792.499228653054;
std=4444.569805914529;
(*--------*)
data={17267.40200019879, 20385.12492411086, 14779.795883037754, 13479.704572835362, 17785.541256818997, 15637.047615693838, 15117.196084000565, 8530.994191919317, 16997.66143267817, 21768.21382839319, 15096.342441867928, 16206.376949463323, 17555.058744737697, 15623.050081773614, 14271.070520292193, 17758.18992995596, 13807.836197369135, 15714.013152981173, 14755.859357518328, 14800.268573600588, 17586.012002369243, 15966.344262802333, 25940.767548034455, 10432.672720707884, 24539.419350247575, 10684.204773043502, 18991.169129645154, 19003.946523255137, 13801.046759089746, 18070.346384099106, 31544.75701481702, 20494.920528204264, 27812.80645471363, 12488.918541839204, 12340.566728759211, 16119.816003654825, 18990.866569273658, 21509.7898113506, 11149.718558543827, 19822.84363457175, 17901.93470340906, 17336.261764263447, 10958.658161781394, 13842.003319165366, 19460.92930785488, 20283.379856732405, 16512.080222367244, 13301.512398153624, 10621.353583093167, 13335.688690207011, 18235.977616009186};