name="DEsPA CEC15";
dim=100;
bound=4;
testID=12;
(*--------*)
min=120.76216979570222;
max=126.62692440544515;
median=124.09674523637568;
mean=123.9924220074941;
std=1.2810730415215237;
(*--------*)
data={121.43879127497803, 120.76216979570222, 124.82696626583834, 125.25586418319813, 124.80262789139647, 124.75573539840298, 124.33959769380954, 122.20651638897561, 124.27131424710774, 125.29708427361015, 124.29448005233348, 120.79478217175301, 126.12289145697855, 123.46778664854128, 124.83093998045342, 123.83857909219478, 123.44897820351275, 122.58906623626399, 125.29753424576097, 123.810548511447, 124.13878474207786, 123.27224414592342, 125.58859141294238, 124.08018464158272, 124.15202477838307, 124.42296738808659, 126.62692440544515, 124.05916287311788, 122.83183118896159, 123.60002091959632, 124.51053410950203, 125.3226375709653, 124.8623847613394, 123.62481957300679, 124.09674523637568, 123.55313518311664, 124.62170231658365, 124.51296163521397, 122.64780270176016, 123.07758553145482, 125.74837092998473, 124.22873712065166, 124.76735525176537, 122.95799785342228, 122.96596226744123, 126.55686866784549, 123.83485554356503, 123.7168009528466, 121.66522410569178, 123.77026645705587, 123.34578410423455};