name="DEsPA CEC15";
dim=100;
bound=1;
testID=8;
(*--------*)
min=7012.753742040983;
max=13524.827624203364;
median=9549.269785070397;
mean=9628.610906954222;
std=1295.141634314362;
(*--------*)
data={9977.965686837739, 9062.194869082177, 7012.753742040983, 8059.941675829563, 7918.029013659278, 8407.878065922905, 9874.887735559587, 7210.917698025273, 8777.089021120155, 9414.301137734346, 11065.918296334348, 9130.140033976053, 11533.124571027174, 9668.787807574286, 9212.19333599152, 9267.683289387976, 11946.82986201306, 9726.945984242888, 10234.890677971072, 8453.4040112166, 8382.842091118251, 9942.102329038198, 8481.345302940928, 13524.827624203364, 11449.170300458696, 7829.234991540801, 9475.021085808576, 9929.373831450119, 10566.705924542322, 10902.639619140005, 11305.533782383807, 8354.316149540913, 10015.323831045047, 8798.509382752743, 8282.604309775052, 9767.709050261636, 8928.92564112241, 9433.444635899945, 9043.794240830537, 11554.618255582125, 9764.104788813964, 9784.049920549673, 8526.559793464785, 9193.383315137795, 9549.269785070397, 9262.842202132717, 9613.325469055608, 11434.152266711339, 9793.125766103989, 11944.876616502788, 10269.54743613966};