name="DEsPA CEC15";
dim=100;
bound=0;
testID=14;
(*--------*)
min=87744.61315125499;
max=95022.83779174722;
median=88989.34035613405;
mean=89351.56401199983;
std=1585.7581659608038;
(*--------*)
data={88989.34035613405, 88166.1722463496, 88853.79213032004, 88333.89826029293, 89182.89540872177, 88180.10345676317, 90035.82385480021, 89129.00766837873, 88375.36904667655, 88157.55649435456, 88237.00922659169, 92469.95826580335, 87761.81350535082, 89003.5906683735, 88993.79986658573, 88214.40851633497, 88573.09518274068, 88062.10283830277, 87744.61315125499, 91581.91402851568, 92823.54920339916, 89208.34585814155, 87993.36033734427, 87838.45061729365, 88546.72966585259, 88938.45291168394, 90536.43725479202, 88996.5784167596, 93009.50490304112, 89043.61360588307, 88261.44010078366, 89237.01282962953, 88648.22741461422, 88676.55635331923, 91311.65077798993, 87802.63729634428, 88109.17290870995, 89680.94993990556, 88695.6408475623, 93015.43287832964, 89752.81861973331, 89071.53649254281, 88308.14829928122, 88662.67326742799, 88695.15209404228, 95022.83779174722, 89231.41944387171, 89789.06578354475, 89746.95396662552, 91088.53514335689, 89140.6154157932};