name="DEsPA CEC15";
dim=100;
bound=3;
testID=14;
(*--------*)
min=156468.39512209376;
max=880647.0313485604;
median=235447.21882972203;
mean=303533.3764862736;
std=147153.13454052142;
(*--------*)
data={214075.65937682067, 352357.8922693505, 224772.6107541552, 156468.39512209376, 346702.0917633205, 435569.1564496229, 183165.94896640602, 230291.60078283754, 235447.21882972203, 171994.68574692318, 381385.3896108958, 347579.1845072591, 366282.1625031325, 204404.72308666393, 555356.5619698454, 445559.6232672456, 408939.08878716297, 176256.47461057923, 474730.9133516115, 200268.58886648095, 198032.55969398076, 493596.7928201455, 179275.157166441, 409514.97297265864, 185692.42351968057, 221039.2807861004, 179830.30477855325, 200275.38279884195, 276561.553737037, 323059.4690144915, 202936.00276863747, 186883.85650450524, 250747.73165323635, 375488.30340619397, 274055.46036046755, 175189.71466638194, 188442.5209253923, 169534.67133124123, 880647.0313485604, 199291.43104814438, 352710.9272581588, 239285.58950439424, 226034.398039455, 290718.0372195533, 471472.3434306837, 167457.68723345816, 596242.1516842333, 488647.26991030964, 232758.17220396225, 176101.9268358176, 557071.1055571083};