name="DEsPA CEC15";
dim=100;
bound=1;
testID=12;
(*--------*)
min=120.3029126230781;
max=124.50738878208222;
median=122.43725010931689;
mean=122.50786290196454;
std=1.0012921775990924;
(*--------*)
data={123.7884041441157, 122.57767376113111, 122.73506649664864, 122.43725010931689, 120.3029126230781, 124.50738878208222, 123.5370078755559, 121.89448884074886, 122.64545757598353, 120.59501560686613, 122.15554544155884, 121.2730895945565, 123.13880435277338, 124.2436222556421, 122.07556757445445, 123.50788565075732, 124.2700492775848, 122.2340940105396, 122.02323938477252, 123.18161799126096, 123.20478465886754, 122.0062550140567, 123.6722940191064, 122.31291361576041, 121.87582868384857, 122.80292859771794, 121.78743326641461, 123.2427516046921, 124.15324901814051, 122.53733163640868, 123.19230054469222, 122.01233445718913, 122.68108593797206, 122.17706289443868, 121.7732445650654, 122.98182988799908, 122.5151849532599, 123.66810101687838, 123.75690393825107, 122.4286647604356, 121.733503386557, 120.74880718149439, 123.49676000278009, 120.84103356418518, 121.48568693974357, 121.1456765530213, 122.31624543603698, 121.89716528945178, 122.0766974879516, 123.17200144696062, 121.0807662913844};