name="DEsPA CEC15";
dim=100;
bound=0;
testID=11;
(*--------*)
min=731.4192993714246;
max=1108.2353548270908;
median=947.7667929138897;
mean=942.5348467222537;
std=89.73273941510017;
(*--------*)
data={1075.7247502136465, 1066.1440015778808, 943.6869228208886, 945.8115958485785, 896.3201561004516, 759.5086525970523, 936.9334093836146, 907.3709137860005, 891.148029071986, 1015.0324389198759, 956.1084241688295, 960.2692473740881, 731.4192993714246, 945.7004442691637, 966.4576664173392, 989.6850199383707, 931.6596936682868, 1108.2353548270908, 841.4751871803574, 806.4783923853711, 955.5614060082539, 967.016419840249, 1016.5292745360234, 846.2407591126562, 888.8276049075466, 845.9273781031793, 965.0997858979686, 1002.5785330929612, 1001.3526998870057, 881.5877759354973, 890.777935328952, 949.5801285646812, 947.7667929138897, 959.4785167061045, 734.1181488911959, 916.410853627495, 898.7036614489248, 1045.4256977660589, 1103.2775740276338, 1061.6402157541643, 1008.7351350616113, 954.4858841794162, 896.3149578652983, 1046.5149934650226, 936.5892434935554, 992.0311140502158, 1074.4228781152387, 866.145172203434, 1044.6681988096484, 920.401476458931, 775.8973668618166};