name="DEsPA CEC15";
dim=100;
bound=5;
testID=7;
(*--------*)
min=55.55229108799699;
max=63.71806674290838;
median=59.207313238829556;
mean=59.66902175631669;
std=2.2776108497848147;
(*--------*)
data={61.791832100553734, 56.67893610092824, 57.97816521782761, 58.720907283053975, 62.6281121118318, 61.79828958493249, 56.55127204992118, 61.87374320858294, 62.687099427621206, 61.27953307296184, 60.50236832882342, 57.51957370222351, 58.52535500044007, 60.70032516466233, 58.76793481920265, 62.420321929156216, 56.001217336548734, 61.78306480533308, 58.862800702997674, 56.614963208880454, 57.7468362458917, 59.04017039875214, 57.01159549177123, 59.7908219712383, 58.356127474815366, 63.310740964424895, 58.92744061325095, 63.32054988734035, 58.910583755589414, 58.91647219656261, 63.71806674290838, 61.38783491719357, 59.207313238829556, 60.93933209767761, 63.64010010251525, 55.55229108799699, 58.694690329714604, 56.05706950321826, 58.322909486198455, 59.47692378854504, 62.315158817307406, 61.63260109971327, 56.19147372371526, 56.81083697054271, 60.95287149858427, 58.771333146170264, 62.0311767738084, 61.2642813646213, 60.296793015192065, 57.30163177297709, 59.53826593860106};