name="DEsPA CEC15";
dim=100;
bound=2;
testID=1;
(*--------*)
min=4.732898913904213*^6;
max=1.0308576566051064*^7;
median=6.31499778912976*^6;
mean=6.712454108699939*^6;
std=1.340416624194951*^6;
(*--------*)
data={7.4181120652341265*^6, 8.257321071794641*^6, 4.737562465796464*^6, 9.052991811765201*^6, 5.478036405295363*^6, 5.317686858333062*^6, 6.287731984785817*^6, 9.049628756905144*^6, 8.226072838168275*^6, 9.110183665440558*^6, 6.078418885790074*^6, 5.042912168682879*^6, 6.014651163452976*^6, 5.229508021696975*^6, 7.91762485182262*^6, 5.381472427640144*^6, 1.0308576566051064*^7, 4.970303087324095*^6, 5.7614613054466825*^6, 6.31499778912976*^6, 5.02402128568558*^6, 4.732898913904213*^6, 6.1395208215101445*^6, 4.943020603919004*^6, 7.904226849403517*^6, 5.97021720233479*^6, 7.1352624389803875*^6, 7.324583211498149*^6, 6.255369109947928*^6, 8.155214284321809*^6, 6.571462420834772*^6, 5.961515173872586*^6, 7.389839820932455*^6, 6.006373573140929*^6, 6.506353026265563*^6, 5.874581705931543*^6, 9.356676953305576*^6, 4.9272533498087805*^6, 7.13027651987292*^6, 7.364051955594111*^6, 7.1460104604520295*^6, 6.521113050536865*^6, 7.698200241261396*^6, 5.717176309933189*^6, 7.63258925662453*^6, 6.3120858931510495*^6, 6.989063886973803*^6, 6.236108175383371*^6, 6.145352261438466*^6, 7.111689042064487*^6, 8.19779755425692*^6};