name="DEsPA CEC15";
dim=100;
bound=0;
testID=10;
(*--------*)
min=7729.097339502367;
max=12743.02508988429;
median=9484.623385743076;
mean=9531.333019173951;
std=1022.6218968837962;
(*--------*)
data={9883.957679996416, 8495.728855022237, 12743.02508988429, 9222.745722843261, 10130.018419562746, 8244.306595253194, 8635.912954462006, 8819.32592877005, 9146.435309856704, 10362.436942802446, 8986.381861137614, 8610.479551931561, 9881.67691676367, 9994.248217132093, 10088.47871702844, 7960.26812435393, 8646.72959638844, 10612.726925752053, 8034.700223411142, 9747.60531719474, 9011.723425839791, 8470.609323928184, 8591.949853211607, 9232.284049573616, 10441.74292490031, 10381.243780123268, 9962.135747705346, 10282.404354413695, 10111.464995062523, 7729.097339502367, 9175.060545756312, 10626.447784924647, 9883.432723572612, 9282.389236762323, 10421.081837079922, 10183.658836917091, 11888.76980292166, 9261.486949209171, 8769.635908149037, 9484.623385743076, 10940.727701603026, 9734.271544157751, 8121.804833554292, 8878.972118865058, 9534.581490837852, 10155.866805842517, 8743.895798414891, 8326.365886266429, 9016.078411627435, 9779.480830022745, 11427.50680183593};