name="DEsPA CEC15";
dim=100;
bound=0;
testID=1;
(*--------*)
min=4.1093188096210733*^6;
max=9.449192130356925*^6;
median=6.313389786240157*^6;
mean=6.339024496368671*^6;
std=1.358868104995521*^6;
(*--------*)
data={6.313389786240157*^6, 4.332918594535064*^6, 8.95152639916001*^6, 5.725535369574142*^6, 5.043732628399983*^6, 5.293182000582223*^6, 8.570531277662653*^6, 4.699759971878468*^6, 6.989295275958286*^6, 4.415846610743232*^6, 5.819611477705896*^6, 9.449192130356925*^6, 7.533287826205099*^6, 6.96595101199004*^6, 4.321372997406335*^6, 7.874725874148061*^6, 5.94478673353967*^6, 8.246587526560404*^6, 6.599827336749692*^6, 5.865683793030703*^6, 4.1093188096210733*^6, 7.976924872515378*^6, 6.313177438024685*^6, 7.781042836100371*^6, 5.178762598611661*^6, 4.82887715314868*^6, 6.712466081658477*^6, 6.885930158792058*^6, 5.556971746913598*^6, 6.482535391712468*^6, 7.458768817249262*^6, 5.9772135607059*^6, 4.655717102062981*^6, 5.081334762593714*^6, 5.764844195787713*^6, 6.688917266629092*^6, 7.077564075646882*^6, 5.493060923814354*^6, 8.862302298511654*^6, 6.958987044165295*^6, 6.81817726864585*^6, 6.074721997310542*^6, 5.282187198503395*^6, 5.734291226013344*^6, 4.373731426509195*^6, 8.01486708048716*^6, 6.678816753708674*^6, 7.368443263002013*^6, 6.554966096107713*^6, 7.4217503272292465*^6, 4.1668349205927225*^6};