name="DEsPA CEC15";
dim=100;
bound=4;
testID=1;
(*--------*)
min=3.602508581066233*^6;
max=9.580207741438314*^6;
median=6.457716511486155*^6;
mean=6.2957156035701595*^6;
std=1.4380910997244588*^6;
(*--------*)
data={9.580207741438314*^6, 6.457716511486155*^6, 6.815702413050828*^6, 6.189474435493557*^6, 6.022377614763847*^6, 7.082181525754061*^6, 4.436575584615837*^6, 5.64291327142157*^6, 6.835900302493345*^6, 3.981420162503677*^6, 5.102126885848836*^6, 7.238811985614785*^6, 7.22360842924102*^6, 7.739336362205589*^6, 6.846963861778964*^6, 6.422417831321509*^6, 3.9036999309766507*^6, 9.179241150723912*^6, 4.0731320339146922*^6, 6.737348096598906*^6, 8.107740994023052*^6, 6.996228403751068*^6, 8.93000458945569*^6, 5.79159817914573*^6, 6.79432956800599*^6, 5.442226482833093*^6, 5.942024476464889*^6, 8.455244441022692*^6, 6.733638097734417*^6, 5.325458880150223*^6, 4.0894506700413944*^6, 8.010353291567199*^6, 6.979595038416725*^6, 4.314302087049*^6, 4.831446517198037*^6, 7.114476188313433*^6, 4.830079298661267*^6, 7.3238784311986705*^6, 6.861342014440708*^6, 3.68558073351489*^6, 6.369758314285877*^6, 5.04726061663318*^6, 7.143479483682299*^6, 7.180093671610491*^6, 7.585285590560068*^6, 6.232786072691739*^6, 5.744037566260504*^6, 6.901634434142761*^6, 6.100564352490207*^6, 5.103932584420603*^6, 3.602508581066233*^6};