name="DEsPA CEC15";
dim=100;
bound=5;
testID=13;
(*--------*)
min=466.5374663039347;
max=491.7972237238889;
median=484.2708250340006;
mean=483.4715870152102;
std=4.530372730302145;
(*--------*)
data={483.0553824678457, 487.1447708781834, 486.35166823755776, 481.7170838354484, 486.6539062467082, 477.3124808259563, 480.63337037920155, 483.9799318791386, 478.16794633403765, 491.2519996637991, 487.5949645236751, 480.85314219425004, 481.62326155196683, 478.1819928630939, 486.4617905139671, 479.18470713039824, 483.9647954475654, 466.5374663039347, 487.0429333476982, 486.96460665102177, 479.6957236080659, 485.0172751976272, 482.40793117779094, 477.7930691662741, 490.81163455214164, 484.4318522106116, 483.8452444165291, 484.8849246689183, 486.49635107214317, 484.68963331281475, 478.47250642901076, 479.05196164185713, 476.12294842602046, 490.0659372314394, 485.6924206975025, 487.99651669941795, 480.8479153035387, 485.9010463594857, 484.35041160672995, 484.5952286414065, 483.81375068739044, 484.9289924765212, 482.1205102588965, 484.2708250340006, 484.5593357959633, 486.83053995946193, 482.9441651989257, 491.7972237238889, 487.9193456529374, 483.96082776751336, 476.0566875254476};