name="DEsPA CEC15";
dim=100;
bound=0;
testID=8;
(*--------*)
min=5948.061186328466;
max=11317.156615953663;
median=8808.405614208432;
mean=8896.22987093534;
std=1297.4185112516386;
(*--------*)
data={7778.57686529551, 8808.405614208432, 10324.108724546853, 7914.737227448026, 8862.72184789881, 10195.889910332, 8610.136049682696, 8146.000343789361, 8722.94335756162, 8063.244743898884, 8276.49349594846, 11087.727407673176, 7922.893390836269, 6748.100886339944, 9416.821199044873, 9382.660376446282, 9382.530433696002, 9236.61699051951, 10033.863277026274, 9509.01496751733, 7613.078735936635, 9977.919134707718, 9480.213916900379, 6999.400377333505, 8342.048446234263, 8134.185277301196, 10729.866535713005, 9168.70826122484, 6422.98258469644, 10275.901691178351, 8157.9290974180985, 9825.136940238088, 10482.255138798551, 9724.580796210803, 9860.175227844627, 10698.289340042802, 10499.17896425131, 8112.542309128668, 7188.460284831579, 7420.379189678282, 10160.827377877737, 8634.914720046287, 7971.974611493828, 9533.820591875132, 8399.447061568217, 10689.353944224798, 8587.872196900968, 11317.156615953663, 8527.299124345416, 5948.061186328466, 6400.276627708499};