name="DEsPA CEC15";
dim=100;
bound=0;
testID=9;
(*--------*)
min=210.2190034612113;
max=215.53989040544093;
median=212.87574547149188;
mean=212.82444943662588;
std=1.193934208467313;
(*--------*)
data={213.37159079188586, 215.53989040544093, 213.43786356049668, 211.73531186109312, 213.87793694023162, 211.7256690102531, 213.35348865959463, 212.74621604196022, 212.04003999282781, 211.76114635508725, 211.54410593718012, 213.23991194237465, 211.50245456062362, 212.62164256162555, 212.86628456965582, 211.76880667714704, 212.06316631633445, 211.47483735915534, 213.14194027799704, 214.9015648577224, 213.57616393924627, 213.65232873255695, 213.6227494653524, 213.24566609990575, 211.83499573585823, 212.2105958743166, 210.37402413011887, 212.87574547149188, 211.8255934775516, 214.46256355547666, 214.45646824297046, 213.43063859536505, 213.11629165545492, 211.02368008181838, 215.14831648095628, 214.09220921048995, 212.74186359079886, 212.82132839930318, 213.6348924060726, 212.7167417817261, 211.87919493964478, 213.4431768001009, 211.51764401304217, 212.82555471857586, 210.2190034612113, 213.29581513391054, 212.90875500575953, 213.35645527127417, 215.11622344357443, 210.96585151400745, 212.94252136130012};