name="DEsPA CEC15";
dim=100;
bound=3;
testID=15;
(*--------*)
min=304.61456732764964;
max=307.75270876871514;
median=306.70869690872405;
mean=306.55904818344567;
std=0.6930920911942492;
(*--------*)
data={307.19572121980696, 306.82905080721184, 306.9773037533298, 306.7829156176506, 306.84297906506913, 306.3767687170696, 307.18477790086285, 306.5227138650964, 304.89767556841934, 306.429943491994, 306.11257659869534, 305.0441832927304, 307.1122546060176, 305.04145789591485, 306.9456267518892, 306.49339149344723, 307.2359533726883, 307.0623690164057, 306.6113490744947, 306.67097108530106, 307.49684307276084, 306.6247110531615, 307.3063968976362, 307.1905573505612, 306.96713572256726, 306.54871829960734, 306.60517991884603, 306.78031694022775, 307.1182423242435, 306.48637379301886, 306.1547684298055, 307.1674653753478, 307.1502241590638, 306.0887692236158, 306.61765963431026, 306.91522969539824, 306.4703270216464, 307.0031095463121, 306.368051593804, 304.8955985193595, 306.8115420675724, 306.92720032073066, 304.61456732764964, 307.75270876871514, 305.60237209779507, 306.7788268379968, 305.96014247680114, 306.4907892051406, 305.7664381893353, 306.70869690872405, 306.7725113898823};