name="DEsPA CEC15";
dim=100;
bound=3;
testID=11;
(*--------*)
min=987.1152664763531;
max=1290.867727552209;
median=1136.1316255628026;
mean=1137.2895673980952;
std=70.42722133113388;
(*--------*)
data={1113.3450170173455, 1203.261548345782, 1173.5320873504088, 1079.2640177276253, 1008.6029421099515, 1164.8523624724958, 1043.4776635469061, 1030.0663385654198, 1115.8378543454965, 1124.9246729899755, 1132.185616826765, 1085.5811458880153, 1194.0766396895897, 1164.7721560843997, 1129.89295466579, 1136.278686891449, 1290.867727552209, 1243.0755291633086, 1076.5909365664838, 1126.2098664268824, 1222.526726418761, 1013.5749906693595, 1158.069350591105, 1132.646410054405, 1163.6729401842072, 1169.0204258833664, 1186.342556984746, 1197.6168952707026, 1221.2385767254564, 1089.5806508000705, 1190.098310130139, 1157.5606275438586, 1136.1316255628026, 1144.3698880358156, 1275.664880381351, 1262.0212315157296, 1220.9574217281233, 1060.76381229663, 1138.1549888416366, 1203.4557143358234, 1187.697751401699, 1138.941182702125, 1073.0044745532696, 1000.3573093053747, 1129.7290231847874, 1049.6298448965217, 987.1152664763531, 1084.8859959664233, 1104.9691107952676, 1133.2498656167963, 1132.0243242238485};