name="DEsPA CEC15";
dim=100;
bound=3;
testID=10;
(*--------*)
min=6830.350044478291;
max=13144.814469968267;
median=9236.739100487906;
mean=9318.49668811308;
std=1335.929244613522;
(*--------*)
data={9833.394794559836, 8160.471297164298, 9211.862626487113, 9130.984826796805, 8105.599881095388, 9605.007541388255, 8975.269413757724, 7899.601015957594, 9930.733330341092, 8232.48553094495, 9663.083898021716, 12066.192447985257, 8731.248241605752, 13144.814469968267, 7764.385616274743, 9063.757046821402, 6830.350044478291, 6930.008774043723, 9001.461066864433, 7115.473290293294, 10832.94061741647, 7471.657187382045, 8787.29058729978, 10661.214691097877, 9742.678045211134, 9488.149156774318, 9305.468068137136, 12369.15002650004, 8190.999233674047, 9740.939505676546, 9202.484108282159, 9236.739100487906, 10062.116318667619, 10153.083748573914, 11427.241122551393, 9415.44314813353, 9122.301455499693, 9231.962336206343, 10684.262335095618, 7729.436341533225, 9757.18456399419, 8039.796577180043, 11414.121509779761, 9680.008832713833, 7605.004353281129, 9586.991233652578, 9068.243333242459, 8388.444982376488, 9429.052792919701, 10315.933775614203, 9706.806849962131};