name="EBOwithCMAR CEC17";
dim=50;
bound=1;
testID=23;
(*--------*)
min=411.68886;
max=453.04058;
median=437.17036;
mean=436.05991294117644;
std=8.815639090882133;
(*--------*)
data={441.16459, 442.32068, 413.9126, 439.93539, 439.31978, 426.98001, 436.81931, 439.32127, 435.10628, 445.99924, 442.63897, 439.6866, 438.2518, 431.28521, 437.22007, 426.40474, 425.30557, 437.58591, 425.49848, 452.25921, 432.34744, 435.71612, 436.58701, 448.03566, 449.07948, 432.52699, 423.6091, 436.18647, 442.2677, 429.23526, 448.97438, 442.29645, 444.08492, 440.25793, 438.93845, 432.52485, 441.80499, 453.04058, 434.58349, 411.68886, 449.89122, 428.68382, 438.65234, 440.61901, 428.10536, 426.62935, 437.17036, 426.83755, 430.05629, 434.78903, 426.81939};