name="EBOwithCMAR CEC17";
dim=50;
bound=1;
testID=13;
(*--------*)
min=7.9610199;
max=88.256762;
median=44.2971;
mean=40.505254599999994;
std=18.91408760106082;
(*--------*)
data={44.575835, 54.789311, 40.871386, 42.757026, 18.93279, 45.505001, 56.000741, 44.909021, 51.807862, 9.9502347, 39.029582, 88.256762, 44.2971, 44.920901, 44.594763, 14.938456, 48.96099, 26.869553, 68.986684, 64.972952, 39.350302, 37.507127, 62.462302, 8.9552746, 55.105211, 51.069401, 49.2149, 9.9837654, 49.231987, 11.939787, 51.980422, 45.258545, 7.9610199, 9.951378, 11.973742, 14.932393, 39.030589, 39.678883, 12.934822, 48.013257, 53.859005, 22.891346, 64.721135, 45.507756, 22.918277, 43.08198, 42.740978, 58.812811, 76.393549, 39.661572, 42.717517};