name="EBOwithCMAR CEC17";
dim=50;
bound=5;
testID=24;
(*--------*)
min=500.92549;
max=514.68587;
median=507.84311;
mean=507.93248196078446;
std=3.0975145459539095;
(*--------*)
data={510.54027, 512.74225, 505.8206, 510.24397, 509.39024, 514.68587, 503.37754, 508.35966, 508.45448, 509.87285, 511.80026, 505.6523, 510.957, 500.92549, 506.12048, 511.00483, 509.0888, 508.06274, 509.50583, 507.66599, 507.52712, 511.84071, 503.03401, 512.69315, 510.2578, 506.40344, 512.87351, 505.69957, 505.88652, 510.08502, 507.0697, 510.61315, 505.0029, 506.72981, 505.07082, 502.11042, 503.45535, 506.74133, 507.8728, 504.42033, 509.69353, 502.91326, 511.27736, 507.65823, 506.13697, 512.31959, 506.99537, 506.14985, 508.03989, 507.84311, 505.87051};