name="EBOwithCMAR CEC17";
dim=50;
bound=1;
testID=20;
(*--------*)
min=80.628334;
max=346.23571;
median=139.66202;
mean=181.65748825490192;
std=88.25724027124089;
(*--------*)
data={139.66202, 328.25686, 262.73666, 319.03464, 117.9842, 346.23571, 319.87273, 225.63001, 111.32367, 109.83726, 106.32824, 113.63751, 143.29458, 216.76198, 163.26823, 133.15763, 200.77488, 254.83311, 87.61209, 104.39842, 195.77058, 323.68844, 107.11047, 193.67232, 324.30013, 110.57161, 81.679484, 134.44389, 314.80007, 104.438, 125.56356, 117.52944, 113.70317, 131.67196, 342.90784, 232.34653, 157.42908, 106.80109, 91.344676, 172.37119, 80.628334, 337.44033, 146.99948, 124.57981, 121.1775, 264.0084, 135.53976, 341.6946, 96.584047, 85.32981, 243.76587};