name="EBOwithCMAR CEC17";
dim=50;
bound=0;
testID=13;
(*--------*)
min=6.9672435;
max=122.67022;
median=42.739205;
mean=40.09779925098038;
std=20.397942091232192;
(*--------*)
data={41.205605, 38.124162, 44.606353, 9.953951, 13.963665, 19.899841, 9.9497976, 55.076994, 47.979279, 42.436078, 37.484787, 46.423079, 21.895961, 23.882731, 44.926903, 48.5944, 14.925281, 41.801934, 52.019796, 56.316161, 52.343712, 42.739205, 57.264252, 39.662214, 42.41646, 8.9552093, 47.683188, 50.4395, 13.931988, 33.858515, 21.900294, 46.119179, 52.613163, 41.822479, 122.67022, 53.862168, 7.9611224, 48.023369, 6.9672435, 45.209647, 47.995256, 57.520243, 38.733382, 40.557744, 43.993475, 24.875352, 43.04909, 57.863627, 12.967518, 44.284245, 85.237943};