name="EBOwithCMAR CEC17";
dim=50;
bound=3;
testID=29;
(*--------*)
min=321.34916;
max=420.74703;
median=367.44921;
mean=371.04976921568624;
std=22.912824828478296;
(*--------*)
data={396.559, 388.8404, 356.67085, 375.60545, 385.61505, 408.49701, 370.75761, 366.40995, 409.389, 350.65296, 359.33766, 376.99029, 343.93055, 378.66037, 383.30906, 346.30304, 365.32935, 352.65123, 363.27282, 367.33243, 380.80053, 342.58809, 381.50374, 355.49227, 321.34916, 345.54421, 396.35913, 358.31445, 350.21052, 398.2335, 391.85758, 338.13167, 420.12983, 366.19538, 365.60173, 380.08938, 347.95237, 391.14166, 347.16293, 345.4471, 398.44752, 393.296, 371.99384, 349.41523, 347.34217, 367.46912, 379.90029, 367.44921, 420.74703, 348.48807, 408.77044};