name="EBOwithCMAR CEC17";
dim=50;
bound=3;
testID=14;
(*--------*)
min=23.986076;
max=39.900545;
median=29.966516;
mean=30.669131607843138;
std=3.0828224019315744;
(*--------*)
data={30.947681, 29.964505, 33.929103, 37.921054, 25.972006, 29.949887, 29.960723, 32.936148, 27.973946, 30.95214, 27.965346, 27.969174, 33.930202, 32.947173, 32.942455, 35.757385, 33.935677, 28.969834, 30.951494, 26.967098, 30.950286, 30.949476, 27.966732, 29.958286, 27.962287, 32.938373, 28.958884, 31.959433, 28.504885, 24.976734, 31.943538, 33.935539, 29.953251, 30.945491, 32.9386, 35.932853, 28.979112, 29.961349, 29.966516, 30.130241, 29.952013, 30.947582, 29.954209, 27.96007, 27.963315, 29.95108, 32.941279, 25.972187, 39.900545, 31.942459, 23.986076};