name="EBOwithCMAR CEC17";
dim=50;
bound=4;
testID=23;
(*--------*)
min=423.62517;
max=451.66698;
median=436.47424;
mean=437.09130490196094;
std=5.176302166693277;
(*--------*)
data={442.66856, 441.3981, 437.36906, 429.33475, 435.87286, 431.06371, 423.62517, 441.90769, 446.17763, 436.25146, 440.05711, 436.20815, 435.56533, 433.63992, 434.5778, 439.80289, 437.86781, 438.07022, 435.50838, 438.18634, 436.47424, 433.23409, 432.68532, 436.25069, 434.70717, 442.6358, 434.87763, 442.57991, 427.54084, 436.00223, 427.19647, 433.20863, 439.68777, 445.12093, 440.24364, 438.94609, 428.0843, 438.04785, 451.66698, 435.69941, 437.44805, 437.23469, 437.3832, 433.97738, 435.54733, 441.16332, 442.5361, 445.92262, 434.07577, 434.97779, 441.34737};