name="EBOwithCMAR CEC17";
dim=50;
bound=0;
testID=6;
(*--------*)
min=0.;
max=4.4471165*^-7;
median=4.7942763*^-8;
mean=8.642080147058822*^-8;
std=1.1983393482605227*^-7;
(*--------*)
data={0., 1.9177116*^-7, 0., 1.9177116*^-7, 4.7942763*^-8, 4.7942763*^-8, 4.8348625*^-8, 0., 4.7942763*^-8, 4.7942763*^-8, 4.7942763*^-8, 0., 4.7942763*^-8, 3.1068112*^-7, 4.7942763*^-8, 0., 0., 4.7942763*^-8, 0., 4.314852*^-7, 4.314852*^-7, 4.7942763*^-8, 0., 4.7942763*^-8, 0., 0., 2.9964247*^-7, 4.7942763*^-8, 1.9177116*^-7, 4.7942763*^-8, 0., 3.0620924*^-7, 1.9177116*^-7, 0., 4.7942763*^-8, 4.4471165*^-7, 0., 4.7942763*^-8, 4.7942763*^-8, 1.1985662*^-8, 4.7942763*^-8, 4.7942763*^-8, 1.078713*^-7, 4.8649554*^-8, 0., 4.8679794*^-8, 0., 1.9177116*^-7, 4.7942763*^-8, 4.7942763*^-8, 4.7942763*^-8};