name="EBOwithCMAR CEC17";
dim=50;
bound=5;
testID=5;
(*--------*)
min=2.9848772;
max=15.91934;
median=8.9546315;
mean=8.818068460784314;
std=2.548490684712337;
(*--------*)
data={10.94455, 9.9495906, 9.9495906, 14.924386, 2.9848772, 7.9596725, 4.9747953, 9.9495906, 6.9647134, 9.9495906, 2.9848772, 7.9596725, 7.9596725, 8.9546315, 9.9495906, 5.9697543, 9.9495906, 9.9495906, 6.9647134, 7.9596725, 7.9596725, 9.9495906, 10.94455, 6.9647134, 9.9495906, 13.929427, 9.9495906, 8.9546315, 7.9596725, 9.9495906, 10.94455, 9.9495906, 9.9495906, 8.9546315, 7.9596725, 7.9596725, 4.9747953, 12.934468, 5.9697543, 7.9596725, 8.9546315, 9.9495906, 7.9596725, 9.9495906, 4.9747953, 7.9596725, 9.9495906, 5.9697543, 6.9647134, 15.91934, 9.9495906};