name="EBOwithCMAR CEC17";
dim=50;
bound=2;
testID=26;
(*--------*)
min=300.;
max=1132.0496;
median=961.23979;
mean=776.8576319607846;
std=343.69126556781566;
(*--------*)
data={1039.8419, 300.00002, 1055.4716, 1039.8393, 986.95049, 959.96684, 1122.6431, 1022.2617, 1116.1138, 974.78721, 300.00002, 300.00001, 1065.6565, 1132.0496, 300.00003, 1073.719, 1026.5233, 300.00001, 969.00887, 1006.7506, 1089.8122, 961.23979, 300.00003, 300.00001, 1001.4392, 1037.8311, 937.82424, 953.2723, 998.93839, 300.00003, 300.00004, 300.00003, 1063.0563, 1009.6067, 946.358, 951.80237, 300.00003, 972.20987, 1080.3577, 953.91774, 1078.465, 988.96768, 927.63019, 300.00001, 300.00003, 300.00001, 300., 1015.4574, 300.00001, 300.00002, 959.96891};