name="EBOwithCMAR CEC17";
dim=50;
bound=4;
testID=22;
(*--------*)
min=100.;
max=4457.182;
median=100.;
mean=598.597657254902;
std=1273.7138437382102;
(*--------*)
data={100., 100., 100., 100.00002, 100., 103.97582, 100., 104.8097, 100.00002, 106.07687, 100., 100., 100., 100., 100., 100., 3151.1601, 104.80161, 4457.182, 100., 103.01887, 100.00004, 100., 100., 100., 3512.8321, 100., 100., 100., 100., 100., 100., 100., 100., 100., 100., 3258.7227, 3926.0225, 104.53084, 3430.2637, 4359.9418, 100., 100., 100., 100., 100., 105.14183, 100., 100., 100., 100.};