name="EBOwithCMAR CEC17";
dim=50;
bound=2;
testID=24;
(*--------*)
min=489.95831;
max=507.74497;
median=497.41626;
mean=497.88863647058815;
std=4.752771301741685;
(*--------*)
data={497.17619, 505.43388, 495.16929, 499.96153, 500.83513, 495.17332, 492.04627, 497.41626, 501.48437, 491.09528, 500.86218, 497.00566, 503.74312, 491.65688, 490.52606, 492.38302, 499.45909, 501.68718, 494.74478, 491.61641, 499.47998, 499.03381, 507.74497, 497.69053, 499.60277, 500.95942, 507.20096, 498.16308, 501.84649, 495.78403, 501.41176, 490.24019, 498.74417, 507.07041, 496.31451, 489.95831, 492.42058, 495.35397, 504.32794, 502.2023, 503.4044, 491.29886, 496.32954, 494.74598, 493.34512, 497.32235, 497.08053, 505.49669, 494.83802, 497.6496, 495.78329};