name="EBOwithCMAR CEC17";
dim=50;
bound=1;
testID=16;
(*--------*)
min=126.34722;
max=700.12751;
median=355.26133;
mean=384.0427160784314;
std=149.1597015168174;
(*--------*)
data={350.92981, 527.67878, 352.38587, 614.72029, 352.66246, 355.26133, 358.9986, 568.44516, 130.52558, 470.76766, 358.46473, 520.84566, 466.61034, 464.90782, 656.46525, 358.53539, 352.04524, 346.04784, 253.72842, 568.80831, 436.93716, 318.98233, 350.60575, 246.23164, 143.34547, 700.12751, 133.97973, 493.70917, 353.64377, 348.61048, 247.47799, 368.92949, 348.07743, 681.5055, 126.34722, 363.13407, 598.63086, 143.13116, 346.39211, 246.83243, 415.86392, 464.30028, 203.80506, 584.89323, 137.26064, 254.90313, 312.78068, 354.53857, 375.73475, 530.93505, 525.6974};