name="EBOwithCMAR CEC17";
dim=50;
bound=1;
testID=15;
(*--------*)
min=20.690208;
max=44.093675;
median=28.710633;
mean=29.52257582352941;
std=5.318498983678702;
(*--------*)
data={27.773338, 28.84505, 24.549947, 42.054386, 25.806017, 27.335967, 34.738171, 23.345294, 34.873259, 29.31334, 27.652363, 28.710633, 25.134488, 26.416664, 35.281543, 44.093675, 38.36243, 21.181252, 23.42483, 25.735344, 32.643763, 30.422644, 28.489626, 28.63642, 36.788152, 24.947635, 37.376178, 28.357901, 29.894047, 28.502866, 29.945871, 33.703084, 28.512102, 26.258542, 20.690208, 31.008144, 23.416563, 23.75197, 40.055946, 33.767475, 33.363364, 29.768498, 25.282179, 30.34892, 33.446702, 21.577057, 30.384032, 23.028986, 24.989178, 31.203105, 30.462218};