name="EBOwithCMAR CEC17";
dim=50;
bound=3;
testID=12;
(*--------*)
min=919.59491;
max=4123.6638;
median=1714.1903;
mean=1736.7932000000003;
std=518.6028841651471;
(*--------*)
data={1731.2712, 1633.7564, 1193.094, 919.59491, 1599.9247, 2077.0124, 1952.7825, 2222.252, 2108.5867, 1108.1395, 1766.2652, 2287.5918, 2120.6815, 2158.2764, 2731.8594, 1512.5313, 2123.6745, 1192.3238, 1144.9734, 1929.0801, 1600.5089, 1322.7494, 1550.0967, 1817.1217, 1660.4502, 1549.9473, 1594.1862, 1858.4351, 1202.3299, 4123.6638, 1546.7478, 2505.2786, 1172.4956, 2004.4283, 1941.1219, 1967.7706, 927.51239, 1392.3064, 1181.4749, 1433.5799, 1737.9307, 1578.629, 1259.8409, 1714.1903, 1444.3298, 1984.8639, 1894.3916, 1858.2574, 1796.2907, 1703.7032, 1738.1484};