name="EBOwithCMAR CEC17";
dim=50;
bound=2;
testID=19;
(*--------*)
min=14.768787;
max=35.668091;
median=23.011456;
mean=23.00004298039216;
std=4.318598758829954;
(*--------*)
data={26.447966, 22.900133, 21.37286, 20.607828, 23.031596, 24.505541, 35.668091, 17.498103, 24.498174, 21.273566, 17.943812, 29.401461, 25.231302, 19.852268, 20.646181, 25.194515, 33.551614, 27.48467, 25.320013, 20.188566, 19.496953, 19.554041, 14.768787, 21.456446, 25.135139, 17.47161, 17.544585, 25.514403, 18.867509, 20.877281, 29.86277, 19.367007, 18.31877, 23.256825, 24.584856, 21.575605, 25.531785, 23.011456, 24.253214, 29.123631, 23.043143, 17.283152, 17.46711, 28.529563, 23.264386, 19.803143, 22.137495, 23.722508, 28.077186, 20.149735, 27.333838};