name="EBOwithCMAR CEC17";
dim=50;
bound=3;
testID=4;
(*--------*)
min=0.;
max=114.01156;
median=28.512712;
mean=42.063751862745086;
std=37.16123852947885;
(*--------*)
data={0., 28.512712, 28.512712, 114.01156, 28.512712, 114.01156, 28.512712, 28.512712, 28.512712, 28.512712, 28.512712, 28.512712, 28.512712, 28.512712, 28.512712, 0., 28.512712, 97.413123, 28.512712, 114.01156, 28.512712, 28.512712, 28.512712, 97.413123, 0., 28.512712, 0., 28.512712, 28.512712, 28.512712, 28.512712, 28.512712, 28.512712, 28.512712, 114.01156, 0., 114.01156, 28.512712, 28.512712, 114.01156, 114.01156, 0., 28.512712, 28.512712, 28.512712, 28.512712, 28.512712, 114.01156, 97.413123, 28.512712, 0.};