name="EBOwithCMAR CEC17";
dim=50;
bound=0;
testID=10;
(*--------*)
min=2020.9634;
max=3771.9086;
median=2970.7896;
mean=2991.562982352941;
std=399.28150694026414;
(*--------*)
data={2699.6672, 2301.6727, 2837.7815, 2829.6161, 2828.3803, 3325.7005, 2750.8427, 2814.6364, 3296.2417, 2603.511, 2727.5832, 2555.8581, 2970.7896, 3493.8855, 3713.6005, 3297.558, 3002.2354, 3677.7547, 3098.5258, 3457.5254, 2283.0133, 3198.8741, 2643.5797, 2845.2877, 3325.1074, 3083.9959, 2804.8446, 2844.269, 3144.5868, 2187.888, 2798.1871, 2020.9634, 3377.74, 3158.6037, 3381.8991, 2598.9335, 3379.6341, 2917.8029, 3347.7606, 3253.3316, 2844.9798, 3771.9086, 3544.7039, 2544.3623, 3016.3169, 3436.3642, 2852.4418, 3256.1124, 3092.5093, 2848.8427, 2481.5014};