name="EBOwithCMAR CEC17";
dim=50;
bound=5;
testID=26;
(*--------*)
min=300.;
max=1169.8563;
median=300.00003;
mean=658.3818817647059;
std=400.36893128685415;
(*--------*)
data={1050.1429, 1055.1911, 1104.0779, 1156.178, 300.00001, 300.00003, 300.00001, 1073.2443, 300., 300., 300.00001, 300.00001, 1080.2146, 1097.7445, 1093.8972, 1095.2986, 300.00003, 1060.8681, 1169.8563, 1099.9325, 300.00005, 300.00001, 1151.2147, 300.00002, 1035.498, 300.00002, 300.00001, 300.00001, 1112.7605, 1128.5089, 300.00001, 300.00002, 1101.2358, 300.00002, 300.00001, 300.00003, 1071.7488, 1105.8697, 300.00002, 300.00001, 1148.7992, 300.00001, 1140.4286, 300.00003, 300.00002, 300.00002, 1047.0042, 300.00002, 997.76111, 300.00001, 300.00001};