name="EBOwithCMAR CEC17";
dim=50;
bound=1;
testID=17;
(*--------*)
min=73.558256;
max=574.2492;
median=268.09208;
mean=284.72922960784314;
std=103.56597256198097;
(*--------*)
data={272.08723, 364.47852, 220.95572, 192.48698, 225.02818, 387.08687, 213.65374, 372.4277, 339.29958, 177.05036, 241.75061, 240.54959, 274.28031, 381.27947, 109.74487, 534.05443, 245.46866, 225.14059, 84.549514, 190.46603, 411.05829, 283.29743, 278.76915, 219.94668, 266.96173, 268.09208, 369.27791, 464.24943, 280.49032, 193.37019, 350.88676, 217.8124, 294.54392, 261.75822, 236.83009, 453.03916, 73.558256, 451.30737, 262.33231, 248.28919, 298.33845, 181.3573, 243.41623, 350.45329, 574.2492, 287.55199, 143.401, 238.8019, 327.03922, 347.40579, 351.4665};