name="EBOwithCMAR CEC17";
dim=50;
bound=0;
testID=16;
(*--------*)
min=127.81122;
max=627.89525;
median=376.02736;
mean=395.53292921568624;
std=137.9726375159425;
(*--------*)
data={430.39904, 565.04278, 244.56843, 376.02736, 566.69721, 343.35958, 139.73052, 345.67121, 433.45168, 425.83182, 355.24208, 341.3662, 468.30334, 348.69569, 346.67162, 544.93435, 307.77435, 303.80851, 525.58601, 134.07844, 473.44836, 344.29771, 591.10608, 463.88925, 606.23837, 265.8035, 145.50399, 246.24778, 321.20669, 468.29732, 627.89525, 571.65221, 362.29304, 475.53892, 247.99795, 489.57318, 579.55039, 575.68341, 427.03559, 365.59544, 472.91974, 538.47273, 133.01093, 439.28403, 583.86895, 245.28687, 244.74891, 345.06929, 374.1874, 471.42467, 127.81122};