name="EBOwithCMAR CEC17";
dim=50;
bound=2;
testID=17;
(*--------*)
min=133.05503;
max=553.59811;
median=297.99695;
mean=330.90849843137255;
std=107.9150452911491;
(*--------*)
data={475.04485, 278.15373, 447.45559, 489.16154, 273.20552, 245.83878, 398.73251, 267.34091, 553.59811, 234.6697, 221.43162, 297.99695, 324.65, 219.76038, 209.41235, 460.27743, 242.55765, 333.33016, 324.58869, 487.06189, 221.07572, 236.99239, 273.80435, 422.88522, 512.86394, 483.67622, 457.41918, 361.90596, 292.8338, 284.41414, 435.89613, 294.74315, 186.46544, 329.14369, 508.05335, 133.05503, 390.86709, 328.38644, 253.36183, 149.738, 257.57147, 448.45976, 348.61472, 290.47952, 221.95813, 332.56171, 481.76564, 217.95775, 251.97793, 236.5358, 446.60156};