name="EBOwithCMAR CEC17";
dim=50;
bound=4;
testID=13;
(*--------*)
min=7.9599305;
max=124.86333;
median=48.583352;
mean=46.80022749999999;
std=22.1886332328204;
(*--------*)
data={40.574097, 46.167863, 49.544072, 51.651139, 53.522407, 12.936247, 51.747802, 51.11626, 54.808527, 43.364598, 48.625247, 60.032139, 42.77876, 14.937193, 43.979889, 25.903069, 124.86333, 53.249266, 48.317024, 24.874604, 49.215163, 14.926285, 19.906016, 49.241581, 46.170781, 39.672064, 124.52964, 58.508003, 54.154303, 7.9599305, 44.937034, 48.583352, 62.227854, 49.824573, 11.940866, 51.086619, 20.901596, 47.035227, 66.544004, 59.422656, 54.497813, 27.865895, 20.924369, 61.600285, 42.463239, 57.226326, 44.913161, 80.223031, 36.280523, 50.154329, 40.881551};