name="EBOwithCMAR CEC17";
dim=50;
bound=5;
testID=25;
(*--------*)
min=460.12032;
max=518.59188;
median=480.30061;
mean=480.4533103921567;
std=9.209871245627474;
(*--------*)
data={460.12032, 480.38121, 480.25554, 480.23941, 480.24318, 480.37418, 480.36563, 480.30522, 480.27019, 480.48979, 480.36565, 480.28791, 480.27341, 480.30601, 480.42947, 477.67862, 480.36229, 480.44344, 466.44346, 480.31457, 480.27341, 480.3913, 518.59188, 480.31207, 480.28437, 470.34942, 480.30173, 480.29161, 480.24599, 480.28141, 491.87078, 518.57205, 461.53503, 480.37528, 480.30818, 480.27903, 480.59604, 480.26039, 480.47659, 480.24449, 480.30061, 480.28116, 480.31615, 477.38006, 480.24325, 480.3636, 480.27273, 480.30173, 470.17255, 477.33415, 480.36229};