name="EBOwithCMAR CEC17";
dim=50;
bound=3;
testID=27;
(*--------*)
min=495.32026;
max=523.44409;
median=513.1986;
mean=511.55544647058844;
std=6.395631531228738;
(*--------*)
data={510.77546, 513.8771, 513.1986, 512.84946, 515.10374, 506.56519, 509.68709, 523.44409, 514.13037, 520.88669, 514.502, 516.82913, 518.1594, 513.53179, 503.38928, 509.52747, 516.79485, 495.32026, 514.65241, 503.25546, 504.27576, 501.66308, 507.33225, 497.23778, 511.8367, 519.00648, 498.30297, 521.92531, 512.5847, 516.82054, 513.99137, 506.85654, 516.60732, 510.74465, 513.65118, 523.06881, 518.66444, 516.44701, 514.78814, 507.6151, 513.34042, 503.02384, 515.60756, 510.24164, 515.45719, 509.17497, 509.12704, 508.27055, 513.50109, 505.17162, 506.51188};