name="EBOwithCMAR CEC17";
dim=50;
bound=0;
testID=5;
(*--------*)
min=3.9798362;
max=15.919345;
median=7.9596725;
mean=8.80066918235294;
std=2.6710823750001844;
(*--------*)
data={6.9647134, 11.939509, 8.9546315, 7.9596725, 3.9798362, 9.9495906, 4.9747953, 8.9546315, 6.9647134, 7.0723015, 14.924386, 8.9546315, 6.9647134, 12.934468, 10.94455, 4.9747953, 7.9596725, 10.94455, 5.9697543, 5.9697543, 10.94455, 8.9546315, 6.9647134, 10.94455, 7.9596725, 5.9697543, 7.9596725, 7.9596725, 7.9596725, 10.94455, 10.94455, 15.919345, 9.9495906, 6.9647134, 7.9596725, 8.9546315, 10.94455, 10.94455, 11.939509, 8.9546315, 6.9647134, 5.9697543, 10.94455, 10.94455, 5.9697543, 11.939509, 3.9798362, 5.9697543, 7.9596725, 12.934468, 6.9647134};