name="EBOwithCMAR CEC17";
dim=50;
bound=2;
testID=25;
(*--------*)
min=428.42971;
max=562.71135;
median=480.39842;
mean=495.0371484313727;
std=27.2780870797177;
(*--------*)
data={518.83121, 518.8856, 554.37279, 480.28841, 477.68618, 480.29186, 477.39883, 480.29247, 480.4714, 480.30317, 428.42971, 480.31741, 518.83032, 480.30173, 460.51933, 480.39842, 491.87657, 519.59094, 518.79771, 480.28714, 480.26127, 527.27654, 462.52917, 455.1846, 463.94413, 480.2766, 517.16572, 480.28586, 492.19472, 562.62037, 518.79673, 480.38289, 480.26452, 518.89117, 463.61255, 491.89734, 480.37755, 518.74294, 518.78461, 480.31521, 480.37201, 480.30173, 518.63214, 518.72195, 480.56982, 480.26376, 490.17178, 518.67028, 517.23752, 517.26654, 562.71135};