name="EBOwithCMAR CEC17";
dim=50;
bound=1;
testID=29;
(*--------*)
min=315.32335;
max=397.13407;
median=350.67964;
mean=351.07846372549017;
std=20.041730380356285;
(*--------*)
data={362.58881, 324.26038, 337.55627, 359.9701, 331.33081, 322.42717, 335.52926, 333.47025, 324.75167, 315.32335, 338.61765, 343.61175, 337.52414, 361.11, 397.13407, 337.55585, 350.67964, 325.74985, 344.27447, 355.74197, 372.74619, 340.02479, 368.97205, 355.63245, 372.49428, 370.85324, 333.48457, 363.3104, 336.06131, 356.26469, 345.9568, 339.28337, 380.73903, 336.92058, 372.52262, 357.95509, 370.54988, 356.48294, 371.9236, 335.21643, 387.05465, 373.49499, 374.73062, 381.97649, 333.75768, 327.20327, 380.20656, 330.33699, 352.64724, 363.60251, 323.38888};