name="EBOwithCMAR CEC17";
dim=50;
bound=0;
testID=26;
(*--------*)
min=300.00001;
max=1229.7062;
median=1016.1137;
mean=737.234575882353;
std=402.790719812172;
(*--------*)
data={300.00002, 1168.473, 300.00002, 300.00002, 1092.775, 1039.3761, 1229.7062, 1132.3004, 1157.2591, 988.37532, 300.00004, 1096.0158, 1069.8528, 300.00003, 300.00001, 1021.81, 300.00001, 1113.2634, 1144.8309, 300.00003, 1042.2225, 1168.2839, 1082.9388, 300.00003, 1153.6154, 1016.1137, 300.00003, 300.00003, 1031.4072, 1000.3326, 300.00002, 1140.9573, 300.00001, 300.00002, 1191.7197, 1122.2616, 300.00009, 300.00003, 1026.4424, 300.00001, 1068.8503, 1115.0501, 1064.0458, 300.00002, 300.00002, 300.00004, 300.00009, 300.00001, 1129.9375, 300.00002, 1090.7459};