name="EBOwithCMAR CEC17";
dim=50;
bound=2;
testID=11;
(*--------*)
min=20.25476;
max=30.147433;
median=25.229555;
mean=24.792715705882355;
std=2.2322032514387056;
(*--------*)
data={28.214433, 28.214433, 25.229555, 23.035788, 28.157514, 22.244678, 27.219473, 25.229555, 22.244678, 24.234596, 22.244678, 24.234596, 27.219473, 22.244678, 26.224514, 25.229555, 24.234596, 26.224514, 22.244678, 23.239637, 21.249719, 23.239637, 26.224514, 26.224514, 23.239637, 25.229555, 27.219468, 23.239637, 25.229555, 25.229555, 30.147433, 20.25476, 23.239637, 26.224514, 25.214453, 29.152474, 25.229555, 22.244678, 20.25476, 24.234596, 27.219473, 25.229555, 24.234596, 23.239637, 26.224514, 27.219473, 23.239637, 24.234596, 26.224514, 25.229555, 22.244678};