name="EBOwithCMAR CEC17";
dim=50;
bound=1;
testID=7;
(*--------*)
min=54.83913;
max=60.564168;
median=58.395465;
mean=58.065101862745095;
std=1.4628552607811758;
(*--------*)
data={58.757686, 59.022152, 56.949852, 58.466919, 59.476558, 57.418851, 55.348254, 57.02267, 56.937679, 59.199712, 55.487463, 59.110549, 57.854943, 57.324933, 57.952434, 56.222194, 58.730457, 58.402337, 58.404488, 58.692556, 58.050212, 54.83913, 60.215576, 58.395465, 60.038817, 60.564168, 60.418594, 59.175213, 59.198658, 57.031094, 60.324617, 55.233106, 59.673582, 55.717572, 57.885734, 57.209032, 57.006635, 56.081895, 58.785548, 58.213724, 57.265453, 58.985586, 58.991347, 58.734392, 56.095246, 60.252594, 59.686605, 57.547446, 56.981743, 57.511648, 58.427076};