name="EBOwithCMAR CEC17";
dim=50;
bound=2;
testID=15;
(*--------*)
min=11.898786;
max=39.297768;
median=29.018607;
mean=29.351240254901963;
std=5.391475415475215;
(*--------*)
data={25.399331, 28.412259, 24.570434, 31.128478, 11.898786, 29.018607, 38.415647, 39.108942, 32.848314, 34.354421, 36.527301, 30.38429, 19.668693, 27.615657, 29.46357, 28.641507, 26.714017, 35.361351, 25.040247, 36.260332, 36.402326, 29.054138, 34.353024, 37.734103, 35.542074, 24.319858, 27.410109, 29.76425, 28.409157, 33.468663, 26.322165, 18.916742, 32.59066, 23.725853, 26.462785, 28.175565, 39.297768, 29.541647, 33.89874, 31.511984, 24.511859, 24.561028, 23.800909, 27.468774, 28.109398, 26.909802, 30.421586, 28.552574, 25.298403, 29.15031, 30.394815};