name="EBOwithCMAR CEC17";
dim=50;
bound=0;
testID=25;
(*--------*)
min=459.26249;
max=562.58391;
median=480.30173;
mean=485.71605450980394;
std=20.71520579768468;
(*--------*)
data={480.27273, 480.43728, 480.42548, 480.35031, 480.30173, 460.10131, 491.92834, 459.26249, 480.387, 480.29062, 480.37923, 480.36229, 562.58391, 517.02933, 562.5369, 491.92171, 480.24732, 480.44522, 480.25757, 480.26322, 480.27341, 480.2843, 480.37923, 480.29837, 480.30173, 480.30131, 480.25892, 480.31457, 480.43272, 480.30173, 480.36271, 480.28586, 463.08681, 480.30173, 480.36271, 480.36695, 480.23465, 480.24325, 539.35881, 491.88859, 480.31207, 480.28884, 480.2788, 480.28981, 466.00107, 480.29837, 480.27952, 533.45487, 480.27273, 480.29837, 480.32198};