name="EBOwithCMAR CEC17";
dim=50;
bound=0;
testID=17;
(*--------*)
min=80.077009;
max=491.96466;
median=276.6711;
mean=301.4246739019608;
std=96.15948926138016;
(*--------*)
data={317.75545, 280.18622, 370.51674, 255.22145, 418.90009, 262.71025, 210.44123, 231.84886, 210.83209, 417.53785, 380.17556, 298.95531, 223.33902, 259.45808, 235.1222, 246.81475, 207.49625, 225.30789, 235.567, 80.077009, 304.63902, 491.96466, 279.18788, 451.23327, 447.53661, 227.87877, 450.70124, 110.66892, 255.73643, 396.51124, 444.77092, 196.87988, 364.83177, 224.25299, 265.59158, 322.11203, 253.79613, 243.14749, 365.86741, 475.37976, 332.91614, 277.92447, 211.81771, 397.20697, 358.11551, 276.6711, 224.81086, 489.12974, 244.58005, 241.73915, 376.79537};