name="EBOwithCMAR CEC17";
dim=50;
bound=4;
testID=19;
(*--------*)
min=16.349976;
max=37.890724;
median=23.449076;
mean=23.891168627450973;
std=4.535455811920867;
(*--------*)
data={24.788183, 21.973618, 25.719131, 23.965575, 21.521896, 24.558905, 24.250159, 24.90623, 21.719829, 26.676393, 32.115882, 16.95113, 23.079688, 25.230404, 23.27011, 20.395772, 18.766547, 20.105613, 21.690513, 28.110414, 27.352217, 25.884735, 17.080556, 32.733976, 18.335166, 21.082507, 33.650706, 18.71656, 21.604062, 25.964662, 21.825655, 24.265785, 19.14785, 24.4177, 18.930675, 29.34452, 26.241759, 24.487798, 22.761667, 31.090513, 16.743808, 21.679497, 37.890724, 16.349976, 24.880518, 21.958273, 23.449076, 23.102132, 22.339729, 29.928204, 25.412602};