name="EBOwithCMAR CEC17";
dim=50;
bound=3;
testID=8;
(*--------*)
min=7.9596725;
max=23.879017;
median=13.929427;
mean=14.144025619607849;
std=3.6870646053610736;
(*--------*)
data={9.9495906, 10.94455, 17.909263, 17.909263, 10.94455, 9.9495906, 13.929427, 9.9495906, 9.9495906, 16.914304, 23.879017, 14.924386, 15.919345, 12.934468, 20.89414, 10.94455, 17.909258, 10.94455, 17.909258, 10.94455, 11.939509, 13.929427, 9.9495906, 15.919345, 19.899181, 15.919345, 13.929427, 7.9596725, 9.9495906, 19.899181, 17.909263, 10.94455, 18.904222, 11.939509, 8.9546315, 12.934468, 8.9546315, 16.914304, 15.919345, 11.939509, 15.91934, 18.904222, 8.9546315, 10.94455, 13.929427, 14.924386, 14.924386, 15.919345, 15.919345, 14.924386, 15.919345};