name="EBOwithCMAR CEC17";
dim=50;
bound=4;
testID=6;
(*--------*)
min=0.;
max=6.027135*^-7;
median=4.7942763*^-8;
mean=1.254360283137255*^-7;
std=1.6394087071351936*^-7;
(*--------*)
data={0., 1.9177116*^-7, 5.8729927*^-7, 0., 4.7942763*^-8, 0., 0., 0., 3.0620924*^-7, 1.1453437*^-7, 0., 3.1068112*^-7, 4.7942763*^-8, 6.2638378*^-8, 0., 4.7942763*^-8, 0., 1.9177116*^-7, 4.7942763*^-8, 5.9647857*^-7, 4.7942763*^-8, 4.7942763*^-8, 0., 1.1989528*^-8, 4.7942763*^-8, 4.7942763*^-8, 6.401217*^-8, 4.7942763*^-8, 4.7942763*^-8, 1.9177116*^-7, 0., 5.5320584*^-8, 1.1453437*^-7, 1.1985662*^-8, 1.9177116*^-7, 4.314852*^-7, 1.9177116*^-7, 1.9177116*^-7, 1.9177116*^-7, 3.1068112*^-7, 1.9177116*^-7, 0., 5.5258511*^-8, 4.7942763*^-8, 6.027135*^-7, 0., 1.9177116*^-7, 4.9967298*^-8, 4.5813772*^-7, 0., 0.};