name="EBOwithCMAR CEC17";
dim=50;
bound=1;
testID=8;
(*--------*)
min=0.99495906;
max=11.939509;
median=6.9647134;
mean=7.281699150196078;
std=2.453793927219071;
(*--------*)
data={1.9899181, 6.9647134, 10.94455, 10.94455, 5.9697543, 8.9546315, 10.94455, 2.9848772, 11.939509, 9.9495906, 6.9647134, 3.9798362, 5.9697543, 11.939509, 6.9647134, 5.9697543, 7.9596725, 5.9697543, 8.9546315, 6.9647134, 7.9596725, 6.6513644, 6.9647134, 7.9596725, 7.9596725, 7.9596725, 6.9647134, 6.9647134, 7.9596725, 10.94455, 9.9495906, 7.9596725, 3.9798362, 7.9596725, 8.9546315, 7.9596725, 6.9647134, 7.9596725, 4.9747953, 6.9647134, 10.94455, 8.9546315, 4.9747953, 6.530029, 2.9848772, 3.9798362, 5.9697543, 7.9596725, 0.99495906, 6.9647134, 5.9697543};