name="EBOwithCMAR CEC17";
dim=50;
bound=4;
testID=25;
(*--------*)
min=464.19779;
max=528.19548;
median=480.29561;
mean=481.1638411764703;
std=7.97434271832673;
(*--------*)
data={480.37923, 480.27658, 480.28884, 480.29719, 480.29651, 467.10338, 480.36229, 480.29925, 480.29247, 480.25639, 480.25892, 480.30173, 480.39289, 480.30173, 480.31615, 491.89594, 480.35592, 480.36271, 470.89028, 480.13309, 480.2824, 480.29348, 480.24325, 480.36812, 480.25644, 480.30334, 491.86221, 480.36336, 480.4376, 480.31457, 480.30173, 480.28005, 528.19548, 480.25757, 480.43522, 480.29161, 480.28586, 480.28586, 480.26039, 480.28257, 480.27561, 480.27264, 480.4679, 480.30173, 480.24325, 480.25609, 491.84594, 480.29561, 464.19779, 480.23501, 480.30173};