name="EBOwithCMAR CEC17";
dim=50;
bound=5;
testID=20;
(*--------*)
min=74.449641;
max=325.50069;
median=125.74259;
mean=156.90964729411763;
std=79.98027685038969;
(*--------*)
data={83.124809, 315.57487, 278.93666, 85.62007, 148.72145, 119.14916, 138.71953, 86.658454, 130.82312, 90.803768, 83.993602, 186.80537, 145.60344, 90.5899, 216.61493, 105.61756, 325.50069, 181.57116, 86.615929, 94.289388, 216.24558, 160.58338, 84.164534, 112.69823, 312.62228, 93.265077, 241.73591, 288.36939, 114.44737, 101.3596, 90.400125, 304.22635, 304.67785, 216.58472, 128.57617, 110.46293, 316.85018, 312.62974, 103.33355, 138.48497, 117.62119, 74.449641, 139.04217, 122.0646, 104.99247, 111.94205, 147.06525, 125.74259, 86.353118, 145.88589, 80.181247};