name="EBOwithCMAR CEC17";
dim=50;
bound=2;
testID=5;
(*--------*)
min=5.9697543;
max=19.899176;
median=11.939509;
mean=12.251652384313727;
std=2.7893664659689774;
(*--------*)
data={11.939509, 9.9495906, 8.9546315, 7.9596725, 12.934468, 7.9596725, 12.934468, 10.94455, 11.939509, 13.929427, 9.9495906, 16.914304, 14.924386, 5.9697543, 10.94455, 12.934468, 11.939509, 11.939509, 16.914304, 12.934468, 14.924381, 13.929427, 6.9647134, 10.94455, 7.9596725, 15.919345, 11.939509, 19.899176, 12.934468, 12.934468, 9.9495906, 9.9495906, 13.929427, 11.939509, 12.934468, 14.924381, 10.94455, 8.9546315, 13.929427, 12.934468, 14.924386, 10.94455, 10.94455, 12.934468, 11.939509, 14.924381, 15.919345, 15.919345, 13.929427, 8.9546315, 9.9495855};