name="EBOwithCMAR CEC17";
dim=50;
bound=1;
testID=11;
(*--------*)
min=20.25476;
max=35.121897;
median=28.157514;
mean=27.319644843137258;
std=3.565982853962342;
(*--------*)
data={31.142392, 21.249719, 20.25476, 31.142392, 30.147433, 32.137351, 31.142392, 35.121897, 32.137351, 21.249719, 25.229555, 29.152474, 25.229555, 28.157514, 28.157514, 30.147433, 22.244678, 23.239637, 31.142392, 28.157514, 29.152474, 21.249719, 29.152474, 25.229555, 25.229555, 23.239637, 27.219473, 24.234596, 23.239637, 21.249719, 28.157514, 29.152474, 30.147433, 26.224514, 25.229555, 27.219473, 31.142392, 29.152474, 31.142392, 26.224514, 31.142392, 22.244678, 23.239637, 25.229555, 28.833619, 27.162555, 28.214433, 31.142392, 29.152474, 27.219473, 30.147433};