name="EBOwithCMAR CEC17";
dim=50;
bound=5;
testID=8;
(*--------*)
min=3.9798362;
max=15.919345;
median=7.9596725;
mean=8.330343529411767;
std=2.676871057721854;
(*--------*)
data={8.9546315, 7.9596725, 6.9647134, 8.9546315, 8.9546315, 5.9697543, 5.9697543, 6.9647134, 7.9596725, 3.9798362, 7.9596725, 6.9647134, 6.9647134, 4.9747953, 8.9546315, 13.929427, 5.9697543, 7.9596725, 4.9747953, 13.929427, 8.9546315, 4.9747953, 5.9697543, 8.9546315, 4.9747953, 4.9747953, 9.9495906, 13.929427, 15.919345, 6.9647134, 11.939509, 9.9495906, 8.9546315, 7.9596725, 6.9647134, 7.9596725, 7.9596725, 7.9596725, 3.9798362, 10.94455, 5.9697543, 10.94455, 9.9495906, 7.9596725, 7.9596725, 10.94455, 8.9546315, 12.934468, 9.9495906, 6.9647134, 6.9647134};