name="EBOwithCMAR CEC17";
dim=50;
bound=2;
testID=7;
(*--------*)
min=55.729638;
max=61.741998;
median=58.25721;
mean=58.40903841176472;
std=1.5504078964580408;
(*--------*)
data={60.995422, 56.897363, 55.889996, 59.923077, 57.770239, 58.155556, 59.343064, 58.85909, 60.8267, 57.545637, 57.17593, 59.155434, 56.178291, 57.648109, 61.741998, 59.939703, 58.913802, 60.0729, 56.632133, 56.584421, 55.810298, 60.398386, 59.088484, 59.002867, 56.877482, 60.553802, 59.341432, 60.177639, 57.994319, 60.029187, 58.033408, 57.614438, 58.139254, 57.481353, 59.262397, 60.125649, 59.618536, 57.910875, 55.809699, 59.115729, 56.60503, 55.729638, 58.25721, 59.424468, 58.068544, 60.155992, 56.664056, 56.515924, 56.882329, 58.915494, 59.008175};