name="EBOwithCMAR CEC17";
dim=50;
bound=3;
testID=25;
(*--------*)
min=459.04391;
max=562.62761;
median=480.52495;
mean=497.72363999999993;
std=23.874058071678224;
(*--------*)
data={480.49177, 518.83706, 527.14943, 480.36986, 480.32534, 480.26322, 518.79707, 518.79832, 480.28859, 480.49262, 480.29319, 527.21576, 522.80962, 528.40481, 522.67428, 480.58196, 480.36271, 519.10428, 480.37624, 480.25659, 475.55573, 518.76529, 480.57503, 459.04391, 480.30712, 460.97846, 480.36771, 480.30544, 480.28859, 527.1861, 480.32848, 480.36548, 464.94548, 518.79338, 528.69252, 518.7804, 480.28957, 518.76707, 518.80292, 480.23501, 480.28274, 480.25609, 480.52495, 528.6952, 491.86074, 480.31628, 562.62761, 491.8703, 518.65912, 528.60842, 518.93778};