name="EBOwithCMAR CEC17";
dim=50;
bound=3;
testID=13;
(*--------*)
min=5.9698404;
max=127.65447;
median=40.575794;
mean=38.389671772549015;
std=28.251138415133177;
(*--------*)
data={45.52564, 13.930609, 5.9698404, 119.3183, 49.523938, 17.909329, 15.933826, 44.59237, 61.566592, 15.930141, 20.901506, 7.9598658, 47.384137, 15.919704, 7.9924552, 40.575794, 18.90453, 81.292038, 9.9581247, 10.944904, 127.65447, 53.877066, 56.299586, 50.753052, 63.12838, 47.703797, 84.276672, 10.974534, 21.889718, 56.631461, 46.137888, 16.919449, 51.707799, 13.931099, 60.054505, 34.831417, 7.9616656, 47.066961, 8.9866747, 13.932995, 38.404534, 17.910756, 91.23253, 13.931826, 51.42301, 52.616723, 11.941352, 51.085989, 47.964857, 43.663159, 10.945691};