name="EBOwithCMAR CEC17";
dim=50;
bound=5;
testID=7;
(*--------*)
min=55.874089;
max=61.428432;
median=58.472128;
mean=58.35751584313724;
std=1.4796799668427145;
(*--------*)
data={57.365643, 58.978948, 60.18946, 57.104167, 60.79172, 57.493184, 56.854953, 58.76491, 58.472128, 56.684654, 58.221295, 61.13725, 58.849488, 56.218802, 59.440688, 55.89529, 58.76777, 57.752217, 58.864162, 58.893913, 56.667625, 59.915165, 58.557748, 56.715616, 60.014149, 58.743486, 58.325222, 58.860905, 57.456457, 57.166953, 58.896509, 56.343013, 60.256119, 59.23271, 59.384484, 59.827562, 61.428432, 57.96685, 57.192222, 57.176043, 58.034883, 57.224036, 55.921394, 55.874089, 60.060508, 56.778, 59.677915, 57.713682, 61.356881, 59.520482, 57.203526};