name="EBOwithCMAR CEC17";
dim=50;
bound=1;
testID=5;
(*--------*)
min=2.9848772;
max=13.929427;
median=6.9647134;
mean=7.159803449019608;
std=2.5793792569186946;
(*--------*)
data={6.9647134, 3.9798362, 6.9647134, 4.9747953, 6.9647134, 9.9495906, 7.9596725, 6.9647134, 10.94455, 12.934468, 3.9798362, 11.939509, 7.9596725, 2.9848772, 8.9546315, 11.939509, 6.9647134, 5.9697543, 7.9596725, 6.9647134, 6.9647134, 4.9747953, 4.9747953, 6.9647134, 6.9647134, 4.9747953, 5.9697543, 6.9647134, 4.9747953, 3.9798362, 3.9798362, 5.9697543, 7.9596725, 4.9747953, 12.934468, 5.9697543, 6.9647134, 5.9697543, 6.9647134, 10.94455, 8.9546315, 5.9697543, 3.9798362, 4.9747953, 13.929427, 6.9647134, 3.9798362, 7.9596725, 8.9546315, 5.9697543, 8.9546315};