name="EBOwithCMAR CEC17";
dim=50;
bound=3;
testID=6;
(*--------*)
min=0.;
max=1.4646739*^-6;
median=3.1068112*^-7;
mean=4.763461741960784*^-7;
std=4.4718067230115453*^-7;
(*--------*)
data={4.7942763*^-8, 0., 1.1156346*^-6, 7.6708477*^-7, 0., 1.3589464*^-6, 1.1453437*^-7, 4.314852*^-7, 5.9647857*^-7, 4.7942763*^-8, 0., 1.9177116*^-7, 4.314852*^-7, 9.1536776*^-7, 4.7942763*^-8, 7.6708477*^-7, 4.7942763*^-8, 1.9177116*^-7, 1.9177116*^-7, 1.4646739*^-6, 1.9177116*^-7, 1.1156346*^-6, 3.1068112*^-7, 1.3589465*^-6, 4.7942763*^-8, 1.3822869*^-6, 1.9177116*^-7, 0., 7.0181579*^-7, 5.8729927*^-7, 1.9177116*^-7, 2.9964247*^-7, 0., 7.0103385*^-7, 5.5812325*^-7, 0., 3.1068112*^-7, 8.9639263*^-7, 8.9634852*^-7, 1.9177116*^-7, 4.7942763*^-8, 4.7942763*^-8, 1.1156346*^-6, 5.8729927*^-7, 9.1536776*^-7, 0., 7.6708477*^-7, 6.027135*^-7, 4.7942763*^-8, 3.823186*^-7, 1.1156346*^-6};