name="EBOwithCMAR CEC17";
dim=50;
bound=5;
testID=10;
(*--------*)
min=2001.508;
max=3769.4305;
median=3052.3513;
mean=3097.4437686274528;
std=412.7121749208368;
(*--------*)
data={3491.4302, 3008.18, 3644.0192, 3690.4036, 3645.1291, 2343.6926, 2996.4389, 2996.2599, 3745.1134, 2690.4426, 3556.6982, 3329.9962, 3320.7849, 2756.3805, 3769.4305, 2768.225, 3052.3513, 3432.7682, 3309.8814, 3536.4104, 2001.508, 3226.2231, 2755.8429, 2359.5413, 2667.2817, 3402.1986, 2853.1861, 3162.7638, 3032.2733, 2984.6528, 2967.4808, 2934.3135, 3141.5127, 3111.7872, 2964.2384, 3458.2322, 2425.0113, 3250.6798, 3083.1283, 3402.2815, 2846.8117, 2746.5608, 2778.1498, 3438.3212, 3423.7322, 3730.3443, 2929.5241, 3727.0842, 2894.8449, 2581.4138, 2604.6718};