name="EBOwithCMAR CEC17";
dim=50;
bound=1;
testID=26;
(*--------*)
min=300.00001;
max=1231.3933;
median=1096.7206;
mean=810.7795088235292;
std=416.33863858495056;
(*--------*)
data={1187.434, 300.00001, 1194.5166, 300.00001, 300.00001, 1048.6409, 1049.0028, 1172.091, 300.00001, 1127.866, 300.00003, 1096.7206, 300.00003, 1139.0572, 1186.1807, 300.00003, 1091.6324, 300.00001, 300.00003, 300.00002, 300.00002, 1054.3021, 300.00002, 1122.2297, 1231.3933, 1121.8325, 1116.9726, 300.00002, 1158.8968, 1130.0614, 300.00003, 1161.9732, 1097.4212, 300.00002, 300.00001, 1107.873, 300.00003, 1157.524, 1137.2032, 1153.4578, 1017.2123, 1180.5539, 300.00003, 1165.1503, 1191.9439, 300.00004, 1154.3806, 1214.2636, 1214.3178, 300.00004, 1167.6491};