name="EBOwithCMAR CEC17";
dim=50;
bound=5;
testID=15;
(*--------*)
min=21.475194;
max=39.690101;
median=29.694411;
mean=30.45833366666667;
std=4.3566655193078505;
(*--------*)
data={34.291746, 32.276869, 33.447796, 34.53286, 31.740735, 27.040373, 22.363611, 27.593724, 31.297428, 32.941019, 29.48878, 27.650502, 28.415414, 25.857497, 29.694411, 28.46293, 38.96649, 21.475194, 23.075898, 35.446017, 33.257992, 39.690101, 32.453617, 31.222393, 27.002381, 29.484735, 30.7712, 23.600625, 36.825665, 23.250615, 27.537273, 28.857114, 26.407446, 34.214343, 25.435956, 27.283901, 29.263014, 34.280716, 32.31696, 26.340735, 35.38616, 36.419437, 32.443048, 28.600035, 28.61815, 33.341045, 28.427931, 29.598957, 35.979197, 38.369352, 30.635629};