name="EBOwithCMAR CEC17";
dim=50;
bound=4;
testID=17;
(*--------*)
min=83.614724;
max=524.90576;
median=269.83856;
mean=294.10363792156863;
std=99.96256134074743;
(*--------*)
data={461.24187, 266.01765, 334.81273, 264.70192, 446.99451, 474.52363, 268.95458, 271.9633, 320.15003, 234.28194, 269.83856, 183.97783, 283.60725, 307.21208, 390.45332, 269.91063, 109.90352, 121.57633, 260.99128, 142.66651, 243.89278, 310.4172, 285.02627, 474.04129, 463.0725, 229.78313, 315.56433, 142.04129, 201.29431, 264.23774, 243.37929, 352.71134, 262.22604, 234.52994, 231.09161, 262.83935, 237.96504, 364.8242, 244.59238, 438.7073, 383.08595, 470.93174, 321.52262, 257.93014, 83.614724, 342.83597, 230.20458, 258.94748, 336.98941, 302.30036, 524.90576};