name="EBOwithCMAR CEC17";
dim=50;
bound=0;
testID=15;
(*--------*)
min=20.780848;
max=46.133854;
median=29.556674;
mean=30.15716454901961;
std=4.9096234050605645;
(*--------*)
data={26.078772, 33.368413, 24.506135, 29.877097, 25.72057, 27.912063, 29.556674, 39.211591, 33.346489, 28.347257, 30.977061, 32.477171, 27.451155, 42.581647, 25.498475, 31.318093, 27.827188, 26.839876, 33.339924, 20.780848, 33.649001, 28.528254, 27.441614, 41.420962, 30.376246, 24.877968, 28.71036, 32.409381, 32.53651, 31.312851, 24.213513, 28.887147, 30.218769, 33.584217, 46.133854, 27.753325, 35.048067, 27.32579, 29.613907, 28.675766, 27.259541, 21.470756, 33.155716, 30.831883, 27.899983, 30.123573, 33.73317, 24.396143, 29.483064, 25.477624, 34.449938};