name="EBOwithCMAR CEC17";
dim=50;
bound=5;
testID=22;
(*--------*)
min=100.;
max=4607.5451;
median=100.;
mean=341.58574882352946;
std=977.5247154116895;
(*--------*)
data={100., 100., 100., 100., 103.62941, 100., 100., 100., 100., 100.00003, 102.957, 100., 100., 100.00001, 4185.1044, 100., 100., 100., 100., 100., 100., 100., 100., 100., 100., 100., 100., 100., 100., 100.00002, 100., 100., 100., 100., 100.00001, 105.8511, 100., 100., 100., 100., 100., 3807.8494, 100., 104.3073, 4607.5451, 100., 103.62941, 100., 100., 100., 100.};