name="EBOwithCMAR CEC17";
dim=50;
bound=1;
testID=18;
(*--------*)
min=23.296277;
max=43.561245;
median=29.371875;
mean=30.20844707843137;
std=4.685952143788659;
(*--------*)
data={24.708879, 27.393184, 27.463296, 43.561245, 32.42107, 29.371875, 30.46652, 27.336153, 29.279029, 28.420041, 27.339432, 37.225998, 24.220598, 29.384206, 27.36031, 43.289045, 26.337739, 32.176793, 25.508645, 32.201136, 32.468627, 31.436458, 28.388868, 36.230923, 34.42178, 33.345418, 26.719554, 23.324611, 24.25294, 29.384157, 23.494813, 34.202929, 27.370027, 25.452866, 27.369903, 32.28455, 35.416182, 28.571978, 32.711042, 23.296277, 29.286009, 26.231782, 29.177531, 35.440292, 34.408061, 31.376861, 40.098429, 29.417133, 31.432417, 31.701755, 26.451434};