name="EBOwithCMAR CEC17";
dim=50;
bound=4;
testID=8;
(*--------*)
min=1.9899181;
max=16.914304;
median=7.9596725;
mean=8.292111017647057;
std=3.4894166473311943;
(*--------*)
data={7.9596725, 9.9495906, 8.9546315, 10.94455, 12.934468, 8.9546315, 12.934468, 12.934468, 5.9697543, 4.9747953, 3.9798362, 3.9798362, 9.9495906, 5.9697543, 4.9747953, 9.9495906, 6.9647134, 4.9747953, 7.9596725, 4.9747953, 11.939509, 10.94455, 15.919345, 16.914304, 9.9495906, 6.9647134, 1.9899181, 2.9848772, 7.9596725, 7.9596725, 5.9697543, 11.939509, 13.929427, 9.9495906, 2.9848772, 9.9495906, 4.9747953, 3.9798362, 8.9546315, 4.0198949, 7.9596725, 12.934468, 6.9647134, 10.94455, 6.9647134, 5.9697543, 11.939509, 4.9747953, 5.9697543, 10.94455, 6.9647134};