name="EBOwithCMAR CEC17";
dim=50;
bound=3;
testID=2;
(*--------*)
min=0.;
max=8.;
median=0.;
mean=0.5098039215686274;
std=1.3471829722737414;
(*--------*)
data={0., 1., 0., 0., 0., 1., 0., 0., 0., 0., 0., 0., 1., 2., 0., 3., 0., 0., 0., 0., 0., 0., 0., 0., 0., 0., 0., 4., 0., 1., 0., 0., 1., 8., 0., 0., 0., 0., 0., 1., 2., 0., 0., 1., 0., 0., 0., 0., 0., 0., 0.};