name="EBOwithCMAR CEC17";
dim=50;
bound=2;
testID=10;
(*--------*)
min=2010.0058;
max=4106.0129;
median=3071.3501;
mean=3157.0241960784315;
std=410.3248660874722;
(*--------*)
data={2421.2461, 3483.9347, 2786.2652, 2822.3875, 3107.8637, 3600.8089, 3230.7481, 3283.6417, 2796.6938, 2922.3711, 3071.3501, 2610.7921, 3061.0222, 3027.4998, 3373.203, 3232.0374, 2919.2227, 3051.0994, 3942.0415, 2686.9862, 4106.0129, 2988.1394, 3365.5194, 3609.8409, 3348.5372, 3062.6884, 2818.9155, 3503.8878, 3367.5806, 2969.4335, 2821.9235, 2851.6399, 3395.9907, 3027.783, 2621.9131, 2511.823, 3245.1617, 3720.3052, 3069.4204, 3456.9314, 3675.9708, 3026.3234, 3732.4533, 2951.8528, 3371.4294, 3563.1699, 2010.0058, 3767.919, 3467.7095, 3400.4707, 2746.2667};