name="EBOwithCMAR CEC17";
dim=50;
bound=3;
testID=19;
(*--------*)
min=14.601903;
max=32.290599;
median=20.489224;
mean=20.98187147058824;
std=3.3515927345096475;
(*--------*)
data={19.436453, 20.265591, 15.758, 17.375983, 21.552171, 21.608635, 27.591158, 19.687282, 20.173386, 18.835473, 24.494182, 18.482693, 20.690374, 20.990678, 15.711307, 26.351634, 14.601903, 19.006741, 18.047081, 20.822671, 20.989231, 15.920331, 23.556609, 19.725588, 20.165651, 20.489224, 21.804839, 18.751216, 20.492167, 21.341237, 18.619704, 24.652466, 20.339926, 24.472555, 16.755911, 25.21094, 18.419987, 20.455989, 19.246014, 22.106658, 27.323751, 17.578417, 22.26361, 25.977432, 20.258375, 32.290599, 21.770611, 23.200605, 19.752305, 23.286851, 21.37325};