name="EBOwithCMAR CEC17";
dim=50;
bound=1;
testID=24;
(*--------*)
min=504.72099;
max=518.612;
median=508.16784;
mean=508.76863470588245;
std=2.705564323428549;
(*--------*)
data={518.612, 510.27692, 508.16784, 505.31406, 508.16467, 507.8368, 507.51975, 508.53326, 511.377, 506.71846, 505.76408, 509.34241, 506.23212, 506.17477, 505.9494, 504.72099, 509.75723, 507.35934, 507.60782, 509.02188, 510.04698, 505.2502, 507.6413, 507.80392, 510.97931, 510.94861, 508.07278, 507.58533, 509.72392, 506.22764, 509.15492, 511.73353, 508.80753, 510.67169, 513.32677, 510.70459, 511.15422, 508.27024, 506.21369, 509.6837, 507.61, 506.06418, 510.31269, 511.2476, 505.74576, 506.18083, 506.37444, 515.785, 511.06295, 506.90521, 511.46004};