name="EBOwithCMAR CEC17";
dim=50;
bound=2;
testID=4;
(*--------*)
min=0.;
max=114.01156;
median=28.512712;
mean=40.735653470588225;
std=34.90789566030883;
(*--------*)
data={28.512712, 28.512712, 98.720932, 28.512712, 114.01156, 28.512712, 28.512712, 0., 28.512712, 28.512712, 28.512712, 28.512712, 28.512712, 28.512712, 114.01156, 28.512712, 100.64906, 28.512712, 98.720932, 28.512712, 28.512712, 28.512712, 28.512712, 28.512712, 28.512712, 28.512712, 114.01156, 28.512712, 0., 28.512712, 28.512712, 28.512712, 28.512712, 114.01156, 28.512712, 0., 28.512712, 97.413123, 0., 28.512712, 0., 28.512712, 114.01156, 28.512712, 28.512712, 114.01156, 28.512712, 28.512712, 28.512712, 28.512712, 0.};