name="EBOwithCMAR CEC17";
dim=50;
bound=5;
testID=17;
(*--------*)
min=79.496845;
max=489.97692;
median=260.17128;
mean=272.94104623529415;
std=98.28145913285708;
(*--------*)
data={358.66763, 420.80993, 308.39077, 300.69838, 474.37006, 257.15275, 294.86548, 218.50961, 95.108866, 215.15888, 280.05206, 200.3204, 244.83216, 265.28918, 300.42701, 259.88426, 338.26794, 294.12013, 380.77267, 251.72695, 281.18686, 221.40157, 101.93377, 79.496845, 201.04429, 202.22426, 255.42714, 231.57117, 351.68128, 278.68237, 216.32787, 251.6512, 263.40091, 96.413207, 244.13876, 115.21906, 396.73903, 321.32175, 290.06974, 240.52042, 118.28857, 220.28008, 489.97692, 260.17128, 417.92552, 461.24306, 366.99274, 464.66287, 211.03858, 237.03561, 272.50151};