name="EBOwithCMAR CEC17";
dim=50;
bound=1;
testID=6;
(*--------*)
min=0.;
max=7.6708477*^-7;
median=4.8251536*^-8;
mean=1.266259657647059*^-7;
std=1.3938848804891425*^-7;
(*--------*)
data={3.1068112*^-7, 3.1068112*^-7, 1.9177116*^-7, 0., 4.7942763*^-8, 4.7942763*^-8, 1.9177116*^-7, 1.9177116*^-7, 1.9177116*^-7, 4.7942763*^-8, 1.1985662*^-8, 4.7942763*^-8, 1.9177116*^-7, 4.314852*^-7, 1.9177116*^-7, 1.9177116*^-7, 1.9177116*^-7, 1.1453437*^-7, 4.8251536*^-8, 4.7942763*^-8, 0., 1.6133527*^-8, 0., 1.9177116*^-7, 4.7942763*^-8, 0., 1.9177116*^-7, 4.7942763*^-8, 4.7942763*^-8, 0., 1.9177116*^-7, 3.1068112*^-7, 4.7942763*^-8, 0., 2.9964247*^-7, 1.1453437*^-7, 1.9177116*^-7, 1.078713*^-7, 0., 0., 0., 0., 1.9177116*^-7, 1.9177116*^-7, 4.7942763*^-8, 4.7942763*^-8, 1.9177116*^-7, 4.7942763*^-8, 7.6708477*^-7, 1.1453437*^-7, 4.7942763*^-8};