name="EBOwithCMAR CEC17";
dim=50;
bound=3;
testID=24;
(*--------*)
min=490.96655;
max=506.82282;
median=498.2452;
mean=498.58622607843114;
std=3.6179161047631156;
(*--------*)
data={500.36226, 491.41859, 494.30733, 494.56943, 498.80745, 502.98399, 498.11879, 497.43941, 494.07358, 497.28435, 501.19744, 492.80123, 497.11682, 499.9483, 497.50448, 506.82282, 504.84173, 499.10238, 496.64236, 494.16535, 501.88545, 499.91675, 495.52071, 501.70114, 497.78089, 496.99989, 498.38045, 502.61966, 499.29735, 501.78409, 494.29192, 497.76469, 498.67315, 495.47609, 500.89288, 499.74384, 500.17941, 490.96655, 495.89005, 499.2324, 494.40704, 498.2452, 500.94252, 505.36959, 505.37737, 497.20052, 501.61283, 495.75135, 505.20997, 497.03895, 498.23674};