name="EBOwithCMAR CEC17";
dim=50;
bound=0;
testID=12;
(*--------*)
min=1097.7018;
max=3504.7524;
median=1737.3551;
mean=1801.3199607843137;
std=519.0878562743;
(*--------*)
data={2033.0301, 1555.9002, 2556.4846, 1241.9517, 1935.5107, 2049.7004, 1294.176, 1097.7018, 1145.9596, 1961.8883, 1919.1952, 2476.1449, 1737.2888, 1967.8682, 2218.8781, 1201.9507, 1247.517, 3504.7524, 2162.7761, 1781.8422, 1844.9857, 1842.91, 1388.4312, 1394.2311, 2924.4068, 1369.5936, 1775.2569, 1233.7617, 1596.0208, 1726.5613, 2236.9144, 1545.9658, 2091.4099, 1626.7234, 1184.9334, 1885.4638, 1412.8351, 1658.1339, 1231.2259, 1591.7185, 2575.9691, 1111.1876, 1644.0109, 2895.9608, 1845.4163, 2150.9377, 2606.5827, 1587.732, 1737.3551, 1742.5349, 1317.6307};