name="EBOwithCMAR CEC17";
dim=50;
bound=1;
testID=21;
(*--------*)
min=203.88726;
max=222.28793;
median=210.2594;
mean=210.4132462745098;
std=4.145550969182245;
(*--------*)
data={205.96049, 210.10652, 206.24333, 212.60321, 211.22695, 210.64772, 209.91807, 210.87697, 212.59117, 206.401, 212.8331, 210.02783, 216.15124, 207.33206, 214.68566, 206.22275, 211.68703, 212.85151, 214.78624, 210.28006, 210.53706, 206.06879, 213.74225, 208.52655, 208.42021, 206.09107, 210.2594, 209.08003, 212.06753, 204.9507, 205.26896, 206.49285, 208.23868, 222.28793, 208.28204, 207.31662, 216.00926, 214.74642, 206.26863, 203.88726, 214.48486, 211.94734, 212.10962, 214.43609, 203.97466, 209.5547, 215.58258, 211.74849, 207.78788, 205.23971, 222.23448};