name="EBOwithCMAR CEC17";
dim=50;
bound=4;
testID=30;
(*--------*)
min=443934.29;
max=796082.81;
median=614396.15;
mean=619663.8247058823;
std=55755.512157997815;
(*--------*)
data={627472.21, 616245.24, 722936.15, 626489.93, 579413.1, 649363.62, 662000., 579411.69, 600080.92, 579413.59, 651762.89, 579411.5, 579411.37, 649363.75, 579411.34, 579411.24, 581340.51, 590478.52, 637796.74, 665439.63, 579411.57, 590478.58, 649363.75, 579412.42, 661999.88, 639203.85, 661998.82, 443934.29, 651763.46, 677946.51, 639913.33, 648332.37, 614396.75, 614396.15, 590478.12, 590478.34, 579412.12, 590478.52, 579411.46, 579411.61, 675291.83, 579411.52, 649364.62, 579411.99, 669669.76, 779889.56, 590478.28, 625555.65, 579411.48, 796082.81, 579411.72};