name="EBOwithCMAR CEC17";
dim=50;
bound=4;
testID=26;
(*--------*)
min=300.;
max=1199.8541;
median=1016.8092;
mean=770.0042899999999;
std=384.3126147992995;
(*--------*)
data={1087.9534, 1010.2603, 996.23955, 300.00002, 1152.8757, 1045.3136, 300.00003, 300.00002, 300.00001, 1047.9178, 1052.4227, 1099.211, 1043.4278, 300.00002, 1165.9108, 995.03689, 1016.8092, 300., 300.00001, 1080.1749, 1159.2496, 1044.3016, 1085.3186, 1034.7155, 1108.3686, 956.31104, 964.73415, 300., 1076.3655, 1045.5848, 300., 300.00004, 300.00003, 1081.3099, 1021.1426, 300.00002, 300.00001, 1155.5761, 300.00003, 1108.7671, 300.00003, 300.00003, 300.00001, 300.00001, 300.00002, 1110.1102, 1061.0305, 1186.5992, 300.00002, 1199.8541, 1077.3257};