name="EBOwithCMAR CEC17";
dim=50;
bound=4;
testID=18;
(*--------*)
min=24.32269;
max=46.792062;
median=31.456409;
mean=31.706404215686273;
std=5.166521173795019;
(*--------*)
data={28.38797, 31.456409, 34.346104, 32.198146, 28.466708, 25.262525, 32.391128, 32.291961, 24.377258, 40.520186, 40.275931, 30.457777, 29.180882, 29.44825, 30.614473, 31.384934, 34.395036, 31.543108, 31.64443, 31.388982, 43.435781, 34.209998, 35.403232, 28.317346, 32.420382, 27.329116, 38.37388, 46.792062, 32.42837, 32.265211, 25.466834, 35.412218, 26.467651, 28.406021, 26.264551, 35.376315, 26.456012, 27.390061, 33.236546, 34.434976, 30.20456, 24.428913, 31.57868, 46.326251, 24.32269, 31.462297, 25.463127, 34.424319, 28.322279, 30.248848, 30.32589};