name="EBOwithCMAR CEC17";
dim=50;
bound=4;
testID=10;
(*--------*)
min=1793.1799;
max=4404.1808;
median=3277.6099;
mean=3214.2511431372545;
std=500.95092283765456;
(*--------*)
data={3280.3057, 3521.0097, 3310.7459, 4404.1808, 2915.5428, 3777.0359, 2859.8799, 2512.2245, 3363.219, 3184.2052, 2914.4716, 3277.6099, 4277.7563, 3663.4327, 3022.6729, 3017.0779, 3147.1539, 3523.7527, 3401.3351, 3288.0064, 3095.9264, 2556.3071, 2787.3589, 3502.2786, 3362.6828, 2396.1025, 3414.2156, 3875.308, 3554.149, 4023.8998, 3200.4793, 2972.6749, 2249.4631, 3619.145, 1793.1799, 2784.9561, 3842.0883, 3389.8443, 3406.4047, 3758.783, 2582.687, 3322.4694, 2873.5045, 2743.2414, 2977.687, 3186.5619, 3760.5176, 3119.9029, 3383.8228, 3165.4287, 2564.119};