name="EBOwithCMAR CEC17";
dim=50;
bound=2;
testID=29;
(*--------*)
min=321.20188;
max=408.48253;
median=355.14248;
mean=358.27915215686266;
std=18.75237771759702;
(*--------*)
data={332.46929, 330.07398, 374.71975, 351.69476, 376.82465, 340.40741, 357.5483, 347.36798, 372.85952, 346.89454, 365.61987, 351.08792, 381.94783, 359.76633, 346.08994, 337.72725, 358.14639, 348.33259, 402.29562, 355.14248, 352.38137, 346.47373, 353.13026, 353.24437, 360.09904, 376.47338, 374.95175, 379.40372, 339.52356, 359.68038, 357.21664, 358.18713, 341.99869, 351.58813, 321.20188, 351.70954, 362.17748, 399.98896, 363.68043, 350.96906, 357.77484, 368.55346, 348.38727, 408.48253, 348.7357, 326.33967, 346.434, 342.46982, 393.6899, 355.44632, 384.82735};