name="EBOwithCMAR CEC17";
dim=50;
bound=2;
testID=23;
(*--------*)
min=407.03078;
max=448.72789;
median=429.03716;
mean=429.4695580392155;
std=8.620001535405898;
(*--------*)
data={422.01906, 439.74949, 440.44457, 427.85933, 428.37471, 435.88194, 425.10349, 437.0123, 432.77496, 417.28344, 425.41399, 427.57304, 439.35507, 418.78552, 448.20757, 426.9135, 413.40519, 429.35668, 429.94922, 426.24268, 448.72789, 419.87799, 428.39865, 413.46645, 427.95545, 432.4136, 429.03716, 428.39176, 421.86816, 434.62389, 431.41468, 407.03078, 434.55919, 423.11955, 435.44343, 420.09501, 432.19942, 435.73634, 418.12895, 440.50144, 427.07077, 438.77328, 427.02225, 436.17308, 433.71462, 440.027, 433.99049, 429.59107, 420.41162, 423.47023, 438.00751};