name="EBOwithCMAR CEC17";
dim=50;
bound=5;
testID=12;
(*--------*)
min=704.00529;
max=6154.8615;
median=2013.2503;
mean=2129.0064645098037;
std=935.7401943496694;
(*--------*)
data={1647.1087, 2521.3804, 2709.833, 2201.9876, 1250.2103, 2034.197, 2356.8157, 2167.2851, 1824.7211, 5012.9376, 4417.9621, 1556.9565, 1466.8478, 1759.8605, 2326.7668, 1473.5218, 1914.5365, 1629.3782, 2051.5929, 2035.1832, 704.00529, 2942.4878, 1584.8926, 1970.8601, 3149.9332, 2052.9653, 2645.2778, 1087.9869, 1822.5787, 1092.9234, 2358.0615, 1573.7355, 6154.8615, 1688.8158, 2510.1679, 2578.0201, 2560.6209, 1569.5478, 2083.9943, 1466.0091, 1850.5324, 1997.8469, 2013.2503, 1519.9405, 2419.5712, 1267.2407, 1385.0158, 2075.168, 2332.1952, 1541.1331, 2220.6073};