name="EBOwithCMAR CEC17";
dim=50;
bound=3;
testID=26;
(*--------*)
min=300.00001;
max=1148.6658;
median=944.23671;
mean=729.1892954901961;
std=366.8899527462571;
(*--------*)
data={300.00003, 1087.7354, 300.00002, 1084.8577, 300.00002, 916.10185, 1051.5833, 1048.9507, 300.00004, 1060.6556, 300.00001, 1065.1337, 300.00005, 1076.1084, 300.00002, 988.59216, 300.00002, 300.00001, 1045.2428, 300.00001, 300.00002, 1038.5076, 844.04789, 300.00001, 944.23671, 300.00001, 300.00001, 300.00002, 1109.0093, 300.00001, 300.00002, 990.18066, 1047.0531, 1082.3743, 1105.5165, 1010.1066, 872.08314, 1048.7322, 931.10327, 300.00003, 1094.74, 1148.6658, 300.00003, 1007.1292, 300.00002, 1022.4787, 1098.202, 965.84624, 1000.0857, 1103.5931, 300.00004};