name="EBOwithCMAR CEC17";
dim=50;
bound=4;
testID=28;
(*--------*)
min=458.84872;
max=500.0125;
median=496.66928;
mean=485.141140392157;
std=17.870756664972856;
(*--------*)
data={500.0125, 496.66928, 500.01197, 469.61726, 500.01231, 458.84872, 496.66928, 458.84872, 458.84872, 469.61726, 500.0125, 458.84872, 499.42788, 458.84872, 500.01194, 458.84872, 493.88381, 458.84872, 500.01236, 469.61726, 500.0125, 500.01249, 458.84872, 493.8838, 469.61726, 500.01234, 464.96154, 500.01238, 495.20305, 500.01243, 469.61726, 478.46746, 496.66928, 499.42788, 500.01241, 458.84872, 500.01234, 500.01239, 458.84872, 469.61726, 500.01231, 500.01232, 458.84872, 500.01233, 500.01241, 464.96154, 500.01233, 500.01206, 500.00576, 500.01222, 496.66928};