name="EBOwithCMAR CEC17";
dim=50;
bound=3;
testID=7;
(*--------*)
min=55.059744;
max=61.283545;
median=57.980137;
mean=57.95494811764705;
std=1.42969192628094;
(*--------*)
data={55.059744, 56.694761, 58.191686, 59.906444, 59.496138, 57.980137, 57.194929, 55.867044, 57.70011, 56.907631, 58.105045, 56.153319, 58.304664, 58.906962, 57.368539, 58.53149, 60.124693, 57.867377, 57.56389, 58.265869, 56.352355, 55.812373, 55.213437, 58.565536, 57.704092, 58.541504, 57.507137, 57.461276, 58.511568, 56.967438, 58.204191, 58.817079, 57.833171, 55.89734, 60.708797, 59.99435, 61.216274, 59.025395, 58.44851, 59.260943, 58.222621, 57.162577, 56.398243, 58.687157, 56.341376, 57.554318, 57.989618, 59.696076, 56.813587, 61.283545, 57.319998};