name="EBOwithCMAR CEC17";
dim=50;
bound=0;
testID=11;
(*--------*)
min=20.25476;
max=32.137351;
median=25.229555;
mean=26.39691284313725;
std=3.083033746589631;
(*--------*)
data={24.234596, 23.239637, 25.229555, 23.239637, 32.137351, 30.147433, 23.239637, 26.167596, 30.147433, 25.229555, 23.239637, 24.234596, 24.234596, 28.157514, 23.239637, 32.137351, 24.234596, 25.229555, 20.25476, 22.244678, 29.152474, 27.219473, 30.081904, 21.249719, 32.137351, 25.229555, 24.234596, 27.219473, 31.142392, 26.224514, 30.147428, 25.229555, 25.229555, 21.249719, 27.162555, 26.224514, 25.229555, 27.219473, 24.234596, 28.157514, 25.229555, 29.028361, 27.219473, 31.142392, 24.234596, 31.142392, 23.239637, 29.209387, 29.152474, 25.229555, 27.219468};