name="EBOwithCMAR CEC17";
dim=50;
bound=0;
testID=7;
(*--------*)
min=54.370961;
max=62.720179;
median=58.174737;
mean=58.245542980392166;
std=1.7021823209407914;
(*--------*)
data={58.0179, 61.62556, 57.954877, 58.849284, 58.151956, 58.268126, 61.600079, 58.428009, 56.512775, 55.777746, 57.771756, 58.27836, 57.733486, 59.582657, 59.6772, 59.777766, 55.519237, 55.771776, 56.092497, 57.412336, 60.8429, 59.415048, 58.719127, 61.354322, 57.142865, 58.378277, 58.762047, 57.480237, 58.174737, 59.968061, 57.355051, 58.237806, 57.203812, 57.066232, 59.911335, 55.981728, 58.310513, 57.036364, 62.720179, 56.185605, 58.403844, 59.828111, 56.920724, 57.626268, 57.545606, 58.965053, 59.620453, 54.370961, 59.603049, 57.931207, 56.657787};