name="EBOwithCMAR CEC17";
dim=50;
bound=1;
testID=19;
(*--------*)
min=15.441394;
max=34.19947;
median=23.842071;
mean=24.274540215686276;
std=3.969304872229813;
(*--------*)
data={24.338161, 24.922379, 18.454157, 20.766761, 27.194486, 26.176633, 22.726301, 26.790203, 21.619497, 28.424723, 23.842071, 27.60169, 21.722016, 20.195986, 26.526389, 26.612401, 23.472527, 22.652863, 23.314432, 29.222554, 31.659378, 25.720898, 24.175759, 28.19322, 22.643481, 23.296767, 22.058895, 22.644161, 27.74589, 22.002565, 15.441394, 23.813659, 19.134503, 23.061135, 30.046224, 22.185284, 34.19947, 26.583479, 24.705063, 23.916013, 16.233485, 25.014643, 23.527536, 22.014373, 26.12926, 16.044345, 30.692468, 22.238178, 19.612735, 24.358611, 32.332449};