name="EBOwithCMAR CEC17";
dim=50;
bound=4;
testID=12;
(*--------*)
min=850.87114;
max=9194.619;
median=1777.74;
mean=1980.994018235295;
std=1137.0092597441298;
(*--------*)
data={1159.8195, 1756.182, 1725.2864, 2116.9092, 1777.74, 1569.8459, 1957.8258, 2363.629, 2479.106, 9194.619, 1358.3184, 1728.2124, 1284.6393, 2119.5484, 850.87114, 1533.0661, 2215.1166, 1784.0952, 1615.9515, 1915.9872, 1950.8358, 1970.8312, 2422.636, 1623.3892, 2710.9899, 1479.5595, 1442.1883, 1009.6425, 1556.6664, 2049.066, 1581.9636, 2572.522, 1637.29, 2436.1788, 2105.4478, 1798.558, 2881.509, 1875.0485, 2291.0362, 1698.0831, 2968.8893, 1720.6058, 1675.1517, 2481.4231, 1323.4433, 1687.0763, 995.14753, 1998.7492, 931.36896, 2032.3224, 1616.3065};