name="EBOwithCMAR CEC17";
dim=50;
bound=3;
testID=5;
(*--------*)
min=5.9697543;
max=19.899181;
median=12.934468;
mean=12.403650031372555;
std=3.0410371156846416;
(*--------*)
data={11.939509, 6.9647134, 15.919345, 11.939509, 14.924386, 13.929427, 10.94455, 7.9596725, 15.919345, 14.924386, 19.899181, 7.9596725, 8.9546315, 12.934468, 13.929427, 17.909263, 12.934468, 14.924386, 9.8522729, 12.934468, 12.934468, 12.934468, 16.914304, 12.934468, 11.939509, 10.94455, 9.9495906, 13.929427, 13.929427, 14.924386, 9.9495906, 11.939509, 12.934468, 13.929427, 14.924386, 14.924386, 5.9697543, 12.823969, 13.929427, 8.9546315, 15.919345, 11.939509, 6.9647134, 11.939509, 6.9647134, 12.934468, 10.94455, 13.929427, 6.9647134, 9.9495906, 14.924386};