name="EBOwithCMAR CEC17";
dim=50;
bound=3;
testID=30;
(*--------*)
min=579413.69;
max=654485.22;
median=579488.03;
mean=591943.141764706;
std=21414.764982705532;
(*--------*)
data={654451.92, 617791.78, 582175.35, 616253.8, 579431.41, 579609.07, 588040.44, 579416.96, 651946.31, 579437.46, 581356.27, 614416.3, 582393.75, 579414.1, 579556.33, 579421.18, 579534.94, 579421.56, 579428.76, 579417.8, 616346.61, 614403.23, 581385.78, 579420.79, 579452.67, 579438.25, 579490.88, 579414.29, 579514.35, 616311.25, 579456.94, 614451.54, 579488.03, 579418.46, 614434.4, 579413.69, 579419.39, 579416.93, 579425.84, 579906.06, 614428.6, 579417.16, 579448.67, 579449.05, 614419.13, 579419.19, 579418.5, 616817.5, 579456.11, 654485.22, 579416.23};