name="EBOwithCMAR CEC17";
dim=50;
bound=5;
testID=23;
(*--------*)
min=424.05764;
max=446.57275;
median=435.15557;
mean=435.9534288235295;
std=5.429002156021913;
(*--------*)
data={436.35325, 438.99126, 434.75428, 424.05764, 442.69721, 424.11582, 439.04401, 436.23111, 432.69955, 439.94547, 441.31599, 432.90234, 441.63458, 434.93549, 435.15557, 442.10342, 442.57985, 435.29838, 429.41251, 436.79257, 444.56602, 435.17658, 443.04656, 434.12435, 446.57275, 433.54224, 433.40585, 432.47095, 430.93526, 433.64114, 438.71172, 441.5466, 433.26323, 437.3344, 433.4775, 432.74125, 446.16033, 430.69125, 432.24506, 439.41463, 434.95235, 429.63075, 426.17245, 446.21917, 429.43679, 438.10723, 434.11406, 442.22085, 430.92064, 430.88378, 436.87883};