name="EBOwithCMAR CEC17";
dim=50;
bound=5;
testID=27;
(*--------*)
min=508.14629;
max=562.63008;
median=522.98769;
mean=525.4901576470588;
std=11.545093288169232;
(*--------*)
data={525.614, 520.29341, 525.28948, 549.64512, 524.21533, 521.43403, 519.79727, 520.22157, 533.23375, 528.38756, 520.45383, 519.44629, 562.11694, 508.71384, 522.30505, 524.55973, 524.73974, 526.19224, 519.24466, 523.37701, 521.2772, 517.81231, 511.53698, 529.87296, 510.03509, 523.63801, 516.83281, 534.1065, 533.45023, 542.12464, 520.12991, 529.71299, 521.10109, 522.98769, 525.75547, 537.19984, 522.83826, 508.14629, 521.92168, 529.74532, 525.00417, 522.75997, 515.12816, 520.84983, 562.63008, 509.2487, 522.81812, 525.49838, 515.66179, 551.97809, 528.91463};