name="EBOwithCMAR CEC17";
dim=50;
bound=1;
testID=10;
(*--------*)
min=1979.2976;
max=4076.5733;
median=3254.2748;
mean=3211.8577411764713;
std=436.25420558192735;
(*--------*)
data={4076.5733, 3178.3213, 3003.6315, 3822.7066, 3450.3242, 3127.5579, 3048.8555, 3256.5411, 3254.2748, 3456.1293, 2434.1274, 3479.5861, 3321.9524, 2694.4773, 3426.9632, 2179.8634, 3587.0908, 2869.3326, 3541.1413, 3553.3855, 3155.973, 3152.8639, 2766.0843, 3985.4909, 2974.8279, 2692.6717, 3905.5419, 1979.2976, 3300.6707, 2802.9842, 3287.0606, 3024.3296, 3614.4675, 3071.927, 3604.6881, 3620.0963, 3177.1589, 3110.8706, 2898.2064, 3427.2157, 3205.4852, 3502.9174, 2926.6992, 2882.888, 3733.1103, 2781.2184, 3512.6318, 3621.2423, 2466.3402, 3459.2565, 3397.6932};