name="EBOwithCMAR CEC17";
dim=50;
bound=4;
testID=27;
(*--------*)
min=500.01162;
max=500.01251;
median=500.01242;
mean=500.0123333333336;
std=0.0002080544800436106;
(*--------*)
data={500.01225, 500.0125, 500.01242, 500.01233, 500.01196, 500.01217, 500.01244, 500.01249, 500.012, 500.01232, 500.01204, 500.0123, 500.0125, 500.01249, 500.01242, 500.0125, 500.01219, 500.01251, 500.01221, 500.01225, 500.0125, 500.0125, 500.01235, 500.01228, 500.01248, 500.0118, 500.01251, 500.01162, 500.01248, 500.0122, 500.01249, 500.0125, 500.0125, 500.0125, 500.01248, 500.01249, 500.01195, 500.01208, 500.01236, 500.01232, 500.01249, 500.01235, 500.01245, 500.0125, 500.01234, 500.01204, 500.0125, 500.01241, 500.0125, 500.0125, 500.01224};