name="EBOwithCMAR CEC17";
dim=50;
bound=3;
testID=17;
(*--------*)
min=96.152968;
max=636.5105;
median=334.57124;
mean=343.62227760784305;
std=121.3751169435265;
(*--------*)
data={226.34581, 96.152968, 333.365, 265.22115, 338.29559, 335.38603, 491.07819, 154.25944, 266.97632, 607.37813, 445.7785, 219.72235, 464.37708, 333.61906, 239.14697, 210.42362, 272.58695, 294.64109, 179.6054, 354.23173, 338.24134, 417.8126, 257.82939, 379.37974, 299.23903, 334.57124, 505.66866, 317.66427, 441.00296, 546.60957, 394.97022, 211.98291, 318.58363, 305.03157, 493.02064, 423.893, 488.97913, 393.72582, 368.3934, 636.5105, 503.62707, 391.49829, 256.64821, 356.16002, 220.63768, 215.91193, 472.58002, 464.45822, 309.62854, 191.65471, 140.23047};