name="EBOwithCMAR CEC17";
dim=50;
bound=0;
testID=14;
(*--------*)
min=24.970722;
max=36.942522;
median=30.948973;
mean=30.931605862745105;
std=3.2157643120029484;
(*--------*)
data={29.966021, 24.970722, 30.950474, 28.959429, 35.927347, 33.945287, 36.925262, 28.974738, 30.957551, 34.924245, 30.950594, 24.97626, 35.920107, 31.954359, 36.942522, 33.943428, 29.9641, 36.915209, 28.954633, 31.948734, 26.971278, 33.933358, 30.950917, 31.945282, 29.955629, 27.973732, 35.694283, 28.951112, 28.957247, 30.976127, 24.98005, 29.949861, 33.954036, 30.945331, 30.954409, 27.962056, 28.969151, 30.950294, 31.960845, 30.95174, 29.95194, 26.965376, 29.022969, 34.929171, 27.992327, 28.970498, 36.923496, 26.038407, 28.954549, 30.948973, 29.956433};