name="EBOwithCMAR CEC17";
dim=50;
bound=5;
testID=21;
(*--------*)
min=201.69484;
max=218.52188;
median=212.83354;
mean=211.81224843137258;
std=4.044243366507695;
(*--------*)
data={207.46667, 212.85051, 214.3984, 214.42476, 205.4506, 218.1058, 213.74626, 211.4732, 212.83354, 205.18775, 211.07155, 216.84678, 202.70558, 215.00849, 211.97045, 213.02901, 206.23971, 208.15628, 201.69484, 214.82293, 214.26155, 213.55059, 210.36813, 212.99099, 210.9299, 209.48976, 218.5055, 207.32758, 211.8206, 212.45313, 207.46142, 211.50356, 208.49054, 211.89902, 207.55607, 215.62453, 218.52188, 212.71814, 210.16307, 217.4111, 214.7363, 214.89783, 216.59959, 213.59271, 215.96932, 207.47724, 214.25904, 213.22863, 213.88731, 213.07191, 204.17462};