name="EBOwithCMAR CEC17";
dim=50;
bound=2;
testID=13;
(*--------*)
min=7.9599777;
max=143.09812;
median=46.136763;
mean=45.87238740588234;
std=29.482260259689024;
(*--------*)
data={39.643024, 26.864726, 54.192601, 35.940042, 58.525239, 27.861064, 39.959548, 60.657291, 51.704587, 51.067999, 64.400166, 55.087311, 47.98234, 18.904451, 56.588587, 108.21224, 47.364969, 19.89934, 65.943847, 59.707195, 46.136763, 18.904442, 12.936119, 41.504099, 53.543422, 64.706376, 17.909444, 48.943505, 11.939545, 44.576462, 17.909674, 15.919449, 89.251566, 50.791546, 47.057461, 51.728535, 7.960013, 7.9599777, 50.774119, 17.914568, 31.840636, 34.824806, 19.900894, 11.93968, 133.47979, 22.886047, 85.271894, 45.189137, 13.930339, 143.09812, 88.256762};