name="EBOwithCMAR CEC17";
dim=50;
bound=1;
testID=22;
(*--------*)
min=100.;
max=4194.7299;
median=100.00003;
mean=1339.1009333333338;
std=1716.3363324432069;
(*--------*)
data={100., 100., 100., 100., 100., 100., 3964.7729, 100., 3007.7473, 100., 100., 3245.0413, 3025.8746, 100., 2992.3035, 3113.3196, 100., 100., 100.00001, 4027.0274, 105.39114, 104.88083, 3640.5325, 100., 3263.2344, 2833.4811, 102.94706, 100.00001, 100.00001, 4106.1238, 100.00001, 100., 106.1229, 100., 3739.5828, 100., 100.00001, 4185.1204, 100., 3751.7397, 4157.2721, 100., 100.00003, 100.00007, 4194.7299, 100., 104.46565, 3697.9449, 100., 103.01887, 4021.4728};