name="EBOwithCMAR CEC17";
dim=50;
bound=4;
testID=11;
(*--------*)
min=21.249719;
max=31.142392;
median=25.229555;
mean=25.925750078431374;
std=2.9920426707721193;
(*--------*)
data={23.239637, 29.152474, 30.147433, 24.234596, 25.229555, 22.244678, 22.244678, 22.244678, 26.19663, 28.157514, 27.219473, 28.157514, 25.229555, 30.147433, 26.167596, 22.244678, 30.147433, 29.152474, 21.249719, 30.147433, 25.229555, 26.224514, 24.234596, 23.239637, 22.244678, 25.229555, 31.142392, 24.234596, 25.229555, 30.830334, 24.234596, 24.234596, 24.234596, 24.234596, 29.152474, 27.162555, 30.147433, 23.239637, 28.214433, 23.239637, 25.229555, 28.214433, 24.234596, 21.249719, 22.244678, 31.142392, 22.244678, 31.142392, 27.162555, 26.224514, 24.234596};