name="EBOwithCMAR CEC17";
dim=50;
bound=0;
testID=19;
(*--------*)
min=15.463566;
max=49.513703;
median=24.576635;
mean=24.683900960784303;
std=5.3473064503927725;
(*--------*)
data={22.570533, 22.532314, 27.092901, 26.107951, 33.833018, 20.966107, 27.247734, 28.183204, 18.454184, 16.958055, 26.080315, 15.463566, 25.508223, 28.448936, 49.513703, 22.755332, 20.724966, 30.170588, 25.202176, 21.142595, 26.553054, 22.518867, 27.035479, 27.963708, 26.455746, 24.104332, 23.078175, 24.740502, 22.926277, 24.003933, 26.223213, 20.674108, 24.576635, 19.14135, 19.800406, 25.11669, 22.272744, 29.439932, 22.707377, 26.961318, 29.916224, 16.853473, 18.917365, 26.775704, 30.735029, 22.521508, 27.192367, 19.392353, 20.194258, 20.623899, 30.506522};