name="EBOwithCMAR CEC17";
dim=50;
bound=3;
testID=21;
(*--------*)
min=208.65116;
max=228.5602;
median=217.3623;
mean=217.598428627451;
std=3.9675640043210496;
(*--------*)
data={224.20068, 217.91325, 220.13654, 217.3623, 217.82053, 212.81424, 218.80804, 221.54518, 221.25639, 216.72057, 218.67154, 222.72948, 216.50354, 221.56881, 216.27519, 228.5602, 216.15327, 211.9444, 220.13854, 217.81803, 217.35268, 210.28098, 219.89157, 219.05769, 218.95276, 215.55794, 214.12231, 214.12981, 217.06653, 216.08082, 215.40852, 218.74672, 220.29569, 220.99522, 218.57255, 218.33746, 216.99621, 208.65116, 215.01028, 213.60593, 220.13513, 221.09679, 217.33488, 216.88234, 216.54579, 211.5967, 220.05806, 208.97197, 213.1357, 227.31748, 216.39147};