name="EBOwithCMAR CEC17";
dim=50;
bound=0;
testID=21;
(*--------*)
min=201.72641;
max=219.07403;
median=211.69611;
mean=211.03777215686273;
std=3.5984904945742517;
(*--------*)
data={211.49212, 212.54755, 212.77099, 212.75155, 217.00955, 215.68246, 210.62578, 211.55194, 208.38545, 212.74887, 213.58574, 209.74531, 208.30875, 207.37371, 214.34774, 209.46443, 212.15375, 212.66948, 207.42582, 209.39025, 211.77127, 212.59591, 214.39646, 206.2186, 205.16711, 213.24997, 213.37831, 208.55446, 206.05276, 213.94256, 205.14327, 209.24419, 211.0675, 212.99681, 217.08747, 202.91569, 211.69611, 214.63921, 210.59782, 213.75773, 210.30959, 214.72421, 211.13482, 210.35923, 212.61569, 212.40315, 219.07403, 205.21072, 201.72641, 213.36643, 207.49765};