name="EBOwithCMAR CEC17";
dim=50;
bound=0;
testID=20;
(*--------*)
min=51.892684;
max=416.27791;
median=120.35447;
mean=162.88261405882346;
std=94.34277318643049;
(*--------*)
data={101.90929, 136.44654, 239.61427, 332.21861, 113.0425, 90.735919, 76.977883, 120.35447, 149.34379, 121.93062, 136.72851, 234.27638, 111.84405, 108.92319, 56.99994, 215.80654, 175.62451, 89.576295, 70.935742, 95.749859, 51.892684, 248.44188, 223.56389, 95.589318, 139.91095, 331.82928, 177.9371, 124.54447, 148.47876, 88.780189, 70.234885, 416.27791, 306.4526, 109.30745, 172.47893, 101.60766, 60.703357, 307.10758, 78.10153, 344.44873, 100.40775, 202.13555, 101.08584, 99.299066, 354.19466, 109.18528, 295.1556, 114.12843, 102.06538, 118.46498, 334.16272};