name="EBOwithCMAR CEC17";
dim=50;
bound=4;
testID=7;
(*--------*)
min=54.729605;
max=61.075223;
median=58.159042;
mean=58.09542150980392;
std=1.5551329194633152;
(*--------*)
data={56.645204, 58.080504, 56.703979, 58.343465, 60.182904, 60.927742, 56.006137, 56.681693, 57.842367, 58.318632, 59.200048, 56.003892, 58.219452, 56.629592, 60.827765, 56.509263, 56.394984, 60.736478, 58.159042, 61.075223, 58.692605, 59.107099, 58.274113, 58.457172, 57.566185, 56.662904, 57.068933, 59.211266, 61.048545, 56.962786, 59.073359, 58.142731, 55.035614, 59.87497, 57.974509, 57.360657, 57.994641, 58.038844, 59.414568, 54.729605, 57.036192, 56.534079, 58.751049, 58.438753, 59.451785, 55.185742, 58.231528, 59.002864, 59.448001, 57.596512, 59.01052};