name="EBOwithCMAR CEC17";
dim=50;
bound=2;
testID=18;
(*--------*)
min=23.288196;
max=36.357537;
median=28.652443;
mean=29.040416588235306;
std=3.485186275242001;
(*--------*)
data={27.425703, 32.597827, 30.353935, 28.652443, 30.38182, 33.394173, 31.387189, 33.41769, 28.437603, 26.4883, 33.429124, 26.424487, 31.38998, 29.481123, 33.287251, 23.316112, 36.194247, 29.376705, 23.434928, 27.352827, 31.312266, 26.303122, 25.56889, 25.384462, 25.706503, 27.29871, 23.288196, 25.50455, 26.321807, 26.537849, 33.324143, 27.301115, 31.383699, 31.216839, 32.252905, 32.362732, 28.370224, 26.667032, 28.670492, 29.350125, 35.314644, 25.238845, 25.199257, 29.226685, 33.336156, 24.661783, 36.357537, 24.414872, 26.456811, 28.229951, 32.275577};