name="EBOwithCMAR CEC17";
dim=50;
bound=3;
testID=10;
(*--------*)
min=2259.7729;
max=4227.1614;
median=3208.9383;
mean=3202.184321568628;
std=465.1178675453882;
(*--------*)
data={2805.8954, 3104.5856, 3717.6089, 3421.5374, 2659.3438, 3208.9383, 3810.6427, 2570.0555, 3023.2172, 2573.8792, 3126.4246, 3217.4878, 3199.1385, 2703.1786, 3566.0498, 3710.2619, 3451.6602, 3122.9141, 3563.3675, 3121.5453, 2971.5798, 3232.9357, 3657.5693, 2804.6747, 2570.2248, 2750.14, 4227.1614, 3264.365, 3410.6822, 4180.3116, 4099.5264, 3537.0986, 2557.0439, 2960.7944, 3668.568, 3392.3634, 3406.7053, 3292.9349, 3670.0155, 2259.7729, 3100.1666, 2692.094, 3602.2194, 3353.8636, 2613.1975, 2852.5705, 2753.8187, 3252.6002, 3860.4378, 3179.9677, 2458.2643};