name="EBOwithCMAR CEC17";
dim=50;
bound=0;
testID=23;
(*--------*)
min=421.39975;
max=448.13678;
median=435.80728;
mean=435.2769286274511;
std=5.961189677548946;
(*--------*)
data={437.5776, 436.36269, 423.29239, 424.27659, 432.84292, 436.86037, 443.05104, 430.88269, 434.61916, 433.54375, 428.77952, 441.52062, 442.76628, 433.81476, 445.74363, 443.33828, 429.75772, 432.14356, 432.02216, 428.38929, 444.05103, 434.01632, 437.21478, 421.39975, 440.5199, 437.59073, 438.26487, 433.96011, 435.80728, 427.8725, 441.90669, 436.1908, 428.54579, 426.01276, 440.66899, 448.13678, 432.60105, 435.05414, 431.47475, 436.68781, 439.93356, 425.79146, 439.27197, 429.91429, 439.19893, 439.64512, 435.47104, 433.5586, 438.38437, 439.33102, 439.06115};