name="EBOwithCMAR CEC17";
dim=50;
bound=4;
testID=2;
(*--------*)
min=0.;
max=4.;
median=0.;
mean=0.3137254901960784;
std=0.7068294300163619;
(*--------*)
data={1., 0., 0., 2., 0., 0., 0., 0., 1., 0., 0., 1., 1., 0., 1., 0., 0., 1., 0., 0., 0., 0., 0., 0., 1., 0., 0., 0., 0., 0., 1., 0., 0., 4., 0., 0., 0., 0., 0., 0., 0., 0., 0., 1., 0., 0., 1., 0., 0., 0., 0.};