name="EBOwithCMAR CEC17";
dim=50;
bound=5;
testID=16;
(*--------*)
min=126.73265;
max=644.92146;
median=427.27169;
mean=398.21158156862737;
std=139.65728696728982;
(*--------*)
data={552.87071, 582.89536, 549.59308, 247.08555, 369.15998, 583.09164, 465.18005, 309.67502, 470.79719, 137.66477, 464.136, 381.03306, 134.418, 437.50094, 344.61881, 545.46687, 128.67353, 464.14852, 345.57464, 261.11557, 129.24988, 345.92652, 249.09209, 369.91941, 490.5358, 427.27169, 357.29245, 549.95391, 412.2218, 345.40354, 433.85878, 644.92146, 137.55321, 126.73265, 465.21019, 542.09966, 565.33026, 348.0486, 461.91598, 461.28945, 365.59317, 340.17611, 477.44678, 606.5831, 510.6034, 255.28607, 568.62492, 480.35989, 254.08135, 458.4172, 353.09205};