name="EBOwithCMAR CEC17";
dim=50;
bound=4;
testID=24;
(*--------*)
min=500.92782;
max=512.31693;
median=506.22421;
mean=506.03690470588236;
std=2.555413423620808;
(*--------*)
data={506.94681, 508.77498, 503.67536, 508.02432, 507.49326, 505.70552, 506.57896, 502.60529, 503.43204, 506.22421, 510.40705, 506.41307, 506.25992, 503.65761, 508.50806, 501.66908, 503.96293, 500.92782, 508.95478, 501.32716, 504.4149, 508.30442, 501.75146, 505.78591, 503.15586, 508.23616, 506.19289, 504.87309, 505.40471, 502.90884, 512.11941, 508.3184, 506.07401, 504.37717, 506.67012, 507.76203, 509.2919, 508.21454, 506.46705, 504.94064, 507.07608, 506.92064, 512.31693, 505.89829, 505.24435, 505.09597, 507.46347, 505.48724, 506.74312, 506.57912, 502.24519};