name="EBOwithCMAR CEC17";
dim=50;
bound=5;
testID=19;
(*--------*)
min=15.65157;
max=34.223484;
median=24.601216;
mean=24.22549982352941;
std=4.4441293140523515;
(*--------*)
data={29.36858, 16.698368, 28.882546, 21.870566, 32.447489, 28.83381, 20.290112, 19.318084, 34.223484, 21.111466, 32.595238, 18.62691, 18.190911, 30.681656, 25.176406, 15.65157, 21.24381, 24.884848, 25.381969, 30.065715, 18.634364, 23.320029, 20.438874, 19.228569, 27.815732, 25.61644, 29.127125, 20.902117, 20.067661, 27.770778, 22.658158, 21.488156, 27.507988, 19.426627, 23.120989, 27.68819, 23.22421, 21.99639, 25.979211, 24.793718, 24.601216, 24.828789, 25.499526, 28.023801, 19.828157, 29.734673, 22.374636, 26.235949, 18.416836, 22.08095, 27.527094};