name="EBOwithCMAR CEC17";
dim=50;
bound=4;
testID=29;
(*--------*)
min=326.97422;
max=416.1673;
median=350.64277;
mean=356.24958960784306;
std=18.299685086478725;
(*--------*)
data={362.66891, 340.61597, 354.25009, 348.41572, 361.42026, 373.8789, 344.35509, 349.84395, 340.89503, 360.87273, 384.22326, 372.01573, 346.22372, 336.47704, 350.00572, 342.08538, 357.9305, 376.72585, 346.59152, 368.35225, 362.63517, 339.30066, 352.00496, 394.87402, 346.87423, 375.45096, 383.18283, 343.81253, 344.06196, 350.64277, 416.1673, 350.16646, 363.90688, 379.75035, 338.97634, 363.4978, 335.09826, 326.97422, 335.45629, 340.55444, 373.13958, 332.11499, 364.34319, 361.97664, 364.73014, 347.83888, 337.36364, 384.3789, 367.82289, 328.98405, 344.80012};