name="EBOwithCMAR CEC17";
dim=50;
bound=1;
testID=30;
(*--------*)
min=579411.2;
max=782089.82;
median=627294.62;
mean=634505.2713725489;
std=53587.43592041329;
(*--------*)
data={757820.47, 616035.26, 590477.99, 681190.81, 614396.81, 598254.63, 579411.84, 665478.38, 590478.42, 579411.64, 600081.23, 651762.52, 579412.02, 590478.51, 579411.95, 685536.07, 678883.45, 579412.3, 649363.76, 649363.43, 590478.46, 651762.62, 723208.25, 684546.17, 691346.28, 719390.63, 590478.31, 677946.23, 637796.04, 782089.82, 639913.54, 651190.45, 648330.71, 579411.99, 651190., 590478.44, 579411.2, 627294.62, 590478.48, 654332.32, 579411.25, 614396., 750276.57, 678672.91, 579412.45, 579411.69, 579411.84, 579411.6, 692184.77, 651189.74, 598253.97};