name="EBOwithCMAR CEC17";
dim=50;
bound=2;
testID=6;
(*--------*)
min=0.;
max=1.19857*^-6;
median=4.7942763*^-8;
mean=1.5917118249019603*^-7;
std=2.1518667994619079*^-7;
(*--------*)
data={1.9177116*^-7, 0., 4.7942763*^-8, 4.7942763*^-8, 4.5813772*^-7, 1.078713*^-7, 0., 5.0580411*^-8, 4.7942763*^-8, 0., 0., 1.9177116*^-7, 0., 4.7942763*^-8, 1.9177116*^-7, 4.7942763*^-8, 1.078713*^-7, 2.9964247*^-7, 4.7942763*^-8, 4.7942763*^-8, 4.7942763*^-8, 4.7942763*^-8, 1.9177116*^-7, 1.9177116*^-7, 6.027135*^-7, 4.7942763*^-8, 4.7942763*^-8, 0., 0., 0., 1.9177116*^-7, 4.314852*^-7, 0., 4.7942763*^-8, 2.9964247*^-7, 1.19857*^-6, 1.9177116*^-7, 4.314852*^-7, 4.7942763*^-8, 4.7942763*^-8, 4.7942763*^-8, 1.9177116*^-7, 4.314852*^-7, 3.1068112*^-7, 0., 4.4471165*^-7, 9.5579708*^-8, 1.1453437*^-7, 4.314852*^-7, 0., 4.7942763*^-8};