name="EBOwithCMAR CEC17";
dim=50;
bound=2;
testID=14;
(*--------*)
min=25.983347;
max=42.884786;
median=31.941881;
mean=32.129735117647066;
std=3.6197950175708278;
(*--------*)
data={35.922324, 34.957746, 40.917892, 30.951076, 29.949997, 31.96695, 29.950023, 32.94372, 30.944575, 32.939531, 30.945462, 31.945844, 25.983347, 27.971964, 26.966799, 31.941881, 30.957114, 28.958465, 31.946332, 28.967941, 29.956189, 31.98053, 29.251152, 38.907869, 28.960213, 33.963531, 29.954841, 30.963184, 25.984134, 27.967201, 31.941012, 31.9471, 36.935152, 32.935685, 37.913334, 29.953952, 35.920401, 30.956988, 30.944505, 31.961671, 31.940423, 27.964876, 35.921274, 34.925792, 37.911529, 26.968255, 32.938911, 34.930147, 31.965217, 32.937654, 42.884786};