name="EBOwithCMAR CEC17";
dim=50;
bound=2;
testID=27;
(*--------*)
min=499.72429;
max=524.86755;
median=513.02104;
mean=511.62344862745095;
std=6.108360233884059;
(*--------*)
data={518.29813, 508.09815, 504.6401, 520.14578, 516.90106, 515.7951, 513.969, 521.64255, 513.95283, 518.4862, 508.56532, 515.50859, 508.59489, 513.02104, 505.1073, 521.12264, 506.54247, 505.46628, 502.21913, 509.19741, 508.10804, 515.18168, 519.21098, 503.50109, 510.42453, 514.49515, 504.83722, 513.72585, 499.72429, 515.6477, 506.58711, 500.32807, 511.6606, 515.93251, 508.87794, 513.70539, 508.71043, 505.67372, 509.40583, 514.80972, 515.04029, 514.1801, 504.85023, 515.63524, 519.51629, 513.07803, 507.41054, 521.79266, 504.23395, 524.86755, 504.36918};