name="EBOwithCMAR CEC17";
dim=50;
bound=4;
testID=20;
(*--------*)
min=74.481789;
max=559.86492;
median=139.52074;
mean=179.1399039607843;
std=93.51444514544754;
(*--------*)
data={106.81148, 320.3766, 265.67583, 84.261166, 114.26911, 104.12662, 214.05925, 120.289, 123.19618, 215.45708, 202.99726, 151.59244, 139.52074, 74.481789, 211.68306, 99.709274, 114.76234, 135.09823, 147.89282, 117.98804, 214.86101, 315.17828, 113.21502, 109.35075, 126.49498, 325.47637, 106.4874, 309.15589, 89.854511, 208.12893, 91.854924, 220.59388, 226.90335, 114.70123, 138.37064, 234.90872, 103.35102, 145.79338, 139.2207, 85.571728, 108.62674, 235.98153, 147.093, 559.86492, 248.42657, 333.56254, 122.23282, 108.58672, 195.08296, 252.72229, 340.23399};