name="EBOwithCMAR CEC17";
dim=50;
bound=0;
testID=24;
(*--------*)
min=501.91357;
max=513.41495;
median=507.40479;
mean=507.3096874509803;
std=2.6673753872538035;
(*--------*)
data={507.81672, 507.40479, 507.55534, 508.3935, 504.40762, 506.14599, 508.39739, 507.85957, 504.85006, 505.21419, 506.95368, 505.12359, 509.49255, 504.60997, 507.67318, 506.70776, 506.45815, 505.49521, 504.52019, 510.69005, 509.94015, 507.17897, 505.27745, 512.72481, 510.66854, 506.66365, 508.84528, 507.45834, 511.99228, 506.30585, 505.35036, 513.41495, 508.38808, 506.24346, 504.59021, 507.50495, 501.91357, 504.35358, 506.93198, 511.36176, 510.1887, 511.10873, 504.32364, 503.02644, 508.38117, 509.8654, 509.87533, 502.08481, 508.12949, 509.2549, 503.67773};