name="EBOwithCMAR CEC17";
dim=50;
bound=1;
testID=12;
(*--------*)
min=813.23844;
max=9943.6558;
median=1867.6232;
mean=1982.9316733333335;
std=1259.0259719608541;
(*--------*)
data={2513.8457, 1183.3914, 1246.7943, 2149.8284, 1917.5104, 1867.6232, 1975.2745, 880.38452, 2139.3302, 1786.0324, 1683.1149, 1139.7511, 1255.2112, 2198.4183, 1101.0153, 1364.328, 2570.6147, 1317.868, 1832.5379, 1679.4831, 2046.3076, 1912.2293, 2032.6251, 2523.5228, 2183.318, 1759.644, 1774.9165, 1757.3547, 2021.5687, 954.91458, 2235.4847, 1397.9052, 1923.1036, 2175.2823, 3174.4954, 1039.911, 1230.0457, 2184.7621, 813.23844, 1600.8649, 2246.5431, 2302.6772, 9943.6558, 2513.2934, 1218.9157, 2538.373, 1364.8788, 1610.9027, 1826.4067, 3137.5922, 1882.4246};