name="EBOwithCMAR CEC17";
dim=50;
bound=1;
testID=27;
(*--------*)
min=510.75394;
max=584.29957;
median=527.65269;
mean=531.597681764706;
std=14.73999918031026;
(*--------*)
data={527.65269, 524.16028, 525.27367, 536.60438, 527.48424, 536.68984, 522.44901, 536.30535, 527.25366, 514.94744, 525.75257, 528.17567, 535.52327, 556.48868, 515.0644, 522.69238, 533.77112, 577.88106, 541.48716, 553.87579, 550.56515, 535.15477, 521.75574, 527.26783, 542.25163, 535.02356, 514.56964, 525.45686, 538.43312, 525.77479, 542.15779, 515.80828, 523.62728, 526.01862, 526.26472, 526.80694, 515.20817, 530.33849, 516.44812, 528.29141, 520.6927, 510.75394, 584.29957, 545.80682, 530.03525, 528.09146, 515.52073, 519.48884, 553.16183, 528.71079, 538.16427};