name="EBOwithCMAR CEC17";
dim=50;
bound=2;
testID=16;
(*--------*)
min=128.82881;
max=633.88328;
median=423.28419;
mean=408.3375547058824;
std=121.51442412754501;
(*--------*)
data={464.65685, 467.09902, 363.02354, 582.09361, 581.95025, 462.51495, 367.9402, 247.57964, 245.04687, 251.64732, 246.71164, 552.43307, 473.21552, 633.88328, 459.32609, 586.34651, 249.26786, 366.68196, 423.6655, 423.28419, 363.37438, 247.1997, 244.80083, 371.82022, 584.45899, 525.1174, 581.8617, 421.14614, 350.78502, 583.20774, 445.41116, 249.41272, 382.04884, 370.13221, 464.95553, 488.17708, 464.30238, 365.3815, 128.82881, 467.72486, 429.17591, 572.8218, 356.69096, 372.68087, 348.0027, 246.71891, 461.77286, 246.54569, 245.87833, 473.1549, 523.25728};