name="EBOwithCMAR CEC17";
dim=50;
bound=4;
testID=21;
(*--------*)
min=201.48255;
max=224.88606;
median=213.23323;
mean=213.3551107843137;
std=4.3553940921569145;
(*--------*)
data={210.63819, 209.3927, 213.57955, 216.1141, 212.13145, 210.74633, 213.18806, 216.21075, 224.88606, 215.89551, 213.70096, 212.61706, 206.47344, 217.23428, 219.71742, 214.93488, 211.56893, 210.27485, 211.92047, 213.23323, 213.07188, 206.23973, 210.39464, 214.37334, 212.1983, 209.56571, 221.56382, 212.50797, 207.6348, 214.11524, 216.84544, 211.80428, 217.53535, 209.09435, 209.00614, 208.47918, 214.53983, 215.23809, 208.46305, 213.97877, 211.7962, 214.50855, 222.62697, 213.34155, 209.95818, 215.2398, 221.37479, 201.48255, 216.75997, 216.85632, 216.05764};