name="EBOwithCMAR CEC17";
dim=50;
bound=3;
testID=18;
(*--------*)
min=23.364968;
max=46.232811;
median=27.211875;
mean=28.967934803921555;
std=4.907345275844311;
(*--------*)
data={30.36214, 26.50029, 27.200069, 25.462393, 25.566281, 26.425245, 26.329956, 40.250779, 25.479257, 23.364968, 31.394049, 28.412645, 26.475621, 24.497116, 30.269314, 39.294562, 25.204091, 32.339905, 26.399997, 28.303409, 25.22041, 33.445688, 25.296294, 24.43806, 27.308693, 25.664283, 40.087914, 37.23567, 28.310296, 26.621779, 24.289003, 26.369007, 32.458188, 28.255708, 30.402706, 27.294493, 46.232811, 36.212716, 30.406973, 34.322128, 29.203669, 24.481239, 27.11631, 27.681948, 24.78799, 33.163488, 24.47807, 27.211875, 28.192079, 25.433287, 26.209813};