name="EBOwithCMAR CEC17";
dim=50;
bound=3;
testID=15;
(*--------*)
min=21.866342;
max=39.329342;
median=26.785891;
mean=27.90436639215687;
std=3.9116386323833194;
(*--------*)
data={25.667772, 30.363933, 28.288836, 32.502639, 25.453896, 22.413261, 27.409222, 25.334681, 26.387028, 31.654018, 27.621384, 26.544076, 32.455055, 28.449464, 23.470255, 22.48696, 25.562121, 28.090462, 24.776842, 26.705136, 25.960576, 32.484863, 26.04613, 21.866342, 26.789834, 33.213199, 25.463751, 22.613194, 23.407175, 26.452533, 28.796908, 32.765304, 26.667942, 31.536207, 35.334351, 39.329342, 25.463082, 36.998642, 27.772285, 23.545327, 26.632063, 26.785891, 29.189909, 30.657997, 23.424758, 28.925818, 29.405355, 29.944434, 26.036594, 34.290575, 23.685264};