name="EBOwithCMAR CEC17";
dim=50;
bound=1;
testID=25;
(*--------*)
min=465.19204;
max=562.57287;
median=480.30173;
mean=483.5229092156862;
std=13.874879787367359;
(*--------*)
data={480.30588, 480.23501, 480.27481, 480.27121, 480.35777, 480.27903, 480.26097, 477.34881, 480.36271, 480.27246, 480.36229, 518.74459, 480.27273, 480.23465, 480.27121, 480.29093, 480.35292, 491.88867, 491.87987, 562.57287, 480.36523, 480.31457, 480.30173, 480.30173, 477.37348, 477.60863, 477.37029, 480.29837, 480.44344, 480.28264, 480.24712, 480.29599, 480.24325, 515.5702, 480.29561, 480.39958, 480.33427, 480.30173, 480.30173, 480.30818, 480.32848, 480.31457, 465.19204, 480.35826, 491.90749, 480.23465, 480.27656, 480.30173, 480.30522, 480.36464, 480.28757};