name="EBOwithCMAR CEC17";
dim=50;
bound=5;
testID=14;
(*--------*)
min=25.981215;
max=42.904316;
median=30.950075;
mean=31.501921843137254;
std=3.892905640746912;
(*--------*)
data={32.993264, 29.962485, 28.955189, 31.966811, 34.499012, 26.967098, 31.01336, 31.942087, 27.970907, 35.938569, 27.987873, 29.956439, 29.958811, 37.912381, 36.891237, 41.906538, 26.117593, 29.794802, 26.973004, 27.96237, 30.955461, 31.958184, 29.974486, 31.947957, 33.930785, 29.979894, 32.91707, 33.980104, 38.287785, 27.958144, 28.999337, 42.904316, 27.964713, 35.922217, 26.968824, 28.972168, 34.926444, 31.954129, 29.967174, 32.936535, 26.977703, 33.932726, 25.981215, 32.937553, 30.950075, 30.945046, 36.925086, 26.97124, 29.969328, 26.992315, 32.94017};