name="EBOwithCMAR CEC17";
dim=50;
bound=4;
testID=5;
(*--------*)
min=1.9899181;
max=15.919345;
median=7.9596725;
mean=8.322133066666668;
std=3.004327219431178;
(*--------*)
data={6.9647134, 3.9798362, 5.9697543, 4.9747953, 5.9697543, 12.934468, 7.9596725, 5.9697543, 7.9596725, 11.939509, 6.9647134, 6.9647134, 8.9546315, 10.525815, 8.9546315, 15.919345, 12.934468, 13.929427, 8.9546315, 6.9647134, 10.94455, 1.9899181, 7.9596725, 10.94455, 5.9697543, 12.934468, 7.9596725, 9.9495906, 7.9596725, 10.94455, 10.94455, 7.9596725, 4.9747953, 5.9697543, 3.9798362, 9.9495906, 11.939509, 6.9647134, 9.9495906, 4.9747953, 2.9848772, 6.9647134, 9.9495906, 8.9546315, 3.9798362, 7.9596725, 9.9495906, 11.939509, 4.9747953, 6.9647134, 8.9546315};