name="EBOwithCMAR CEC17";
dim=50;
bound=2;
testID=12;
(*--------*)
min=849.39978;
max=6174.3328;
median=1767.5139;
mean=1860.4372233333338;
std=772.0781307641751;
(*--------*)
data={1683.1548, 1615.6673, 1767.5139, 2103.8263, 1819.9332, 1182.2983, 977.52901, 1196.1747, 2331.7509, 1034.1664, 1828.0346, 1961.522, 1744.5425, 2463.2786, 2364.22, 1334.6567, 1222.7042, 1812.8308, 1469.1202, 849.39978, 1827.426, 1339.0077, 1467.1072, 1668.3417, 1367.5268, 1728.2805, 2361.0046, 1706.4606, 2205.3013, 3402.8434, 1966.8718, 1776.5333, 1877.5902, 1329.2918, 1666.6731, 2486.5319, 1402.7458, 1737.2389, 2487.6483, 2156.2125, 2269.0192, 1324.6236, 2014.4292, 1461.107, 1866.1571, 1931.4309, 2123.4407, 1328.2556, 1926.2244, 6174.3328, 1740.3163};