name="EBOwithCMAR CEC17";
dim=50;
bound=0;
testID=4;
(*--------*)
min=0.;
max=142.30516;
median=28.512712;
mean=42.08022925490196;
std=34.5723241542256;
(*--------*)
data={28.512712, 28.512712, 97.413123, 0., 28.512712, 28.512712, 28.512712, 28.512712, 28.512712, 28.512712, 28.512712, 28.512712, 28.512712, 28.512712, 0., 98.720932, 142.30516, 0., 28.512712, 28.512712, 97.413123, 28.512712, 125.72518, 28.512712, 28.512712, 28.512712, 28.512712, 28.512712, 28.512712, 28.512712, 28.512712, 28.512712, 97.413123, 98.720932, 28.512712, 114.01156, 28.512712, 28.512712, 114.01156, 28.512712, 28.512712, 28.512712, 0., 32.499478, 28.512712, 28.512712, 97.413123, 28.512712, 32.499478, 28.512712, 28.512712};