name="EBOwithCMAR CEC17";
dim=50;
bound=2;
testID=21;
(*--------*)
min=206.23863;
max=223.99401;
median=215.19932;
mean=215.5472956862745;
std=3.9001191335990013;
(*--------*)
data={214.78116, 210.88731, 212.27289, 215.66069, 219.56503, 216.24453, 215.97359, 212.79319, 219.895, 212.28449, 217.56827, 213.64463, 214.33501, 215.28818, 221.2642, 212.00144, 213.7778, 213.49895, 219.0141, 217.6336, 206.23863, 213.74596, 218.35279, 222.98373, 222.38552, 210.94156, 213.54197, 218.58929, 215.19932, 215.35513, 216.83046, 211.93322, 212.2891, 209.79989, 209.2062, 214.25756, 222.06638, 214.65747, 209.78971, 219.1868, 217.06253, 217.18293, 222.53013, 223.99401, 211.90604, 214.13305, 212.63428, 218.7385, 213.94454, 218.41364, 216.63768};