name="EBOwithCMAR CEC17";
dim=50;
bound=3;
testID=22;
(*--------*)
min=100.;
max=105.8485;
median=100.;
mean=100.63906019607843;
std=1.5527376412304685;
(*--------*)
data={103.01887, 100.00007, 100.00002, 100., 100., 100., 100., 100., 100.00009, 100.00011, 100., 100., 100.00002, 103.62773, 103.02772, 100., 100.00006, 100.00002, 100.00002, 100.00004, 100., 100., 102.94706, 104.288, 100.00001, 100., 100., 104.52343, 100., 100., 100., 100.00002, 100., 100., 105.31022, 100., 100., 100., 100.00002, 100., 105.8485, 100., 100., 100., 100., 100.00004, 100., 100., 100., 100., 100.};