name="EBOwithCMAR CEC17";
dim=50;
bound=3;
testID=20;
(*--------*)
min=68.739271;
max=463.96307;
median=274.11218;
mean=251.73182737254902;
std=110.61092769988117;
(*--------*)
data={281.93014, 83.555846, 247.2942, 353.08649, 243.43676, 383.93126, 111.8447, 105.34681, 388.07668, 117.57674, 299.12466, 447.46584, 321.63438, 274.11218, 367.15917, 127.51463, 248.27482, 282.73389, 322.53008, 331.10945, 347.61851, 118.44551, 463.96307, 279.78055, 217.70235, 176.1959, 125.39945, 227.60364, 94.558103, 352.66841, 268.91505, 300.39259, 349.90589, 135.82694, 127.32475, 119.57333, 277.04595, 324.68647, 373.6069, 307.68677, 114.74431, 214.17788, 361.0482, 364.37903, 461.13573, 126.18838, 221.56111, 315.5178, 82.559376, 181.63325, 68.739271};