name="EBOwithCMAR CEC17";
dim=50;
bound=0;
testID=27;
(*--------*)
min=508.26614;
max=580.07172;
median=521.93202;
mean=525.0975029411765;
std=12.23270936187831;
(*--------*)
data={535.3525, 527.46972, 528.89345, 519.51857, 517.33947, 513.82038, 517.38936, 525.52112, 539.92583, 516.871, 515.43945, 548.30913, 519.45418, 520.31624, 534.17328, 517.42144, 521.45144, 522.94431, 521.17764, 508.26614, 513.04623, 580.07172, 521.63551, 514.91142, 522.91323, 526.01572, 518.84426, 518.9383, 531.30779, 540.43182, 529.89511, 512.16255, 523.14177, 526.83928, 519.87235, 537.7223, 552.11473, 524.32996, 516.09388, 516.70754, 528.40699, 546.73505, 523.31201, 516.53761, 515.19543, 518.02035, 521.93202, 523.65755, 524.62367, 520.59527, 522.90658};