name="EBOwithCMAR CEC17";
dim=50;
bound=3;
testID=23;
(*--------*)
min=414.32841;
max=446.95961;
median=433.03426;
mean=432.7026286274508;
std=8.076090176614182;
(*--------*)
data={432.7446, 421.22228, 438.42955, 423.55881, 435.70659, 428.21502, 433.06899, 416.89673, 414.32841, 423.94531, 429.50581, 442.75378, 433.35843, 438.51236, 430.0211, 433.46613, 435.48495, 432.82706, 439.98235, 443.23649, 422.01532, 427.07049, 435.00981, 433.78445, 418.54442, 437.8211, 442.72017, 431.18715, 428.06081, 430.13845, 446.1698, 424.03015, 444.9343, 436.45971, 423.98778, 444.16022, 444.60139, 433.03426, 431.69157, 442.5814, 437.72487, 425.04586, 437.14773, 424.20861, 425.20901, 446.95961, 432.864, 432.10245, 442.51475, 435.01643, 423.77324};