name="EBOwithCMAR CEC17";
dim=50;
bound=2;
testID=30;
(*--------*)
min=579413.13;
max=654463.94;
median=579519.24;
mean=595739.5462745097;
std=25263.53019183463;
(*--------*)
data={579439.72, 587856.01, 579420.68, 579427.3, 579421.85, 579421., 616154.76, 579447.91, 579487.9, 579483.65, 579570.36, 579419.73, 627802.77, 594170.35, 616307.7, 616355.14, 579413.79, 614501.1, 579519.24, 579417.67, 579428.92, 651811.75, 579544.39, 579446.45, 649374.29, 579454.59, 579419.45, 614487.35, 579590.5, 579456.52, 616869.03, 579439.47, 579414.81, 579413.13, 616420.52, 579699.15, 654463.94, 579431.28, 651915.18, 579487.83, 652356.28, 579415.98, 579414.74, 614541.1, 579656.61, 579439.91, 579417.1, 581345.24, 614428.11, 648376.91, 579717.7};