name="EBOwithCMAR CEC17";
dim=50;
bound=5;
testID=18;
(*--------*)
min=23.349416;
max=53.364652;
median=32.389193;
mean=33.87063964705882;
std=7.039295926436255;
(*--------*)
data={40.409526, 47.083017, 27.318288, 36.638322, 31.595395, 33.233898, 32.366397, 34.275193, 35.456238, 32.389193, 25.284629, 28.278668, 28.236648, 42.274031, 41.260636, 32.41828, 39.810545, 28.483363, 29.292184, 23.349416, 27.451553, 51.16481, 37.376663, 31.33552, 23.349723, 27.346603, 33.367751, 41.346757, 27.843764, 32.2569, 31.456701, 31.508245, 34.981893, 30.390085, 36.375857, 29.801767, 26.284961, 38.187345, 34.110362, 28.833395, 53.223773, 24.382009, 36.363507, 39.073489, 53.364652, 34.235594, 29.300618, 28.42171, 40.586178, 31.603729, 32.622841};