name="EBOwithCMAR CEC17";
dim=50;
bound=3;
testID=11;
(*--------*)
min=21.249719;
max=32.686794;
median=24.234596;
mean=24.685821823529412;
std=2.5807252256161624;
(*--------*)
data={23.239637, 24.234596, 25.229555, 28.214433, 23.239637, 21.249719, 27.219473, 26.224514, 26.224514, 24.234596, 23.239637, 21.249719, 29.209392, 25.229555, 22.244678, 23.239637, 25.229555, 23.239637, 23.239637, 31.142392, 25.229555, 24.234596, 24.234596, 22.244678, 24.234596, 27.219473, 21.249719, 22.244678, 23.239637, 23.239637, 24.234596, 23.239637, 26.224514, 32.686794, 25.229555, 23.239637, 26.224514, 25.229555, 25.036238, 21.249719, 24.234596, 28.214433, 24.234596, 30.147433, 23.239637, 22.244678, 22.244678, 23.239637, 25.229555, 21.249719, 28.157514};