name="EBOwithCMAR CEC17";
dim=50;
bound=5;
testID=30;
(*--------*)
min=579411.22;
max=801540.25;
median=626490.11;
mean=634593.1490196078;
std=55770.38328854261;
(*--------*)
data={626490.11, 639913.17, 614395.8, 579411.48, 649364.43, 649363.43, 639204.97, 590478.74, 579411.65, 649364.52, 598254.26, 579412., 689428.43, 649363.72, 579412.2, 579411.91, 720291.4, 651645.4, 651646.35, 590479.55, 627295.33, 598254.74, 780792.56, 665478.63, 608409.72, 600081.8, 689428.12, 649363.82, 590478.55, 801540.25, 625555.74, 598254.93, 579411.87, 677946.3, 661998.97, 579411.43, 579412.81, 608409.81, 651762.95, 579411.22, 590478.35, 616244.36, 590478.47, 639913.75, 649364.44, 750276., 778581., 579411.97, 678883.84, 651762.7, 579412.65};