name="EBOwithCMAR CEC17";
dim=50;
bound=5;
testID=11;
(*--------*)
min=19.259801;
max=33.189218;
median=27.219468;
mean=26.832522019607833;
std=3.7185518680837863;
(*--------*)
data={29.152474, 27.219473, 32.137351, 25.229555, 30.147433, 28.157514, 31.142392, 23.239637, 21.249719, 25.229555, 33.13231, 25.621167, 33.13231, 22.244678, 29.152474, 21.249719, 31.142392, 25.229555, 25.229555, 22.244678, 30.147433, 28.214433, 22.244678, 29.068942, 27.219468, 25.229555, 33.13231, 22.244678, 31.142392, 28.214433, 25.229555, 30.147433, 26.224514, 21.249719, 27.219473, 29.152474, 25.229555, 23.239637, 19.259801, 27.219468, 21.249719, 29.152474, 26.224514, 28.157514, 21.249719, 30.147433, 25.229555, 23.239637, 33.189218, 29.152474, 29.152474};