name="EBOwithCMAR CEC17";
dim=50;
bound=4;
testID=15;
(*--------*)
min=12.696024;
max=49.3366;
median=29.418853;
mean=30.670316960784312;
std=6.945459396641514;
(*--------*)
data={26.457652, 26.207296, 39.324643, 29.65999, 42.53965, 25.351345, 23.819595, 30.129129, 30.712253, 29.590353, 29.171966, 12.696024, 34.125372, 29.418853, 43.796439, 31.062922, 38.307118, 41.187185, 30.156136, 25.982495, 27.24555, 26.390325, 33.993461, 26.813361, 30.123675, 27.87795, 28.440291, 24.515158, 23.60006, 22.137153, 32.053257, 49.3366, 25.254734, 30.431827, 27.307151, 24.063469, 30.551349, 23.287078, 35.555517, 44.484915, 33.288073, 41.327759, 27.54719, 31.110617, 27.480835, 27.565833, 42.501754, 40.321258, 23.895893, 28.767715, 27.219941};