name="EBOwithCMAR CEC17";
dim=50;
bound=5;
testID=29;
(*--------*)
min=314.61522;
max=421.82967;
median=350.65635;
mean=353.4613425490196;
std=19.011248542172588;
(*--------*)
data={353.47085, 348.72096, 350.00839, 361.12992, 371.14329, 356.30967, 327.40613, 345.38152, 342.8507, 338.20001, 337.24221, 358.58086, 314.61522, 353.52689, 357.82617, 349.24359, 337.85476, 366.0871, 354.08003, 358.39582, 348.11479, 351.73601, 412.00913, 344.55745, 386.14997, 335.22895, 338.06157, 345.26504, 350.65635, 350.11878, 357.02429, 343.1238, 359.24375, 368.19106, 350.18337, 378.84265, 332.01439, 357.96105, 350.5102, 374.72516, 343.03859, 361.97845, 349.76403, 324.9729, 355.62061, 421.82967, 357.68481, 363.4304, 321.61782, 366.62081, 344.17853};