name="EBOwithCMAR CEC17";
dim=50;
bound=3;
testID=16;
(*--------*)
min=247.13504;
max=787.55354;
median=464.42715;
mean=457.6089703921569;
std=131.29256527483116;
(*--------*)
data={430.97554, 368.51276, 465.63647, 352.94482, 590.43823, 468.25542, 600.79211, 349.02119, 487.8409, 475.04569, 253.93721, 369.28795, 543.23352, 348.21699, 351.03187, 363.93708, 547.01558, 587.01824, 647.55099, 783.35351, 540.49016, 470.79404, 366.74165, 646.36999, 463.69534, 433.01191, 369.19278, 787.55354, 427.40102, 648.43327, 511.07743, 253.44127, 422.79889, 464.42715, 346.43809, 259.98279, 472.05828, 561.1182, 367.92112, 563.58033, 626.02144, 252.65855, 247.13504, 468.69415, 483.9265, 353.71992, 420.74577, 581.37093, 359.18333, 248.70796, 535.32058};