name="EBOwithCMAR CEC17";
dim=50;
bound=0;
testID=18;
(*--------*)
min=23.344347;
max=51.197756;
median=32.213094;
mean=31.979521843137253;
std=5.178933658661255;
(*--------*)
data={35.264695, 25.378512, 31.197072, 25.320465, 34.184864, 24.440494, 43.299788, 32.32166, 28.474857, 26.337013, 37.71253, 36.326029, 31.454252, 39.909183, 37.423929, 51.197756, 32.423574, 36.32453, 34.793567, 34.004654, 28.282046, 30.325542, 23.344347, 31.422218, 35.287597, 33.312515, 27.644001, 33.162925, 26.469039, 29.389903, 25.457261, 31.208476, 35.382687, 27.223946, 32.213094, 35.405552, 29.152156, 33.350878, 37.298253, 29.429428, 28.127545, 34.36585, 33.369426, 29.423276, 36.358539, 24.276874, 34.441731, 25.312429, 31.273271, 29.002396, 32.452989};