name="EBOwithCMAR CEC17";
dim=50;
bound=4;
testID=14;
(*--------*)
min=24.981861;
max=39.90542;
median=29.952324;
mean=30.478538705882347;
std=3.8227234130113272;
(*--------*)
data={27.964239, 34.927303, 35.937663, 30.744239, 32.947663, 28.957618, 30.949891, 25.971041, 27.985215, 26.981026, 29.956884, 25.973655, 28.957212, 28.956192, 34.929601, 31.009107, 38.909392, 34.928167, 26.968549, 29.95188, 33.933992, 27.967184, 33.930315, 26.982559, 33.966955, 39.90542, 27.966784, 25.970098, 27.043737, 27.960159, 26.991813, 27.964498, 32.935515, 29.952324, 31.942356, 33.930948, 28.171172, 24.981861, 30.948998, 25.974857, 27.988243, 37.914288, 29.99551, 26.538023, 30.956436, 25.983785, 32.935585, 35.925461, 25.970639, 36.915411, 29.954011};