name="EBOwithCMAR CEC17";
dim=50;
bound=4;
testID=16;
(*--------*)
min=126.91556;
max=643.48904;
median=351.58468;
mean=382.96674784313734;
std=139.4582192559017;
(*--------*)
data={132.02682, 253.19694, 388.93172, 244.36589, 128.94498, 344.02184, 346.04553, 343.81398, 348.2507, 563.17722, 427.59156, 432.29479, 554.17516, 465.26592, 264.01607, 126.91556, 464.48002, 350.68441, 351.58468, 430.1431, 303.9259, 643.48904, 544.4372, 613.94731, 549.43858, 345.857, 346.01473, 466.39318, 251.54495, 131.54349, 133.5508, 345.31955, 466.39716, 347.92789, 584.85273, 344.0663, 222.58754, 561.12658, 435.43245, 367.87159, 561.91652, 130.86814, 355.58442, 350.68292, 485.11974, 346.62814, 467.82821, 568.45187, 569.92334, 424.66578, 303.9842};