name="EBOwithCMAR CEC17";
dim=50;
bound=0;
testID=8;
(*--------*)
min=2.9848772;
max=15.919345;
median=8.9546315;
mean=9.032667605882354;
std=2.8200948664996646;
(*--------*)
data={9.9495906, 8.9546315, 11.939509, 4.9747953, 11.939509, 14.924386, 8.9546315, 8.9546315, 3.9798362, 7.9596725, 7.9596725, 4.9747953, 5.9697543, 8.9546315, 10.94455, 8.9546315, 9.9495906, 10.94455, 8.9546315, 5.9697543, 7.9596725, 9.9495906, 13.929427, 11.939509, 8.9546315, 7.9596725, 9.9495906, 7.9596725, 8.9546315, 3.9798362, 11.939509, 6.9647134, 6.9647134, 6.9647134, 11.939509, 2.9848772, 8.9546315, 7.9596725, 11.939509, 10.94455, 8.9546315, 9.9495906, 6.9647134, 3.9798362, 15.919345, 12.934468, 8.9546315, 11.939509, 5.9697543, 8.9546315, 10.94455};