name="EBOwithCMAR CEC17";
dim=50;
bound=0;
testID=29;
(*--------*)
min=318.77785;
max=402.9374;
median=356.98158;
mean=355.9868831372549;
std=19.22401595038732;
(*--------*)
data={342.6953, 339.50148, 350.33084, 369.70563, 356.98158, 356.75829, 402.9374, 350.46317, 342.87769, 335.4104, 369.11447, 338.0763, 360.73227, 371.90784, 325.34552, 340.49794, 375.91151, 368.51102, 352.05353, 357.29352, 318.77785, 320.1188, 370.25941, 362.21583, 371.85777, 337.05795, 364.32994, 385.23653, 394.05229, 335.90804, 376.03817, 372.1326, 327.19838, 381.02734, 340.32714, 337.40433, 331.71594, 359.98336, 363.75183, 377.62282, 351.22435, 383.69605, 368.62671, 355.00652, 370.67778, 369.02336, 338.73307, 339.58238, 358.33182, 336.96236, 349.34462};