name="EBOwithCMAR CEC17";
dim=50;
bound=2;
testID=8;
(*--------*)
min=6.9647134;
max=23.879012;
median=13.929427;
mean=14.202552819607849;
std=3.6480054972754457;
(*--------*)
data={13.929427, 17.909263, 11.939509, 8.9546315, 15.919345, 13.929427, 17.909263, 10.94455, 11.939509, 14.924386, 20.89414, 10.94455, 11.939509, 10.94455, 17.909263, 14.924386, 11.939509, 9.9495906, 13.929427, 17.909263, 14.924386, 12.934468, 7.9596725, 15.919345, 15.919345, 8.9546315, 15.919345, 14.924386, 10.94455, 15.919345, 17.909263, 14.924386, 14.924386, 8.9546315, 20.89414, 17.909263, 16.914304, 15.919345, 13.929427, 9.9495906, 6.9647134, 13.929427, 12.934468, 23.879012, 9.9495906, 19.899181, 17.909263, 11.939509, 9.9495906, 13.929427, 16.914304};