name="EBOwithCMAR CEC17";
dim=50;
bound=1;
testID=14;
(*--------*)
min=22.990619;
max=42.91332;
median=29.043341;
mean=30.06638023529411;
std=4.37384641643068;
(*--------*)
data={26.969367, 26.97231, 27.971356, 37.914148, 27.961087, 39.580206, 42.91332, 33.955012, 24.985984, 29.972301, 31.940694, 28.974353, 22.990619, 31.012414, 27.963305, 25.0026, 32.955036, 24.986849, 28.957635, 24.97494, 32.940531, 33.946562, 33.940361, 30.948089, 29.950827, 31.642116, 26.965943, 38.908933, 26.971371, 26.979127, 31.942926, 32.938632, 26.96598, 26.967015, 29.043341, 26.96857, 27.972457, 27.970507, 26.96757, 33.93471, 23.995712, 22.992928, 32.94985, 27.969948, 29.963147, 36.927897, 31.947514, 30.946158, 33.940446, 32.935538, 24.99715};