name="EBOwithCMAR CEC17";
dim=50;
bound=5;
testID=6;
(*--------*)
min=0.;
max=4.314852*^-7;
median=4.7942763*^-8;
mean=9.911838347058823*^-8;
std=1.2667380896172817*^-7;
(*--------*)
data={0., 4.7942763*^-8, 0., 4.314852*^-7, 4.7942763*^-8, 0., 1.9177116*^-7, 0., 0., 4.314852*^-7, 4.7942763*^-8, 0., 4.7942763*^-8, 4.7942763*^-8, 2.9964247*^-7, 5.6425279*^-8, 0., 1.1453437*^-7, 4.7942763*^-8, 4.7942763*^-8, 4.314852*^-7, 1.9177116*^-7, 1.1985662*^-8, 0., 3.1068112*^-7, 4.7942763*^-8, 0., 4.7942763*^-8, 1.9177116*^-7, 0., 1.9177116*^-7, 4.7942763*^-8, 4.7942763*^-8, 4.7942763*^-8, 4.7942763*^-8, 4.7942763*^-8, 1.078713*^-7, 1.9177116*^-7, 0., 1.1453437*^-7, 1.2168698*^-8, 4.7942763*^-8, 1.9177116*^-7, 0., 0., 0., 1.9177116*^-7, 1.9177116*^-7, 4.7942763*^-8, 4.314852*^-7, 0.};