name="EBOwithCMAR CEC17";
dim=50;
bound=5;
testID=13;
(*--------*)
min=6.9653025;
max=117.40938;
median=43.030167;
mean=37.99782128235294;
std=19.100175725350965;
(*--------*)
data={48.333764, 52.348374, 24.886587, 18.904906, 33.486244, 7.9618599, 14.958463, 49.541733, 13.929456, 51.067943, 49.240792, 41.802273, 44.862344, 48.92771, 16.91764, 20.894248, 42.714172, 43.339713, 39.943483, 45.825003, 18.938411, 48.281086, 53.558694, 51.436163, 36.554281, 55.752835, 55.518699, 30.853898, 46.435475, 21.891199, 50.148552, 38.131046, 17.909296, 49.227735, 44.263136, 117.40938, 51.102063, 25.877063, 12.935069, 10.947729, 11.942483, 17.91092, 52.933607, 58.213851, 43.030167, 18.905978, 43.994099, 42.458474, 46.188738, 48.286748, 6.9653025};