name="EBOwithCMAR CEC17";
dim=50;
bound=0;
testID=30;
(*--------*)
min=579411.33;
max=813834.87;
median=614396.32;
mean=624020.7872549018;
std=44491.95907661595;
(*--------*)
data={694094.74, 579411.71, 590478.57, 590478.51, 579411.49, 600083.17, 651762.92, 579411.54, 662915.9, 649363.74, 813834.87, 590478.54, 614396.32, 665338.09, 579411.4, 579412.66, 651763.54, 637794.82, 608409.32, 614396.28, 579413.54, 637794.75, 625555.17, 598254.16, 614396.52, 579412.93, 616244.01, 678672.66, 687953.99, 598254.5, 669669.42, 579411.61, 579411.48, 598254.28, 651763., 639913.55, 654441.51, 579412.13, 654331.23, 626489.63, 684546.33, 598254.81, 649363.77, 590478.46, 648332.63, 661999.2, 579411.33, 590478.31, 590478.66, 598255.34, 651763.11};