name="EBOwithCMAR CEC17";
dim=50;
bound=2;
testID=20;
(*--------*)
min=72.029289;
max=353.56421;
median=131.88141;
mean=168.93064964705883;
std=84.84955300949423;
(*--------*)
data={91.656966, 101.56293, 84.406105, 233.72451, 143.41002, 101.28112, 298.06774, 116.21969, 101.19477, 181.1952, 335.59287, 335.07093, 107.00284, 317.62064, 320.24484, 326.24792, 91.737107, 93.351629, 222.80448, 128.31437, 99.574442, 126.10995, 250.19631, 111.64821, 72.029289, 118.06365, 194.09289, 255.15535, 105.93809, 100.63568, 142.02652, 116.65094, 353.56421, 300.53386, 154.32995, 74.537732, 129.27529, 132.54543, 140.89147, 211.32563, 223.29752, 84.214721, 141.43947, 133.78222, 304.31062, 127.57785, 123.20122, 226.45282, 112.44305, 87.030661, 131.88141};