name="LSHADE-cnEpSin CEC17";
dim=100;
bound=2;
testID=27;
(*--------*)
min=524.37722;
max=567.21695;
median=547.35216;
mean=547.4128799999999;
std=8.432818589689454;
(*--------*)
data={542.52354, 547.17659, 553.41909, 534.96788, 543.64749, 566.38708, 545.66315, 548.75228, 547.90677, 536.23205, 540.31378, 549.40537, 552.22735, 550.52946, 544.55498, 543.82198, 550.30265, 548.75185, 531.12452, 536.55168, 539.86736, 547.56906, 539.95058, 556.71488, 557.28944, 540.2587, 542.70913, 547.35216, 544.01277, 541.56013, 546.65379, 540.0831, 538.63469, 543.5044, 545.8667, 543.21835, 541.06957, 555.95441, 550.86648, 555.00621, 524.37722, 553.90537, 549.43217, 556.64818, 562.97997, 554.36722, 567.21695, 553.67598, 549.86817, 558.89199, 554.29221};