name="LSHADE-cnEpSin CEC17";
dim=100;
bound=3;
testID=27;
(*--------*)
min=532.05618;
max=564.08229;
median=550.66637;
mean=550.290349607843;
std=7.299727624578043;
(*--------*)
data={563.15325, 544.33684, 554.95051, 553.42713, 553.85895, 538.2192, 541.86563, 549.49346, 550.69129, 537.883, 550.50043, 560.16492, 550.68491, 543.47637, 554.54533, 542.36861, 556.8437, 554.41661, 532.05618, 549.82433, 554.09867, 544.88724, 540.49914, 559.44487, 556.03215, 557.01312, 563.41606, 547.21985, 551.59352, 551.34828, 564.08229, 556.74568, 554.85208, 539.38968, 549.20904, 547.95922, 549.00551, 542.06719, 541.06926, 559.57635, 552.11992, 539.77591, 562.03627, 554.24474, 545.37044, 549.91684, 553.42837, 550.66637, 545.53312, 549.42176, 550.02424};