name="LSHADE-cnEpSin CEC17";
dim=100;
bound=5;
testID=16;
(*--------*)
min=658.69141;
max=1783.4771;
median=1443.2259;
mean=1389.3076019607845;
std=298.25000212440966;
(*--------*)
data={1494.5958, 1260.2708, 1607.0286, 1573.0294, 1170.7259, 1433.0371, 852.50523, 1660.999, 1587.9145, 1213.6483, 795.5994, 1271.2235, 1739.8135, 1346.4693, 1783.4771, 1606.4671, 987.01044, 1208.2089, 1722.6389, 1297.6524, 1543.9558, 1333.1737, 1586.0715, 1777.7053, 1577.7005, 1622.5022, 919.02563, 1135.8156, 1716.1616, 658.69141, 1728.8403, 1635.6098, 1646.9299, 1700.195, 1629.0801, 1083.6839, 1700.5953, 1341.2647, 1687.2828, 1386.3842, 1375.8898, 996.56547, 766.64441, 1662.5891, 1497.8251, 987.11341, 1443.2259, 1189.1744, 1155.2869, 1537.2114, 1220.1774};