name="LSHADE-cnEpSin CEC17";
dim=100;
bound=5;
testID=22;
(*--------*)
min=9671.4513;
max=11964.698;
median=11216.342;
mean=11065.181119607842;
std=581.0978506247766;
(*--------*)
data={11565.409, 10702.853, 10238.755, 11521.703, 11181.234, 11113.757, 9749.2286, 10523.083, 11586.872, 10786.185, 11739.266, 10485.147, 11418.054, 11555.436, 11717.345, 10994.814, 11766.567, 9671.4513, 11313.353, 9934.3652, 10679.294, 10731.135, 10274.754, 10393.466, 11046.897, 10567.946, 11405.111, 11216.342, 10569.19, 11274.234, 11402.075, 11759.624, 11681.099, 11612.25, 10692.6, 11500.137, 10907.664, 11449.057, 11198.144, 11915.623, 11294.15, 11461.94, 11283.174, 11365.974, 10745.792, 11677.882, 10196.941, 10991.848, 11964.698, 10142.318, 11358.};