name="LSHADE-cnEpSin CEC17";
dim=100;
bound=3;
testID=17;
(*--------*)
min=663.37217;
max=1617.8054;
median=1360.7766;
mean=1337.1724727450983;
std=199.26660710617074;
(*--------*)
data={1334.6966, 1319.2349, 1476.7146, 1422.2381, 1472.7043, 1330.7612, 1263.5626, 701.65714, 1522.1756, 1505.8358, 1238.0853, 1448.772, 1438.4603, 1555.948, 1161.1829, 1496.2974, 1346.6018, 1488.3308, 1316.3467, 1351.986, 663.37217, 1524.7053, 1465.552, 1421.8225, 982.3194, 1250.6419, 1228.7178, 1508.7241, 1363.3575, 1203.4352, 1371.6196, 1149.7871, 1617.8054, 1301.1522, 1320.8936, 1418.4489, 1017.7234, 1488.646, 1237.0906, 1476.6923, 1391.4622, 1252.1958, 1446.2984, 1360.7766, 1200.6446, 1056.3586, 1360.5385, 1555.7841, 1579.9803, 1606.1123, 1181.5457};