name="LSHADE-cnEpSin CEC17";
dim=100;
bound=0;
testID=22;
(*--------*)
min=8928.5741;
max=12293.886;
median=11029.071;
mean=10994.410831372548;
std=692.1185099058232;
(*--------*)
data={12293.886, 8928.5741, 11513.382, 12211.639, 10272.716, 12103.178, 9382.666, 11244.742, 10821.741, 11207.769, 10957.741, 10849.565, 11320.044, 10942.081, 11069.832, 11557.392, 10592.877, 11072.24, 11427.581, 11158.335, 10166.781, 10744.757, 11126.686, 10989.913, 10250.617, 11050.158, 10823.1, 11011.439, 11029.071, 10109.435, 12016.331, 11431.991, 10942.08, 11728.844, 9933.5823, 11143.839, 10240.483, 11253.919, 11188.512, 11400.825, 10508.723, 10925.822, 10948.715, 10716.193, 10007.641, 11130.362, 11871.297, 12085.576, 11967.644, 10943.564, 10099.071};