name="LSHADE-cnEpSin CEC17";
dim=100;
bound=1;
testID=13;
(*--------*)
min=33.54587;
max=173.88584;
median=118.92414;
mean=113.290299;
std=35.65969938190314;
(*--------*)
data={90.849912, 91.334035, 120.66016, 105.37147, 102.57512, 71.375975, 67.572532, 103.86264, 129.01133, 118.92414, 95.213331, 160.04701, 170.17435, 126.15458, 80.405591, 68.049482, 139.81423, 55.945061, 138.11621, 149.74766, 122.10491, 111.36289, 115.46363, 150.41892, 90.190412, 88.524473, 138.5431, 79.37432, 157.01798, 154.73635, 159.68543, 66.186002, 64.836939, 33.54587, 146.56029, 94.416619, 173.88584, 141.49509, 133.58242, 71.220424, 167.01315, 142.87647, 57.678595, 131.97424, 84.750579, 122.78653, 136.85922, 79.209167, 163.70292, 133.54514, 79.05251};