name="LSHADE-cnEpSin CEC17";
dim=100;
bound=4;
testID=15;
(*--------*)
min=42.797909;
max=182.75331;
median=77.925148;
mean=86.82465241176469;
std=31.582404077894886;
(*--------*)
data={92.188956, 77.490314, 127.72943, 55.785404, 69.513835, 94.201981, 61.9804, 43.119745, 71.203287, 99.710555, 86.875067, 61.969422, 70.922665, 156.25247, 65.405668, 52.483437, 152.22623, 157.95544, 72.03822, 107.04285, 67.96488, 47.269394, 127.90217, 42.797909, 143.89474, 83.948472, 82.387342, 91.943551, 120.02264, 75.719561, 58.91387, 60.386881, 83.503441, 80.436164, 74.965314, 88.243415, 56.082704, 65.085687, 62.817353, 96.83653, 114.61252, 102.20476, 66.972559, 65.967262, 83.081616, 71.809441, 88.902671, 77.925148, 68.420072, 118.19052, 182.75331};