name="LSHADE-cnEpSin CEC17";
dim=100;
bound=0;
testID=11;
(*--------*)
min=24.837406;
max=228.75883;
median=38.019767;
mean=55.350369843137265;
std=38.113867965075194;
(*--------*)
data={43.548699, 27.698041, 30.626515, 35.591905, 29.659053, 24.837406, 33.679653, 24.927327, 99.013627, 102.84709, 50.636357, 95.633432, 27.629293, 105.02427, 32.612982, 34.601888, 25.688322, 31.625798, 98.74735, 31.6402, 28.741746, 25.641322, 36.958131, 38.585063, 31.603704, 36.715421, 38.579432, 102.04937, 93.906177, 49.742454, 104.20875, 102.97899, 33.149214, 38.080418, 101.49619, 36.440432, 31.370851, 90.786561, 39.606474, 37.581486, 44.171945, 25.377256, 100.57603, 93.936107, 54.516274, 34.600261, 50.252119, 228.75883, 25.628303, 38.019767, 42.540576};