name="LSHADE-cnEpSin CEC17";
dim=100;
bound=1;
testID=21;
(*--------*)
min=267.21923;
max=305.66476;
median=283.61928;
mean=282.77670901960795;
std=7.751371515519365;
(*--------*)
data={280.44009, 284.55653, 288.98706, 294.37223, 285.5471, 290.65554, 288.12284, 278.62817, 282.52861, 280.87705, 284.33757, 289.65622, 283.98124, 292.38324, 279.17958, 282.68626, 276.98635, 274.45801, 280.7389, 278.9653, 286.28185, 278.70035, 285.80798, 290.73067, 305.66476, 287.32785, 285.51637, 267.21923, 268.12541, 273.73669, 294.74079, 279.94586, 282.28851, 273.16546, 292.88611, 285.32465, 272.44206, 279.55626, 285.69017, 290.07313, 274.07096, 285.1689, 277.3094, 288.4557, 293.64438, 274.96082, 267.59518, 273.42445, 284.80088, 275.25016, 283.61928};