name="LSHADE-cnEpSin CEC17";
dim=100;
bound=3;
testID=15;
(*--------*)
min=29.272059;
max=137.82225;
median=53.769336;
mean=70.24776733333334;
std=33.011479356097354;
(*--------*)
data={53.769336, 49.969596, 106.32884, 102.02474, 105.52756, 43.967739, 44.529591, 110.53772, 40.498964, 41.130257, 120.36251, 62.92611, 35.018553, 39.454, 43.425143, 92.130936, 36.570541, 111.7591, 36.151036, 63.174373, 32.178503, 45.618148, 38.970956, 46.985017, 106.10833, 92.643578, 97.585382, 112.81267, 137.82225, 111.73769, 42.094965, 119.86854, 51.982923, 51.970711, 47.888084, 121.61296, 84.963072, 134.39328, 57.096035, 42.961056, 48.103547, 29.272059, 109.05692, 53.144585, 50.023446, 29.950059, 95.363476, 55.964287, 37.578198, 100.59629, 57.032472};