name="LSHADE-cnEpSin CEC17";
dim=100;
bound=4;
testID=2;
(*--------*)
min=5.;
max=2.541867*^12;
median=66735.;
mean=5.165839515294118*^10;
std=3.557775260552951*^11;
(*--------*)
data={1.4592759*^10, 262197., 1.1489764*^7, 1.959049*^6, 13781., 65645., 3269., 33., 3782., 37264., 176., 3.457934*^6, 77., 2.541867*^12, 621., 6.8596932*^7, 6.8204917*^7, 6.361386*^6, 3.002021*^9, 104., 6497., 230., 1.5408142*^8, 5.8759799*^10, 113., 212., 166., 1343., 1.3421775*^8, 66735., 2.097275*^6, 9.0899994*^7, 4.285746*^6, 4.19431*^6, 148., 5., 8.213548*^6, 21094., 1.009775*^9, 131., 14., 4.3185905*^7, 3256., 11397., 1410., 161530., 1.6877937*^7, 1.4726836*^10, 3161., 100757., 1.073785*^6};