name="LSHADE-cnEpSin CEC17";
dim=100;
bound=3;
testID=5;
(*--------*)
min=52.31068;
max=78.511965;
median=67.06685;
mean=66.77386299999999;
std=6.690080493025602;
(*--------*)
data={52.31068, 64.228582, 68.145193, 76.00144, 69.49579, 67.150389, 73.653021, 63.290764, 60.775939, 62.861898, 67.06685, 69.486316, 66.126621, 77.816969, 71.825468, 58.91978, 58.074062, 76.860385, 77.926843, 64.638865, 72.483089, 63.142147, 56.846938, 73.606528, 57.197922, 61.76931, 63.699451, 67.6649, 71.711111, 72.00707, 72.225686, 71.032533, 67.490349, 60.879046, 59.751981, 53.088143, 66.689709, 71.189709, 66.925845, 61.613918, 63.704836, 61.072871, 78.079453, 53.470242, 68.098873, 69.588956, 66.998772, 70.226079, 64.462007, 73.581719, 78.511965};