name="LSHADE-cnEpSin CEC17";
dim=100;
bound=2;
testID=18;
(*--------*)
min=32.052188;
max=102.90664;
median=46.264724;
mean=50.75454845098042;
std=14.280264054963736;
(*--------*)
data={35.120347, 60.487509, 45.686803, 102.90664, 46.157311, 43.980986, 41.157494, 49.918721, 63.116196, 39.523137, 65.010631, 49.516076, 76.712414, 46.102465, 36.865116, 73.899857, 56.173473, 66.898387, 40.984022, 64.714287, 85.432508, 34.411652, 57.328805, 62.31081, 70.231032, 51.98834, 32.052188, 38.860087, 43.902382, 51.428588, 32.373928, 61.856643, 43.633134, 59.100671, 35.217732, 46.264724, 60.040618, 40.780967, 46.66753, 45.712468, 50.767037, 40.856271, 38.949235, 42.048307, 37.642862, 48.452865, 39.937368, 47.171842, 39.53171, 43.114763, 55.483032};