name="LSHADE-cnEpSin CEC17";
dim=100;
bound=0;
testID=29;
(*--------*)
min=884.46385;
max=1592.5199;
median=1182.3203;
mean=1195.4603345098037;
std=168.42033719785206;
(*--------*)
data={1336.6805, 1423.4618, 1139.4586, 1285.7848, 1100.0432, 907.95716, 1327.7396, 1235.0591, 940.09678, 1190.146, 920.8732, 1292.7385, 1133.7467, 1372.0318, 1354.445, 1159.3527, 1364.6946, 1166.6241, 1281.9788, 1116.2028, 983.87544, 1147.3549, 1179.5708, 1279.8425, 1110.8605, 1064.4521, 1181.8847, 1421.6774, 1213.7168, 1206.2679, 1214.2657, 972.36602, 1112.1779, 1357.6808, 1524.904, 1285.5655, 1329.5314, 1447.0275, 957.16464, 884.46385, 1145.9257, 1592.5199, 1121.9783, 1196.8374, 957.39414, 1387.7643, 1182.3203, 1371.8411, 1078.2517, 1121.4565, 888.42163};