name="LSHADE-cnEpSin CEC17";
dim=100;
bound=3;
testID=11;
(*--------*)
min=19.273166;
max=110.95289;
median=30.670532;
mean=53.614611313725504;
std=34.776972766223814;
(*--------*)
data={27.761309, 19.905912, 105.32831, 91.747522, 33.598826, 32.234431, 23.844126, 27.772159, 23.796714, 98.814903, 19.273166, 27.075717, 24.849978, 101.33262, 27.08003, 24.739691, 98.64971, 103.39277, 25.695312, 29.702632, 24.79611, 36.610337, 23.82524, 23.964109, 20.678031, 95.345311, 30.670532, 88.225139, 103.40542, 27.835001, 28.653072, 101.97931, 96.422493, 28.735055, 38.533339, 22.690751, 87.998332, 30.693697, 96.807517, 26.636225, 29.661926, 101.21369, 30.139818, 34.528694, 93.477441, 94.155036, 110.95289, 98.266494, 29.624772, 90.827206, 20.396351};