name="LSHADE-cnEpSin CEC17";
dim=100;
bound=4;
testID=10;
(*--------*)
min=8732.5399;
max=12043.571;
median=11113.362;
mean=10943.42487254902;
std=683.4371622601792;
(*--------*)
data={9238.4009, 10334.932, 11289.53, 9780.1465, 11591.461, 10726.846, 10374.715, 11230.809, 10454.536, 11465.814, 11270.958, 10817.331, 11097.504, 10604.507, 11338.602, 11315.346, 10802.436, 11181.456, 11267.152, 8732.5399, 11411.493, 11678.707, 11005.359, 11209.976, 11120.825, 11372.32, 10658.222, 10785.838, 12043.571, 11311.716, 10713.502, 10910.839, 11456.021, 11006.36, 11797.335, 11681.309, 10575.13, 11461.282, 11564., 11048.282, 11826.425, 11493.833, 9400.7694, 11113.362, 11292.407, 10738.614, 10564.628, 11016.955, 9934.5634, 9640.5954, 11365.407};