name="LSHADE-cnEpSin CEC17";
dim=100;
bound=2;
testID=25;
(*--------*)
min=573.86567;
max=755.4904;
median=690.76541;
mean=672.2539233333335;
std=36.70581123575065;
(*--------*)
data={690.76541, 688.19889, 633.99598, 635.38882, 634.2906, 699.01214, 693.00918, 695.937, 630.21325, 692.3835, 692.36743, 691.41951, 634.0533, 631.42661, 657.17055, 690.12456, 632.03584, 703.10076, 690.70502, 691.31729, 754.49799, 691.977, 693.8015, 635.15542, 635.65595, 635.68992, 711.54458, 691.14842, 690.56719, 633.6191, 700.98037, 635.41082, 755.4904, 694.29128, 693.5217, 712.27901, 573.86567, 692.26756, 631.80553, 693.49463, 633.46151, 699.49949, 713.43053, 635.39888, 631.65557, 691.75754, 632.87858, 633.73066, 691.11399, 699.97198, 658.07168};