name="LSHADE-cnEpSin CEC17";
dim=100;
bound=5;
testID=21;
(*--------*)
min=267.35178;
max=305.44996;
median=280.97204;
mean=281.81973372549015;
std=7.548949340577654;
(*--------*)
data={274.4567, 278.44815, 293.92288, 275.86902, 275.95004, 278.3827, 283.45824, 275.53879, 277.85065, 284.91145, 275.24317, 295.16405, 280.42419, 281.81943, 279.52158, 287.2697, 281.50346, 289.83106, 293.9413, 272.96107, 282.08103, 286.55072, 286.30717, 280.97204, 276.01537, 271.95805, 276.31528, 305.44996, 288.47885, 281.64771, 277.9158, 276.93825, 283.28776, 285.33834, 276.72482, 289.8832, 277.3122, 297.6984, 273.93069, 270.03221, 278.1916, 284.29563, 278.91021, 267.35178, 287.67794, 285.23805, 294.35297, 282.76003, 276.5195, 275.11166, 281.09157};