name="LSHADE-cnEpSin CEC17";
dim=100;
bound=0;
testID=27;
(*--------*)
min=552.61135;
max=631.01167;
median=584.62651;
mean=587.3093290196076;
std=17.168727270577072;
(*--------*)
data={572.25516, 581.78784, 578.6557, 585.69433, 631.01167, 596.19255, 601.62962, 594.36771, 580.42107, 610.81236, 596.64628, 577.50129, 599.48431, 572.69577, 577.78819, 586.75876, 578.5471, 621.96156, 593.82889, 566.12772, 581.5989, 598.39019, 593.37091, 604.43153, 561.82318, 614.81863, 615.95462, 570.85634, 588.80347, 574.47718, 562.26101, 586.26111, 595.43886, 622.22126, 600.30684, 574.63963, 584.69741, 614.86094, 579.98896, 580.67516, 568.98202, 570.53549, 584.62651, 575.55733, 576.00464, 577.5022, 596.02207, 567.77197, 575.38179, 552.61135, 597.7364};