name="LSHADE-cnEpSin CEC17";
dim=100;
bound=1;
testID=17;
(*--------*)
min=767.06769;
max=1597.8643;
median=1149.5633;
mean=1145.2155500000003;
std=171.30283992141145;
(*--------*)
data={1275.4907, 1221.4105, 838.03637, 1217.6161, 1163.6961, 1149.5633, 1133.0618, 1246.7641, 1405.5917, 851.56969, 1261.3642, 876.64226, 1149.4787, 1080.359, 1276.8276, 965.61917, 1211.5695, 1361.5166, 1439.6097, 1100.6231, 1108.5738, 989.61309, 978.87746, 1354.191, 1199.9224, 930.49479, 1300.7594, 1217.0902, 1186.939, 988.58722, 888.57526, 1052.5095, 1225.8649, 925.66229, 1071.6309, 1298.7488, 1131.1469, 919.98056, 1597.8643, 1242.3514, 1206.5516, 1091.4692, 1132.3049, 767.06769, 1348.4067, 1094.8853, 1188.5546, 1328.1547, 1058.7852, 1040.5569, 1313.4629};