name="LSHADE-cnEpSin CEC17";
dim=100;
bound=1;
testID=15;
(*--------*)
min=39.097234;
max=200.41039;
median=68.893883;
mean=81.66240268627448;
std=34.464694338708576;
(*--------*)
data={65.116908, 128.59038, 200.41039, 135.59313, 80.472367, 68.379423, 62.977774, 176.31031, 153.878, 51.94591, 77.933226, 130.55332, 101.25405, 59.982016, 48.993912, 48.922423, 76.83199, 63.908661, 62.741871, 68.893883, 79.719946, 67.76795, 96.6163, 54.973143, 58.922545, 47.040804, 66.545249, 96.164465, 52.074601, 67.507772, 71.844933, 61.781964, 82.631336, 39.097234, 79.950908, 133.59041, 67.113659, 62.522588, 54.307343, 77.192511, 71.942912, 78.472761, 82.935584, 44.84704, 53.68671, 120.60055, 101.30517, 67.773355, 60.082627, 131.00609, 71.074133};