name="LSHADE-cnEpSin CEC17";
dim=100;
bound=5;
testID=24;
(*--------*)
min=904.59807;
max=972.11091;
median=920.94488;
mean=922.9110711764704;
std=12.37795284233005;
(*--------*)
data={917.37698, 915.98755, 916.83175, 941.03713, 918.92361, 909.93951, 927.10957, 911.6261, 919.7553, 917.63399, 923.48548, 916.03258, 929.48533, 908.83509, 955.70025, 911.80209, 938.01749, 928.66776, 913.143, 913.42931, 922.22492, 918.07145, 918.58814, 921.43206, 919.22998, 935.52394, 922.77961, 910.38175, 931.09971, 938.11264, 937.21802, 919.44185, 912.30131, 920.94488, 908.58188, 909.43854, 926.39797, 924.44914, 908.73351, 914.875, 934.47345, 972.11091, 926.10221, 931.69681, 923.53845, 904.59807, 926.38967, 911.97349, 922.28708, 926.90728, 933.74104};