name="LSHADE-cnEpSin CEC17";
dim=100;
bound=5;
testID=25;
(*--------*)
min=575.64819;
max=764.13208;
median=697.03065;
mean=686.9395080392156;
std=42.40755517128324;
(*--------*)
data={696.91998, 636.78063, 702.01381, 696.48469, 696.63967, 703.59677, 696.55427, 759.91535, 701.81941, 720.49877, 764.13208, 703.52635, 695.84245, 702.07592, 696.80489, 636.58125, 636.8992, 760.4796, 713.9287, 636.30407, 760.55501, 636.21477, 636.58093, 701.99226, 703.63764, 636.39771, 696.53888, 696.71104, 702.10505, 703.35938, 636.46041, 703.72715, 575.64819, 703.44946, 703.59469, 636.31893, 696.89904, 702.759, 636.31901, 636.45536, 703.80495, 699.73341, 703.08862, 696.48309, 576.68518, 703.78889, 697.03065, 759.91161, 696.36493, 636.46601, 697.0358};