name="LSHADE-cnEpSin CEC17";
dim=100;
bound=1;
testID=25;
(*--------*)
min=636.67308;
max=761.46657;
median=702.56349;
mean=695.8553356862743;
std=42.699843525339155;
(*--------*)
data={697.64787, 636.88611, 704.02133, 697.46181, 704.05725, 703.94722, 697.32992, 697.44359, 704.14009, 760.93274, 704.09271, 697.35158, 636.70501, 704.13749, 636.91429, 703.81447, 702.56349, 636.80115, 761.2734, 702.4483, 703.88733, 696.92041, 702.3832, 761.37257, 636.67308, 704.11616, 697.25308, 761.46657, 704.04407, 697.38158, 761.05259, 704.30961, 704.03144, 637.07957, 644.58513, 636.96559, 761.03098, 761.02737, 704.02449, 640.56067, 760.8958, 637.25828, 636.69946, 704.12822, 761.22914, 702.37906, 636.89507, 760.75933, 636.86694, 704.24249, 637.13302};