name="LSHADE-cnEpSin CEC17";
dim=100;
bound=3;
testID=21;
(*--------*)
min=267.81799;
max=298.17488;
median=283.09741;
mean=283.0805562745098;
std=7.006187365513128;
(*--------*)
data={273.24612, 279.76745, 279.29025, 282.71699, 288.59285, 283.09741, 282.67353, 274.47316, 285.08841, 286.97568, 282.74218, 284.34536, 292.02491, 276.55266, 286.14809, 268.54216, 292.30002, 273.34486, 291.65865, 272.19492, 286.10997, 285.2475, 288.63055, 273.85666, 292.48165, 292.84382, 288.22342, 273.83372, 284.64666, 279.40893, 290.76001, 288.92109, 267.81799, 283.57054, 285.66792, 285.31312, 280.34732, 281.24945, 282.66686, 296.9772, 290.27468, 280.82602, 281.31038, 286.59663, 281.62654, 281.02365, 277.44809, 298.17488, 285.64336, 278.77904, 271.05506};