name="LSHADE-cnEpSin CEC17";
dim=100;
bound=1;
testID=20;
(*--------*)
min=788.86548;
max=1592.7753;
median=1322.7668;
mean=1292.406071764706;
std=166.1522916737223;
(*--------*)
data={1387.441, 1386.5994, 1335.2665, 1431.4727, 1406.6781, 1317.4432, 1288.8111, 788.86548, 1142.4437, 1047.7657, 1332.1591, 1171.2302, 1321.5869, 1372.318, 1479.9192, 1499.7279, 1393.4376, 1139.3745, 1489.9645, 1418.5934, 1411.5182, 1267.9892, 1046.8507, 1404.519, 1280.9588, 1523.1102, 1166.7456, 1148.4959, 1156.1535, 1408.5469, 1092.3043, 1274.1743, 1362.0208, 991.7046, 1184.5575, 1427.4033, 1500.1676, 1145.3568, 1468.6298, 1361.8344, 1322.7668, 1269.4507, 1517.9165, 982.82958, 1038.2978, 1342.4189, 1186.9839, 1592.7753, 1237.7291, 1369.6315, 1277.77};