name="LSHADE-cnEpSin CEC17";
dim=100;
bound=3;
testID=18;
(*--------*)
min=24.47291;
max=49.256084;
median=35.863426;
mean=36.8926604117647;
std=6.105132056539406;
(*--------*)
data={42.949675, 42.543883, 25.907298, 35.863426, 40.639004, 48.516831, 32.851152, 35.756556, 36.898553, 33.271882, 29.817987, 30.154751, 46.121989, 39.739049, 33.226341, 41.813125, 24.47291, 26.914903, 31.314486, 33.362725, 44.74688, 31.332488, 25.82489, 31.991611, 38.349332, 34.927792, 45.972423, 47.198752, 34.218974, 36.474089, 41.887323, 35.450177, 41.966631, 39.093788, 32.746835, 34.197859, 47.566046, 34.853466, 31.972449, 49.256084, 40.430541, 34.885086, 42.398023, 40.446038, 38.063177, 32.943439, 40.663884, 38.478782, 32.402375, 37.845059, 30.804862};