name="LSHADE-cnEpSin CEC17";
dim=100;
bound=5;
testID=4;
(*--------*)
min=176.75809;
max=207.80751;
median=204.83763;
mean=198.4912647058823;
std=8.492134930039054;
(*--------*)
data={190.61699, 180.82383, 206.15926, 176.75809, 207.36, 192.32426, 192.65878, 206.20006, 191.18027, 190.6631, 192.69058, 191.01342, 206.4235, 191.66543, 204.91848, 191.26063, 206.37883, 206.52057, 190.83251, 206.87062, 206.28307, 207.12842, 190.78721, 193.7244, 206.7325, 206.49609, 192.41584, 190.43287, 205.93204, 191.25818, 186.17934, 206.46135, 192.25898, 205.20341, 205.70585, 204.83763, 192.59489, 206.35615, 207.80751, 192.36548, 190.34195, 191.816, 206.79367, 191.17551, 206.09511, 190.93129, 206.28138, 205.44319, 206.55084, 206.8279, 206.51724};