name="LSHADE-cnEpSin CEC17";
dim=100;
bound=2;
testID=28;
(*--------*)
min=475.84148;
max=565.97115;
median=516.12631;
mean=514.4544617647059;
std=20.756699055034417;
(*--------*)
data={476.55655, 515.03603, 526.43976, 520.83169, 518.90525, 517.99458, 477.15427, 527.37348, 513.1567, 476.09495, 514.81627, 518.52209, 500.74991, 548.38675, 515.79015, 525.16502, 501.25468, 502.97764, 503.04055, 526.80241, 504.77334, 524.67062, 516.12631, 492.83807, 502.94542, 503.82634, 475.84148, 521.59463, 547.58398, 527.26517, 492.05111, 547.74248, 565.97115, 546.3573, 500.21917, 519.34961, 514.18433, 493.26205, 503.48296, 498.52118, 517.91278, 517.66795, 549.00185, 524.98698, 529.43505, 517.26497, 515.98863, 477.31427, 550.38461, 519.2947, 492.27033};