name="LSHADE-cnEpSin CEC17";
dim=100;
bound=2;
testID=30;
(*--------*)
min=1963.6892;
max=2476.1117;
median=2188.0739;
mean=2203.20861764706;
std=103.45875976233953;
(*--------*)
data={2156.1171, 2160.569, 2360.2714, 2191.6769, 2298.4953, 2384.6142, 2181.4058, 2192.7423, 2152.8602, 2235.2229, 2068.9884, 2149.9748, 1978.5766, 2103.3895, 2188.0739, 2128.5507, 2174.0322, 2117.8913, 2297.4149, 2244.7378, 2144.5711, 2159.6943, 2224.2538, 2253.9157, 2244.6587, 2165.7433, 1963.6892, 2476.1117, 2201.6787, 2193.2953, 2162.476, 2285.503, 2163.2332, 2361.3463, 2379.7743, 2092.0096, 2448.7739, 2276.9585, 2188.0347, 2198.4259, 2109.4489, 2266.7153, 2179.7955, 2143.9314, 2125.7915, 2289.0467, 2196.2873, 2267.1587, 2121.3913, 2259.8851, 2054.4354};