name="LSHADE-cnEpSin CEC17";
dim=100;
bound=5;
testID=14;
(*--------*)
min=38.778759;
max=75.967254;
median=49.133802;
mean=50.64333350980392;
std=7.809952445149657;
(*--------*)
data={48.035281, 49.051561, 52.549765, 57.994528, 51.138618, 46.073365, 49.027705, 56.24569, 54.943219, 47.978343, 42.200605, 43.15128, 49.154657, 38.778759, 63.932904, 54.005769, 46.938815, 47.995197, 40.923893, 39.950783, 58.896967, 57.011306, 64.854478, 52.86057, 75.967254, 44.943631, 45.077543, 45.762822, 48.219791, 49.133802, 57.437971, 55.849425, 52.106159, 44.007849, 65.226744, 57.974353, 64.83669, 41.975767, 47.996126, 40.999926, 52.047717, 49.259561, 59.849438, 50.157401, 38.966308, 40.941776, 52.153579, 50.002858, 48.194854, 43.008497, 47.018109};