name="LSHADE-cnEpSin CEC17";
dim=100;
bound=1;
testID=27;
(*--------*)
min=573.83768;
max=651.32857;
median=603.4852;
mean=606.9692015686273;
std=17.305569568018424;
(*--------*)
data={602.69873, 586.47256, 594.32936, 598.88552, 589.74386, 615.37716, 584.12809, 620.23584, 602.51984, 608.5627, 582.50061, 618.67763, 637.80846, 592.96024, 603.00338, 589.98484, 595.3723, 617.95491, 603.4852, 626.46311, 617.21294, 611.38874, 603.17497, 613.26372, 631.87893, 583.1256, 586.41441, 599.07562, 635.58057, 621.40698, 632.95409, 635.57736, 623.84626, 608.80153, 590.60346, 590.34234, 607.0362, 573.83768, 619.17816, 600.03122, 578.78827, 621.26285, 625.16977, 599.05726, 608.69253, 598.86288, 651.32857, 608.78765, 594.64397, 618.79324, 594.14717};