name="LSHADE-cnEpSin CEC17";
dim=100;
bound=1;
testID=7;
(*--------*)
min=146.88108;
max=185.33643;
median=169.88315;
mean=168.73929294117647;
std=8.77559554655279;
(*--------*)
data={171.25425, 168.38706, 170.84945, 168.69136, 155.35702, 182.10238, 169.24403, 146.88108, 184.69846, 166.89422, 171.71768, 157.96014, 177.20653, 173.80018, 163.21016, 172.17541, 160.45311, 157.6131, 160.21923, 178.71472, 174.97057, 158.199, 168.855, 152.86797, 153.47227, 168.30682, 185.33643, 178.77291, 167.40846, 162.72558, 169.55885, 165.04139, 167.717, 175.70544, 171.54284, 172.28098, 169.88315, 153.61725, 166.65607, 183.47144, 177.16925, 173.46018, 169.94321, 173.48993, 173.64103, 177.15813, 173.07558, 152.70447, 174.74142, 166.38025, 170.1215};