name="LSHADE-cnEpSin CEC17";
dim=100;
bound=2;
testID=26;
(*--------*)
min=2652.1827;
max=3094.9332;
median=2787.5245;
mean=2803.389631372549;
std=89.15771406979546;
(*--------*)
data={2746.2172, 2744.308, 2837.3529, 2856.1254, 2905.2948, 2693.4487, 2820.8304, 2744.5912, 2739.6343, 2859.6517, 2741.633, 2960.6585, 2740.5987, 2698.0529, 2855.4465, 2736.5537, 2680.1427, 2748.2736, 2689.9481, 2744.0504, 2888.3607, 2787.5245, 2817.2685, 2782.4066, 2710.073, 2858.8528, 3033.1752, 2747.3996, 2878.2032, 2836.7876, 2777.5879, 2700.4398, 2865.1026, 2844.5553, 2747.0971, 2772.2468, 2756.8866, 2896.965, 2808.7443, 2853.6977, 2652.1827, 2809.3877, 2782.3631, 2902.9173, 2890.3548, 2843.0756, 2709.2719, 2806.1865, 2703.5289, 2872.482, 3094.9332};