name="LSHADE-cnEpSin CEC17";
dim=100;
bound=0;
testID=2;
(*--------*)
min=8.;
max=4.4316986*^12;
median=67790.;
mean=1.9172125176713727*^11;
std=8.699480625278597*^11;
(*--------*)
data={6.7373844*^7, 175., 216., 179., 9025., 452., 123., 8., 6.7124083*^7, 7555., 144., 3.8079651*^7, 101077., 4.6912266*^7, 2209., 2.1003464*^10, 262231., 4.5915234*^7, 8.5289969*^11, 4.3332861*^9, 3479., 4.4316986*^12, 187., 3621., 207039., 71507., 3.3554537*^8, 113., 23., 27944., 182., 4.3980496*^12, 1.669506*^6, 205091., 143., 5.2289254*^8, 67790., 178., 4.9702218*^7, 366497., 7.334538*^7, 156., 230., 6.6310219*^10, 1.1606039*^9, 1790., 94., 12., 1.0779395*^9, 537928., 134.};