name="LSHADE-cnEpSin CEC17";
dim=100;
bound=4;
testID=30;
(*--------*)
min=2168.4194;
max=2754.3282;
median=2301.61;
mean=2352.2831666666666;
std=151.36490335294198;
(*--------*)
data={2189.0004, 2351.8306, 2414.3223, 2520.5205, 2467.4396, 2208.9936, 2204.4577, 2281.5676, 2386.2188, 2242.3144, 2227.581, 2507.8494, 2244.3153, 2243.1672, 2512.3819, 2282.1705, 2414.1134, 2202.5301, 2717.2873, 2274.5198, 2754.3282, 2257.8001, 2485.3398, 2313.3799, 2620.7695, 2262.6938, 2298.8628, 2277.3769, 2339.7399, 2298.4168, 2720.1621, 2311.295, 2201.1463, 2321.618, 2249.6475, 2380.792, 2411.6994, 2516.0035, 2311.2076, 2305.0772, 2277.298, 2214.5084, 2168.4194, 2301.61, 2187.1668, 2346.7991, 2553.7747, 2661.4078, 2224.5794, 2204.6853, 2296.2549};