name="LSHADE-cnEpSin CEC17";
dim=100;
bound=4;
testID=12;
(*--------*)
min=3094.3507;
max=5943.3358;
median=4562.7893;
mean=4511.006096078432;
std=729.6179284640119;
(*--------*)
data={5148.1083, 3885.8393, 3940.4732, 5111.7195, 5855.178, 4530.8466, 5172.2456, 4088.8764, 4365.5608, 3902.0877, 5943.3358, 3938.6801, 4582.5071, 5692.5886, 3933.5408, 3561.0274, 4906.9911, 5201.2939, 3519.4511, 3195.3365, 3487.6461, 4539.9425, 4790.8549, 3094.3507, 5207.8867, 3499.423, 5066.442, 4605.6643, 4061.023, 4369.4955, 5451.3922, 4947.2826, 5597.8772, 4729.8927, 4897.3585, 3202.8026, 5549.832, 4625.4376, 4356.3333, 4615.8118, 4188.3764, 4322.9522, 3890.0658, 5139.734, 4562.7893, 4852.5119, 5355.8017, 3430.293, 4812.5582, 4508.0276, 3825.7638};