name="LSHADE-cnEpSin CEC17";
dim=100;
bound=3;
testID=7;
(*--------*)
min=151.58172;
max=190.79663;
median=168.64364;
mean=169.63188058823536;
std=8.195876782255434;
(*--------*)
data={170.9759, 190.79663, 180.01232, 177.18652, 172.79472, 178.10041, 171.28079, 161.79752, 175.1555, 168.01269, 167.41627, 165.01755, 168.64364, 164.7707, 166.224, 160.97131, 177.98383, 166.75275, 158.27871, 164.38866, 161.72048, 170.23853, 168.37064, 169.27919, 184.25831, 167.80478, 182.77584, 159.44048, 159.77988, 185.47745, 156.07377, 162.45188, 172.70305, 171.3539, 164.743, 158.37688, 151.58172, 178.47507, 173.01584, 180.06711, 163.52927, 165.76982, 176.94547, 157.97998, 169.91639, 167.62745, 166.75281, 172.92507, 175.70848, 176.95446, 172.56849};