name="LSHADE-cnEpSin CEC17";
dim=100;
bound=3;
testID=24;
(*--------*)
min=842.94552;
max=889.25217;
median=870.30956;
mean=870.8204952941178;
std=8.835407955891425;
(*--------*)
data={867.97692, 876.42203, 865.92154, 867.71122, 869.09644, 861.10552, 867.52298, 866.89783, 863.845, 859.92392, 867.98054, 842.94552, 870.39741, 858.91207, 877.90636, 876.31828, 869.79013, 872.51867, 862.04286, 874.94525, 882.03485, 871.72879, 870.6934, 873.78337, 855.04399, 873.37945, 879.73515, 875.15075, 861.35837, 881.83031, 871.03573, 870.12405, 869.27945, 870.0947, 858.18457, 889.25217, 870.30956, 871.81457, 874.58306, 888.76724, 887.4855, 861.68455, 880.91436, 868.32589, 878.19027, 869.21848, 874.61132, 885.14054, 860.96814, 869.18584, 877.75635};