name="LSHADE-cnEpSin CEC17";
dim=100;
bound=3;
testID=13;
(*--------*)
min=41.089433;
max=171.63009;
median=86.857185;
mean=92.21788358823531;
std=31.183034162429678;
(*--------*)
data={60.59649, 167.48697, 89.926179, 57.011527, 127.62132, 107.55186, 60.236065, 94.415265, 76.581719, 82.250742, 129.68694, 86.857185, 93.773259, 52.373287, 83.403293, 78.772582, 41.089433, 92.205596, 119.0507, 111.38253, 74.02478, 94.31036, 96.289819, 154.41976, 155.01431, 77.488874, 81.909603, 61.487415, 93.755305, 85.267315, 135.85659, 131.5147, 78.710839, 123.15685, 123.76912, 54.041574, 63.218128, 72.997627, 66.14716, 55.769221, 90.080433, 91.141657, 86.590147, 79.464697, 62.680058, 57.234531, 171.63009, 99.421764, 57.977071, 87.542013, 127.92731};