name="LSHADE-cnEpSin CEC17";
dim=100;
bound=4;
testID=6;
(*--------*)
min=0.000026443567;
max=0.00012346761;
median=0.000057826966;
mean=0.00006142837252941177;
std=0.00002095181414058062;
(*--------*)
data={0.000026443567, 0.000027027584, 0.000050280251, 0.000083206305, 0.00012088904, 0.000056039993, 0.000066230062, 0.000064645289, 0.00004921122, 0.000055544075, 0.000034772971, 0.000056242323, 0.000033526517, 0.000060813143, 0.00007482102, 0.000060692707, 0.000078571441, 0.000047561528, 0.00004405361, 0.000056251964, 0.000066556256, 0.000075499313, 0.000067014693, 0.000079967582, 0.000045262361, 0.000062414645, 0.000055978793, 0.000066517328, 0.000041179186, 0.000034510694, 0.000047556875, 0.000052819813, 0.000055148597, 0.000094734858, 0.000075339007, 0.0000359428, 0.000069158284, 0.000097914185, 0.000072995519, 0.000033147538, 0.000053693887, 0.000071620671, 0.000060895541, 0.000067449306, 0.000054743385, 0.00010014636, 0.000048967836, 0.000057826966, 0.000047814556, 0.00012346761, 0.000069737944};