name="LSHADE-cnEpSin CEC17";
dim=100;
bound=0;
testID=21;
(*--------*)
min=266.3674;
max=309.78908;
median=283.43539;
mean=283.6079415686274;
std=8.75611141256788;
(*--------*)
data={280.01024, 283.92896, 271.40528, 274.4192, 283.18261, 282.76707, 280.07035, 274.2357, 284.91668, 275.211, 285.74435, 275.14524, 278.97512, 288.45167, 290.9687, 284.79633, 288.05201, 288.97013, 280.52198, 287.04262, 266.3674, 283.43539, 281.44312, 293.5849, 306.23285, 277.45643, 284.29871, 273.81906, 278.35821, 284.20707, 288.34568, 290.13698, 282.81704, 275.45025, 302.47479, 271.46753, 277.10099, 277.39217, 272.0661, 277.15307, 292.8496, 278.54494, 298.74637, 284.04781, 285.69687, 276.58864, 289.9224, 289.13403, 285.96402, 309.78908, 290.29828};