name="LSHADE-cnEpSin CEC17";
dim=100;
bound=5;
testID=12;
(*--------*)
min=3209.8173;
max=6562.2467;
median=4266.54;
mean=4521.791325490197;
std=813.253841263175;
(*--------*)
data={4660.1445, 5431.7018, 4035.3208, 4428.7139, 5635.1139, 6562.2467, 4682.0692, 5627.9454, 3854.7678, 3581.8484, 3743.1813, 4636.698, 3686.3081, 4172.8231, 3849.7666, 3968.8332, 4501.4191, 5204.4619, 4248.5327, 3566.6039, 4206.7636, 4336.8455, 4926.6967, 6505.5852, 5045.9682, 3885.296, 3667.8915, 3514.7539, 4769.0936, 5123.0441, 5497.5884, 3209.8173, 4116.4623, 4021.7669, 4470.9861, 3858.4346, 3628.6423, 3902.9438, 5601.4507, 5877.1236, 6035.1027, 4244.8378, 3896.3687, 4031.2111, 3976.7317, 4791.7646, 4275.6069, 5654.8181, 3978.1516, 5214.5698, 4266.54};