name="LSHADE-cnEpSin CEC17";
dim=100;
bound=3;
testID=23;
(*--------*)
min=649.49283;
max=757.82469;
median=722.38201;
mean=715.8493388235296;
std=30.23777177491135;
(*--------*)
data={744.69328, 729.78581, 738.21836, 692.32806, 736.16296, 722.38201, 676.35355, 666.8356, 674.53865, 734.52924, 706.20355, 716.05223, 745.42527, 700.64, 739.5002, 652.88534, 732.56257, 690.56678, 722.48818, 689.82525, 757.82469, 744.45148, 710.27177, 745.94815, 649.49283, 674.71939, 659.12805, 739.70257, 725.64471, 650.51484, 717.57164, 753.53685, 722.22492, 736.75834, 745.20582, 716.65305, 733.31277, 704.02549, 718.55088, 748.92508, 738.97488, 693.67755, 744.63562, 669.02566, 727.67254, 719.76362, 708.61723, 754.32639, 745.3062, 696.57755, 743.29883};