name="LSHADE-cnEpSin CEC17";
dim=100;
bound=2;
testID=20;
(*--------*)
min=946.28239;
max=1745.5968;
median=1461.2039;
mean=1435.4835488235292;
std=163.8059455250078;
(*--------*)
data={1491.686, 1415.1337, 1478.0418, 1216.6801, 1288.3707, 1331.3399, 1745.5968, 1099.6386, 1307.2356, 1505.7182, 1277.9544, 1545.9571, 1358.964, 1235.359, 1733.8548, 1264.0076, 1385.833, 1614.4737, 1620.937, 1631.764, 1274.1292, 1478.1651, 1658.8119, 1254.0034, 1454.79, 1407.2655, 1494.6444, 1536.8782, 1602.1949, 1531.9432, 1470.4394, 1451.3011, 1599.0972, 1351.2007, 1557.9322, 1466.5708, 1622.5817, 1297.821, 1369.3595, 1527.2737, 946.28239, 1706.9554, 1348.4796, 1477.5931, 1348.7391, 1493.3079, 1529.4824, 1404.0151, 1405.4326, 1133.2204, 1461.2039};