name="LSHADE-cnEpSin CEC17";
dim=100;
bound=0;
testID=6;
(*--------*)
min=0.000025386828;
max=0.00013026734;
median=0.000056113164;
mean=0.000060602702764705885;
std=0.000020428096514628238;
(*--------*)
data={0.000053227107, 0.000040762938, 0.000080777342, 0.00013026734, 0.000045064512, 0.000044205844, 0.00005477607, 0.000059428817, 0.000061814001, 0.000073188262, 0.000079078797, 0.000027845758, 0.000053819051, 0.000051008034, 0.000076327684, 0.000055262774, 0.000077992421, 0.000042164528, 0.000054486171, 0.000035816599, 0.000047989498, 0.000038737637, 0.000025386828, 0.000092813929, 0.000089558531, 0.000072802223, 0.00004055852, 0.00007048767, 0.000036552876, 0.000055531535, 0.000078657689, 0.000088007209, 0.000043662037, 0.000063095289, 0.000086251047, 0.000060515723, 0.00005161709, 0.00009919871, 0.000084460585, 0.00007887121, 0.000046204181, 0.000062251289, 0.000049853344, 0.000056851911, 0.000064219844, 0.000047691033, 0.000032239134, 0.000073331296, 0.00004327138, 0.000056641379, 0.000056113164};