name="LSHADE-cnEpSin CEC17";
dim=100;
bound=0;
testID=4;
(*--------*)
min=187.61963;
max=207.6869;
median=205.70659;
mean=199.486931372549;
std=7.713967892377311;
(*--------*)
data={206.95797, 187.61963, 190.62906, 190.5969, 207.6869, 192.00169, 189.94249, 205.73264, 192.32965, 192.37905, 206.89654, 206.3285, 206.89418, 192.88266, 192.20768, 205.45933, 206.5341, 207.03133, 206.79002, 192.45735, 191.01768, 207.6861, 206.47622, 206.07533, 207.09796, 206.78794, 207.07598, 205.90512, 192.30731, 190.15806, 190.3748, 206.00508, 193.03908, 207.01501, 190.74777, 191.77749, 206.81412, 206.81613, 191.11152, 206.21147, 206.92125, 206.13753, 190.25033, 193.64219, 206.39043, 192.04758, 191.1798, 207.58572, 205.70659, 192.09875, 192.01549};