name="LSHADE-cnEpSin CEC17";
dim=100;
bound=4;
testID=24;
(*--------*)
min=895.14212;
max=965.82864;
median=916.05529;
mean=917.3188915686275;
std=12.552377178668008;
(*--------*)
data={895.14212, 910.68397, 913.27418, 912.35873, 921.02636, 918.83858, 921.35374, 918.71134, 923.41593, 908.13902, 916.15185, 965.82864, 917.53942, 903.24062, 908.94578, 904.68203, 914.55322, 908.71412, 907.55329, 925.56306, 909.02038, 948.47157, 912.64045, 920.65197, 905.56896, 923.95466, 914.08984, 923.78774, 898.14679, 911.44279, 918.41781, 947.29848, 920.14903, 905.59078, 930.75711, 916.05529, 925.25894, 919.29898, 906.36755, 918.56164, 917.25101, 914.37107, 924.68507, 906.43196, 911.76031, 924.79261, 905.3742, 923.20509, 915.87363, 939.17579, 909.09597};