name="LSHADE-cnEpSin CEC17";
dim=100;
bound=5;
testID=10;
(*--------*)
min=9633.5559;
max=11613.164;
median=10886.827;
mean=10842.131966666666;
std=483.8056941424641;
(*--------*)
data={10656.199, 10729.045, 11503.174, 10758.124, 10523.213, 10805.026, 11043.751, 9633.5559, 9936.7933, 11463.835, 11029.342, 11531.465, 10944.045, 11613.164, 11276.57, 10937.067, 10869.937, 11000.257, 11201.401, 10982.396, 10696.406, 10832.474, 11343.607, 10859.053, 9829.0083, 10421.951, 10792.122, 10739.341, 10362.564, 10886.827, 11124.64, 11332.343, 10951.25, 10077.268, 10933.752, 10997.32, 10780.364, 11606.162, 10640.609, 11183.616, 10203.198, 10709.281, 11331.899, 11318.638, 11003.7, 10004.61, 11555.653, 10712.309, 9801.0668, 10387.871, 11091.467};