name="LSHADE-cnEpSin CEC17";
dim=100;
bound=0;
testID=18;
(*--------*)
min=42.553066;
max=138.23222;
median=69.325881;
mean=75.403385;
std=23.383150117076802;
(*--------*)
data={99.615072, 81.21965, 60.487871, 51.939774, 53.30104, 90.189538, 50.833034, 54.418089, 102.05299, 90.239832, 60.494958, 69.369321, 91.342965, 128.25203, 52.437189, 61.373677, 72.480357, 113.04597, 58.684278, 42.553066, 54.999893, 66.501634, 68.783972, 95.153568, 69.300772, 80.478327, 91.368992, 97.518303, 100.26645, 46.158648, 98.920908, 60.59179, 133.99519, 84.710094, 51.202084, 50.471651, 61.359542, 62.529459, 52.391536, 80.833478, 138.23222, 69.325881, 95.043331, 54.90418, 56.473453, 46.319771, 92.067858, 76.226234, 81.495907, 56.272512, 87.344296};