name="LSHADE-cnEpSin CEC17";
dim=100;
bound=2;
testID=6;
(*--------*)
min=0.000037333471;
max=0.0002586067;
median=0.000084917196;
mean=0.00009029782692156866;
std=0.00003444792368140269;
(*--------*)
data={0.000085978319, 0.000085563166, 0.0001287844, 0.000074216781, 0.000071098595, 0.00013315608, 0.00013267554, 0.000066525555, 0.00011572817, 0.00014835301, 0.000065832841, 0.00008695746, 0.00008726331, 0.000082507477, 0.00003912967, 0.00012457402, 0.000090999462, 0.00010002077, 0.0001050027, 0.000074628024, 0.000098524756, 0.000047720448, 0.00008081201, 0.000065258542, 0.000067489404, 0.000087010991, 0.000081664367, 0.000090085459, 0.000061857266, 0.000087114806, 0.000088563717, 0.000076372794, 0.000078368691, 0.000061168126, 0.000073053508, 0.000056822989, 0.00007434626, 0.00005275407, 0.000080112691, 0.000084917196, 0.000081818441, 0.000082845169, 0.000097372582, 0.000097859409, 0.00013589048, 0.000037333471, 0.0002586067, 0.00007570735, 0.00011789901, 0.00010995062, 0.0001168925};