name="LSHADE-cnEpSin CEC17";
dim=100;
bound=0;
testID=24;
(*--------*)
min=901.32467;
max=973.48355;
median=921.63086;
mean=927.0282580392158;
std=19.021805555792554;
(*--------*)
data={916.76435, 963.3308, 920.11385, 915.52629, 912.66333, 915.05977, 918.69832, 915.55976, 922.77366, 918.74193, 912.29333, 926.75925, 917.94661, 920.88684, 918.10379, 973.48355, 921.82423, 969.59876, 935.82775, 901.72439, 925.04406, 903.4281, 920.89435, 923.32144, 909.19313, 919.94149, 963.62929, 925.88227, 909.52051, 961.59891, 901.32467, 927.66211, 922.1175, 910.93158, 959.99138, 967.10391, 917.58843, 919.87145, 928.14375, 926.58077, 927.66064, 913.39738, 952.57017, 933.4225, 928.35869, 904.29307, 913.31432, 932.23972, 921.63086, 924.74704, 965.35711};