name="LSHADE-cnEpSin CEC17";
dim=100;
bound=3;
testID=16;
(*--------*)
min=1092.9863;
max=2259.3351;
median=1944.6507;
mean=1911.8036529411759;
std=218.69532642924526;
(*--------*)
data={1837.0124, 2023.1183, 1468.2612, 1920.1259, 1802.5977, 2089.4841, 1963.7814, 1678.5351, 1634.3243, 1918.3243, 2137.8215, 1881.3851, 1999.7536, 2259.3351, 2034.1336, 1804.3959, 1875.215, 1902.923, 2098.253, 1944.6507, 2109.3313, 2069.1844, 2095.7124, 2036.9615, 1935.7639, 2056.6639, 1913.4918, 1447.0645, 2138.2823, 1762.7846, 1956.8839, 2004.9474, 1841.4541, 1955.0628, 1690.9669, 1917.0958, 1936.9956, 1678.1746, 1092.9863, 2053.4994, 2204.3444, 1552.9392, 1934.3107, 1558.9306, 2166.1229, 2172.7595, 1955.8381, 2082.0937, 1913.3943, 1980.5751, 2013.9392};