name="LSHADE-cnEpSin CEC17";
dim=100;
bound=3;
testID=20;
(*--------*)
min=1186.4054;
max=1853.8087;
median=1598.5791;
mean=1591.0169764705888;
std=138.98590609498584;
(*--------*)
data={1425.6586, 1651.29, 1594.5145, 1432.3687, 1463.0166, 1689.3989, 1186.4054, 1699.935, 1705.2743, 1689.5063, 1632.5596, 1789.4363, 1358.7287, 1348.7317, 1572.5792, 1680.4749, 1589.4028, 1305.2832, 1376.5569, 1524.4624, 1573.6044, 1689.6979, 1631.8294, 1798.4301, 1655.7839, 1853.8087, 1595.0591, 1578.7475, 1629.4743, 1665.0172, 1697.5386, 1450.9914, 1738.8796, 1663.3436, 1744.485, 1626.8343, 1566.8266, 1694.9744, 1463.0344, 1763.5911, 1709.1108, 1520.4909, 1569.638, 1531.8324, 1570.6032, 1361.7623, 1540.0409, 1598.5791, 1760.9115, 1654.7972, 1526.564};