name="LSHADE-cnEpSin CEC17";
dim=100;
bound=0;
testID=14;
(*--------*)
min=39.873644;
max=64.871374;
median=49.263019;
mean=50.01391590196079;
std=6.899861623784045;
(*--------*)
data={39.926021, 49.016496, 55.940316, 45.969481, 39.873644, 49.942632, 41.057116, 53.187868, 57.505684, 45.926539, 52.994767, 41.979821, 46.07857, 63.872331, 39.962145, 64.871374, 44.126427, 52.460854, 51.421254, 62.065727, 46.896223, 42.982443, 55.9168, 44.125052, 47.906652, 46.038152, 41.022051, 48.309616, 53.425609, 53.914121, 47.042975, 54.488521, 46.162397, 53.996063, 57.100353, 43.212004, 39.981071, 52.296088, 49.996962, 59.119425, 60.258736, 54.962527, 48.882837, 49.263019, 41.340073, 46.261605, 62.51965, 50.476785, 42.084112, 51.439712, 61.10901};