name="LSHADE-cnEpSin CEC17";
dim=100;
bound=2;
testID=22;
(*--------*)
min=1640.8044;
max=13412.227;
median=12440.51;
mean=12144.426478431373;
std=1580.7744650104448;
(*--------*)
data={12511.709, 12860.671, 12403.594, 12524.42, 11580.841, 12727.941, 12421.745, 12744.778, 12513.832, 11963.16, 11714.5, 11867.187, 12357.021, 13238.939, 13080.605, 12632.298, 12735.977, 12036.37, 12432.334, 11744.768, 12930.43, 12046.367, 12152.203, 11866.813, 13107.804, 11519.644, 12768.886, 12504.921, 12858.761, 11921.814, 12520.245, 12532.027, 12280.495, 12477.218, 12607.453, 12168.76, 13412.227, 12681.044, 11185.285, 12741.606, 12928.821, 12565.604, 12654.865, 11435.141, 1640.8044, 11894.382, 11726.801, 11965.074, 12251.247, 12440.51, 11485.808};