name="LSHADE-cnEpSin CEC17";
dim=100;
bound=1;
testID=14;
(*--------*)
min=35.956861;
max=59.956836;
median=44.608772;
mean=45.97818625490197;
std=5.969715188480246;
(*--------*)
data={56.206617, 50.0323, 52.837889, 40.201261, 44.321073, 39.039285, 49.284177, 43.1295, 40.876947, 35.956861, 49.973325, 51.94378, 42.042699, 36.100793, 44.036509, 53.633517, 42.081331, 48.153731, 49.929969, 44.107842, 38.482788, 50.157539, 45.129294, 51.04104, 59.956836, 46.920815, 44.065357, 41.389, 44.30683, 44.608772, 50.827942, 40.597158, 47.373471, 48.974842, 38.836717, 52.068479, 54.293701, 46.12829, 48.898776, 49.932702, 43.134229, 40.603264, 38.300227, 38.328596, 40.95539, 37.994804, 55.898339, 53.038492, 56.379927, 42.11245, 40.262026};