name="LSHADE-cnEpSin CEC17";
dim=100;
bound=1;
testID=12;
(*--------*)
min=3360.1199;
max=5539.7509;
median=4514.7496;
mean=4491.075637254901;
std=549.3330142899431;
(*--------*)
data={4864.5654, 5501.716, 5064.0623, 3859.516, 4872.5424, 4560.533, 4847.7803, 4891.9336, 4902.2847, 3781.4238, 4357.6295, 4335.8592, 4074.7649, 3651.5623, 4655.4031, 4151.2465, 3843.9015, 4638.8455, 3926.0918, 4022.0493, 5082.0451, 4572.3698, 4343.2777, 4246.0774, 5387.2292, 3996.9962, 3790.1796, 4514.7496, 5388.8634, 3964.4983, 5017.5165, 4506.511, 3721.2309, 4621.6648, 4546.7057, 3909.5165, 5045.6461, 5161.6453, 5539.7509, 3360.1199, 5347.054, 4527.45, 4765.2456, 4105.3436, 3947.0812, 5357.4653, 4037.6482, 4301.6659, 3946.0861, 4765.032, 4424.4806};