name="LSHADE-cnEpSin CEC17";
dim=100;
bound=5;
testID=8;
(*--------*)
min=40.084384;
max=127.24584;
median=57.667963;
mean=59.44908778431374;
std=12.829244967389183;
(*--------*)
data={56.184577, 58.151171, 54.633271, 63.307958, 58.076403, 73.805108, 47.446019, 58.73318, 72.089595, 50.07388, 40.084384, 49.609418, 54.105219, 69.24563, 43.957989, 43.117394, 55.410128, 61.623924, 65.066506, 49.734278, 60.379233, 43.472568, 46.678389, 57.305009, 52.442196, 62.030175, 75.673946, 63.05482, 127.24584, 72.281241, 55.680344, 56.960727, 62.982548, 57.363654, 55.701365, 61.884483, 54.306716, 67.690973, 54.935018, 54.858703, 75.03569, 68.234316, 57.667963, 63.446175, 52.060863, 60.494923, 46.285343, 64.291474, 61.702634, 54.851859, 60.448257};