name="LSHADE-cnEpSin CEC17";
dim=100;
bound=1;
testID=6;
(*--------*)
min=0.000027241996;
max=0.00015252023;
median=0.000061848853;
mean=0.00006874249578431372;
std=0.00002253569803942455;
(*--------*)
data={0.000053103006, 0.000048899018, 0.000056258057, 0.00011825174, 0.000095479583, 0.000051925693, 0.00005555861, 0.000061938467, 0.000046337941, 0.000061848853, 0.000066495266, 0.00009430021, 0.00012866411, 0.00007316446, 0.000084638508, 0.000065331889, 0.000056120831, 0.00015252023, 0.000069661611, 0.00006686151, 0.000052502597, 0.000065918299, 0.000091788107, 0.00011350131, 0.000062876718, 0.000058040557, 0.000064588728, 0.000096923419, 0.000080057851, 0.000056597828, 0.000059089268, 0.000057994036, 0.000061339412, 0.000086106947, 0.000027241996, 0.000080594618, 0.000063713467, 0.000058049576, 0.000052015597, 0.000071243942, 0.000061619115, 0.000048077522, 0.000058265804, 0.000067677105, 0.000045355259, 0.000068001625, 0.000052716078, 0.000056952916, 0.00005876479, 0.000060028176, 0.000060865029};