name="LSHADE-cnEpSin CEC17";
dim=100;
bound=1;
testID=24;
(*--------*)
min=897.71998;
max=970.82723;
median=920.83251;
mean=920.427355882353;
std=11.107605287918576;
(*--------*)
data={922.86103, 915.30574, 929.88038, 923.13112, 919.07256, 921.8448, 934.61549, 924.84594, 938.44509, 928.94702, 916.17229, 912.65922, 928.08669, 910.9197, 922.73829, 933.78563, 910.58833, 925.08843, 928.57369, 918.68736, 921.28614, 908.42401, 970.82723, 919.25698, 916.86854, 924.06486, 920.65999, 923.70291, 919.75777, 909.57802, 907.34014, 917.06355, 923.51901, 922.96056, 905.89009, 920.83251, 906.13839, 915.83674, 915.92782, 921.16404, 911.62165, 928.30804, 914.23243, 897.71998, 906.12773, 920.71428, 925.37006, 922.94789, 927.09577, 903.05761, 927.25161};