name="LSHADE-cnEpSin CEC17";
dim=100;
bound=5;
testID=7;
(*--------*)
min=147.50281;
max=184.84501;
median=170.44095;
mean=169.18376137254904;
std=7.557618581834098;
(*--------*)
data={153.22155, 174.21903, 172.03893, 159.82016, 159.25829, 166.88656, 151.0877, 164.33176, 166.84775, 168.42699, 147.50281, 170.98243, 171.54766, 163.99314, 168.73403, 180.72854, 172.55417, 177.16427, 167.28295, 170.44095, 166.69273, 174.1925, 162.38581, 172.64388, 184.84501, 162.74414, 161.8835, 164.03349, 171.47269, 178.45074, 175.69296, 175.24688, 162.04572, 169.46402, 170.66686, 176.90595, 171.64934, 171.14918, 163.70571, 160.53054, 179.59926, 167.28182, 166.50432, 173.45036, 167.43871, 177.96035, 175.19177, 172.5357, 173.3001, 181.96938, 169.66874};