name="LSHADE-cnEpSin CEC17";
dim=100;
bound=0;
testID=25;
(*--------*)
min=576.05949;
max=760.71825;
median=696.90324;
mean=683.9041337254904;
std=43.15117982866007;
(*--------*)
data={636.50243, 636.2839, 636.58008, 696.90324, 703.89721, 636.83998, 657.80405, 703.51531, 636.41157, 703.36416, 636.43003, 643.93206, 702.0196, 696.65452, 760.71825, 703.30826, 701.89467, 706.86816, 697.08084, 636.47432, 643.86606, 696.86709, 696.59222, 696.6791, 696.29959, 703.50697, 636.48602, 576.05949, 702.52657, 703.57984, 703.46821, 703.38276, 636.29403, 701.4823, 758.71749, 703.57971, 636.09984, 695.95998, 760.4681, 636.66389, 760.47171, 703.19858, 636.69971, 720.34628, 703.40079, 760.02778, 636.37347, 636.6403, 703.78781, 759.78721, 636.31528};