name="LSHADE-cnEpSin CEC17";
dim=100;
bound=2;
testID=24;
(*--------*)
min=837.24679;
max=892.58808;
median=862.25924;
mean=862.4504180392157;
std=10.691863723310536;
(*--------*)
data={874.61058, 853.86262, 865.82301, 872.02416, 854.57837, 864.07041, 879.63213, 874.83187, 878.96857, 873.45102, 892.58808, 846.64992, 863.18679, 849.38063, 860.21811, 873.42315, 861.58031, 869.67099, 854.78661, 850.05235, 843.43051, 849.85047, 857.84784, 853.47268, 856.5551, 863.81568, 874.18599, 860.35173, 866.8661, 866.63333, 848.66282, 859.11278, 869.9635, 857.98126, 869.4216, 861.89859, 862.25924, 874.71017, 837.24679, 870.26893, 868.3376, 870.42061, 852.88524, 855.68421, 863.99558, 872.52419, 862.66848, 862.17399, 843.5071, 856.00073, 858.8488};