name="LSHADE-cnEpSin CEC17";
dim=100;
bound=1;
testID=11;
(*--------*)
min=18.688302;
max=230.18275;
median=35.821062;
mean=60.250750529411775;
std=47.809730592075105;
(*--------*)
data={96.23802, 26.343574, 26.685131, 28.645329, 105.37705, 32.707465, 110.2942, 27.063255, 27.331022, 194.99535, 89.829044, 39.887754, 27.831012, 27.475028, 35.821062, 23.979861, 31.607378, 18.688302, 34.899901, 96.138288, 29.645527, 29.900777, 37.570868, 30.646211, 35.59384, 30.187327, 197.94891, 93.797565, 45.542593, 33.617918, 35.229484, 40.341983, 96.240348, 30.604045, 34.593708, 109.75552, 230.18275, 102.7933, 31.682096, 97.874087, 31.054907, 25.85408, 38.584826, 43.593774, 105.69736, 101.95342, 36.746464, 34.312156, 45.543297, 90.992845, 42.868265};