name="LSHADE-cnEpSin CEC17";
dim=100;
bound=1;
testID=18;
(*--------*)
min=41.612799;
max=110.7448;
median=63.985143;
mean=67.27516227450981;
std=14.296952603769824;
(*--------*)
data={47.194128, 94.387798, 63.985143, 71.247963, 62.385389, 48.576566, 41.612799, 69.483185, 52.120806, 64.185961, 55.599826, 71.494498, 76.104971, 80.82482, 53.432495, 82.21157, 80.42028, 70.104311, 80.682689, 61.663503, 52.375919, 67.527593, 75.31908, 74.135666, 60.918987, 71.593776, 63.040996, 92.907788, 85.832483, 52.707974, 47.519463, 47.398099, 60.518687, 56.463391, 64.415474, 62.355151, 55.354344, 96.109931, 62.729053, 70.420454, 62.567207, 60.313704, 80.057445, 110.7448, 59.943804, 67.659276, 92.316016, 59.527452, 62.585764, 68.416308, 59.53849};