name="LSHADE-cnEpSin CEC17";
dim=100;
bound=2;
testID=10;
(*--------*)
min=9831.9442;
max=12520.408;
median=11310.592;
mean=11261.727396078431;
std=535.545154287271;
(*--------*)
data={11755.932, 11254.839, 11415.492, 11435.468, 11982.663, 11810.854, 11011.825, 10892.389, 10756.704, 11123.769, 10960.748, 11400.928, 11693.701, 10354.291, 11828.526, 10825.321, 10501.853, 11258.433, 11601.389, 11014.635, 11328.263, 11589.104, 10724.513, 9831.9442, 10352.255, 11109.509, 12196.842, 11340.328, 11453.812, 11631.603, 11447.152, 11359.86, 11053.779, 11416.471, 11817.988, 11832.416, 11197.829, 11071.172, 11273.074, 10254.843, 10695.583, 11555.033, 12520.408, 11205.098, 11310.592, 11660.323, 10714.127, 12450.855, 11365.831, 10857.515, 10850.215};