name="LSHADE-cnEpSin CEC17";
dim=100;
bound=5;
testID=20;
(*--------*)
min=768.95241;
max=1593.0954;
median=1281.8347;
mean=1261.5748421568626;
std=165.968895578388;
(*--------*)
data={1461.5786, 1247.2835, 1405.9904, 1268.8769, 1357.5718, 1374.5273, 1205.6899, 771.28098, 1366.4357, 1171.2783, 1285.1976, 1221.9733, 1281.8347, 1209.8942, 1593.0954, 1195.8405, 1353.5369, 1246.8822, 1303.9706, 1417.5085, 1046.3681, 1198.5808, 1191.0359, 1436.2954, 1352.5913, 1218.4368, 768.95241, 1440.7078, 986.24647, 1217.9343, 1451.8174, 1168.0129, 1182.5018, 1219.5819, 1302.0281, 1283.7476, 1392.8526, 1347.7574, 1374.6859, 1434.5209, 1284.695, 1515.4804, 1198.722, 862.92279, 1413.7303, 1312.6662, 1141.3657, 1337.0711, 1095.8898, 1221.0621, 1201.8085};