name="LSHADE-cnEpSin CEC17";
dim=100;
bound=1;
testID=28;
(*--------*)
min=477.53591;
max=573.02837;
median=516.96322;
mean=514.0679452941176;
std=19.05903723550645;
(*--------*)
data={521.88544, 573.02837, 477.53591, 516.96322, 520.07989, 522.15237, 571.08769, 521.94282, 496.07838, 516.96687, 517.29819, 516.87999, 496.10986, 496.036, 516.8027, 495.99302, 495.78066, 517.45864, 495.59639, 521.38673, 496.22043, 570.86933, 516.76696, 521.69914, 521.53027, 522.62432, 522.16956, 495.24644, 516.83785, 496.26963, 516.68509, 496.29307, 517.22255, 517.21584, 495.31152, 495.9267, 517.07012, 516.45262, 477.61154, 517.05375, 496.00881, 517.4795, 516.50213, 521.43509, 516.99142, 521.74664, 516.70177, 521.77926, 495.84197, 516.86964, 521.96911};