name="LSHADE-cnEpSin CEC17";
dim=100;
bound=2;
testID=19;
(*--------*)
min=39.746832;
max=77.901371;
median=51.18239;
mean=52.97535486274511;
std=7.831629502448477;
(*--------*)
data={77.901371, 50.913601, 52.836747, 55.313003, 49.841614, 41.828397, 52.882756, 44.954825, 58.274767, 45.504827, 44.675021, 76.105619, 44.493662, 58.453363, 48.568251, 54.500872, 68.488787, 67.107543, 51.529996, 39.746832, 57.337912, 48.770002, 54.435842, 60.163042, 63.143518, 51.18239, 64.78545, 49.54323, 50.700978, 49.484999, 45.66504, 48.363746, 48.541779, 52.233786, 54.105671, 59.938566, 52.718165, 48.172855, 50.975606, 51.179589, 48.167473, 52.824389, 49.146707, 58.76232, 44.559755, 51.6553, 48.052382, 56.42411, 45.766817, 47.086447, 53.933378};