name="LSHADE-cnEpSin CEC17";
dim=100;
bound=0;
testID=19;
(*--------*)
min=44.349058;
max=76.52025;
median=56.283779;
mean=57.3742824509804;
std=5.954687440829151;
(*--------*)
data={61.100599, 55.754765, 61.789364, 54.988261, 57.602173, 44.349058, 55.61504, 50.810998, 65.12097, 67.412532, 62.131329, 63.739255, 56.024209, 76.52025, 63.175047, 51.315803, 53.382746, 63.033823, 56.155315, 55.39533, 56.151295, 61.249493, 63.010838, 49.491976, 49.664467, 55.725864, 48.217962, 57.004663, 54.680266, 63.913414, 61.007366, 56.052547, 60.396313, 61.128616, 52.83804, 68.546099, 61.660999, 53.723149, 59.030675, 55.175569, 48.896831, 57.534529, 56.435241, 56.283779, 57.937738, 49.550896, 55.932849, 61.497335, 52.623231, 57.564695, 47.744803};