name="LSHADE-cnEpSin CEC17";
dim=100;
bound=3;
testID=22;
(*--------*)
min=795.71787;
max=13787.367;
median=13093.163;
mean=12794.85466411765;
std=1765.5738119851846;
(*--------*)
data={11888.214, 13179.337, 12612.052, 12657.792, 12319.82, 13179.597, 13183.144, 13256.827, 13289.918, 13570.469, 12834.951, 13346.604, 12946.491, 12820.565, 13616.912, 13335.538, 795.71787, 13344.434, 12820.316, 13190.908, 12577.402, 13361.422, 13093.163, 12421.137, 13118.764, 12786.405, 12327.589, 13405.14, 13640.442, 12390.649, 12987.271, 13235.666, 13693.891, 13200.484, 12895.812, 13093.084, 13168.15, 12645.25, 13351.572, 12838.743, 13787.367, 12966.354, 12474.214, 12854.392, 12885.12, 13317.556, 13575.968, 13713.846, 12985.929, 12195.633, 13359.566};