name="LSHADE-cnEpSin CEC17";
dim=100;
bound=2;
testID=5;
(*--------*)
min=56.516702;
max=83.294374;
median=67.790756;
mean=68.09797780392157;
std=6.973363950831912;
(*--------*)
data={68.988678, 66.647161, 70.176599, 64.664951, 69.311807, 67.131996, 70.478568, 63.797017, 56.853458, 81.784095, 64.687258, 75.653725, 62.009207, 70.231295, 69.821431, 75.005342, 83.294374, 77.505829, 60.157743, 69.754477, 76.375003, 62.35175, 82.901786, 72.2786, 66.653683, 75.697702, 71.530299, 71.167897, 81.590014, 56.580482, 61.315404, 59.855506, 56.711623, 63.325859, 65.343766, 64.768614, 68.954479, 56.516702, 58.237889, 69.909924, 66.845612, 63.260459, 67.378703, 60.300614, 65.454775, 68.376753, 61.965687, 76.369526, 76.567059, 68.664931, 67.790756};