name="LSHADE-cnEpSin CEC17";
dim=100;
bound=5;
testID=29;
(*--------*)
min=925.50385;
max=1579.9723;
median=1264.7279;
mean=1261.8805872549024;
std=142.2536533773586;
(*--------*)
data={1242.0846, 1209.7734, 1464.7143, 1442.1582, 1299.7943, 1374.0404, 1124.2403, 1370.1677, 1216.9873, 1390.223, 1246.4965, 1383.6457, 1423.4237, 1480.1345, 1302.8065, 925.50385, 1121.8695, 1327.2081, 1112.4776, 1328.8705, 1144.5289, 1121.3187, 1092.7606, 1020.5345, 1458.0751, 1002.7714, 1172.3457, 1070.3598, 1103.9677, 1058.5775, 1136.0699, 1350.7382, 1345.2272, 1238.3164, 1376.6318, 1400.4121, 1150.2787, 1391.1718, 1264.7279, 1341.5184, 1143.2976, 1327.3021, 1421.2375, 1190.8249, 1235.958, 1391.5434, 1282.9776, 1337.2264, 1174.6607, 1243.9572, 1579.9723};