name="LSHADE-cnEpSin CEC17";
dim=100;
bound=1;
testID=23;
(*--------*)
min=567.38135;
max=620.59861;
median=608.86284;
mean=605.2900809803923;
std=11.839442081129711;
(*--------*)
data={608.53918, 611.23095, 579.70559, 616.50671, 610.47692, 608.86284, 614.23836, 617.04911, 610.7698, 608.00899, 608.94962, 596.21924, 605.01143, 614.16293, 582.35705, 603.84999, 606.42278, 620.59861, 603.41636, 609.17893, 610.25328, 600.60811, 610.76287, 606.49909, 590.21231, 595.08772, 618.4081, 602.84502, 611.51997, 604.57016, 612.18183, 611.83534, 607.34751, 607.77183, 613.8282, 610.97716, 612.43272, 619.26127, 590.49161, 575.02979, 567.38135, 614.82416, 586.089, 617.6267, 590.09093, 606.89268, 614.14406, 611.45776, 593.73863, 601.6908, 618.37878};