name="LSHADE-cnEpSin CEC17";
dim=100;
bound=2;
testID=14;
(*--------*)
min=34.234455;
max=59.495384;
median=44.09089;
mean=44.80921550980391;
std=5.90310589932128;
(*--------*)
data={45.908984, 40.173417, 42.472354, 54.959048, 41.044207, 34.384087, 47.967698, 44.278213, 47.096543, 53.803933, 45.915142, 52.719532, 42.991891, 52.31957, 57.078735, 43.035614, 39.063208, 43.743106, 37.151941, 42.960672, 38.498351, 40.969423, 51.756572, 48.003495, 45.021162, 34.234455, 46.10756, 40.336688, 42.993482, 40.221601, 43.786823, 49.917761, 38.24468, 36.973326, 48.253238, 41.309612, 36.289507, 48.715314, 53.105497, 49.927984, 37.278289, 40.986342, 46.91762, 42.194758, 44.335442, 59.495384, 52.067761, 47.213882, 38.584055, 48.371142, 44.09089};