name="LSHADE-cnEpSin CEC17";
dim=100;
bound=2;
testID=4;
(*--------*)
min=149.58719;
max=218.30077;
median=202.52612;
mean=192.17221254901963;
std=22.16552827442241;
(*--------*)
data={166.14715, 206.22788, 215.0437, 207.96296, 158.85773, 158.2699, 196.27852, 193.11594, 157.58274, 199.67087, 205.12544, 195.48724, 162.33211, 190.49125, 211.83364, 214.71792, 200.6203, 155.8461, 194.50579, 207.75597, 191.6062, 153.06617, 210.98262, 208.84502, 205.56939, 218.30077, 206.70879, 210.11049, 198.46774, 161.59094, 211.71355, 203.85029, 209.33068, 209.14861, 149.58719, 196.71518, 156.51964, 208.34616, 154.47416, 207.34704, 190.13701, 161.17762, 210.9434, 202.52612, 208.56976, 209.76045, 211.9836, 209.63186, 153.726, 165.11444, 207.0588};