name="LSHADE-cnEpSin CEC17";
dim=100;
bound=0;
testID=30;
(*--------*)
min=2089.4019;
max=2867.1883;
median=2363.8662;
mean=2394.9254215686274;
std=182.95690556702834;
(*--------*)
data={2336.424, 2572.769, 2338.6644, 2283.5835, 2731.4117, 2533.7279, 2189.4901, 2472.8435, 2493.9806, 2226.5443, 2207.7456, 2854.0239, 2089.4019, 2332.348, 2171.2879, 2205.1312, 2270.6784, 2281.766, 2440.2675, 2308.8858, 2213.1869, 2483.0169, 2345.0267, 2435.5296, 2749.5465, 2200.568, 2264.4444, 2381.4285, 2342.7215, 2190.8506, 2867.1883, 2401.148, 2764.6027, 2518.4448, 2306.8226, 2290.3159, 2451.5885, 2433.6177, 2418.0637, 2444.0897, 2531.3852, 2398.5959, 2229.5134, 2210.7832, 2363.8662, 2413.4323, 2374.2885, 2207.1578, 2737.8833, 2539.1638, 2291.9502};