name="LSHADE-cnEpSin CEC17";
dim=100;
bound=5;
testID=13;
(*--------*)
min=38.423682;
max=186.6766;
median=119.42403;
mean=119.03276452941171;
std=40.050148489616575;
(*--------*)
data={134.00019, 161.67321, 110.88944, 148.5459, 180.53257, 38.423682, 185.63285, 70.107627, 150.59075, 80.859761, 92.18475, 153.2352, 118.11708, 143.12622, 165.1813, 137.33136, 129.1552, 164.11953, 78.934253, 118.69261, 178.94571, 57.080302, 162.43362, 63.880057, 119.42403, 110.68864, 158.94345, 63.762179, 157.66292, 106.23303, 127.00206, 112.23998, 118.80154, 93.635047, 73.398112, 124.25328, 125.93342, 145.67416, 61.618721, 117.42071, 92.454513, 71.113045, 89.797816, 124.50803, 186.6766, 138.16141, 94.131403, 47.517059, 175.62498, 54.267164, 156.05452};