name="LSHADE-cnEpSin CEC17";
dim=100;
bound=4;
testID=19;
(*--------*)
min=45.318805;
max=65.570232;
median=53.694683;
mean=54.14465696078433;
std=5.556171581165196;
(*--------*)
data={55.029408, 62.090205, 53.151596, 55.945135, 57.705243, 48.110406, 64.592907, 57.499544, 54.840429, 63.460118, 53.694683, 49.270473, 53.686895, 47.388393, 65.570232, 56.072071, 50.839119, 51.325217, 56.88541, 47.973688, 53.278036, 53.906789, 49.056064, 46.77297, 52.691749, 49.522249, 45.57552, 49.192967, 57.639695, 60.508281, 52.105988, 63.12195, 48.564582, 51.49218, 48.181922, 55.109566, 46.992105, 45.318805, 55.344856, 51.283556, 61.348002, 62.899402, 46.669135, 49.146399, 54.749983, 59.113186, 55.022994, 61.845609, 54.458429, 63.887139, 51.446225};