name="LSHADE-cnEpSin CEC17";
dim=100;
bound=4;
testID=16;
(*--------*)
min=859.34632;
max=1857.6302;
median=1430.4097;
mean=1396.5449901960785;
std=213.86910666097924;
(*--------*)
data={1580.7874, 1438.8258, 1217.4818, 1170.4844, 1580.949, 934.45941, 1707.8069, 1507.3873, 1421.6916, 1585.2752, 1749.8667, 1395.8337, 1432.1271, 1689.0232, 1382.3859, 1331.7875, 1304.8729, 987.65922, 1354.8665, 1423.0009, 1543.7679, 1559.7061, 1577.2719, 1083.8851, 1436.8285, 1348.8351, 1084.5092, 1359.7405, 1461.1964, 1209.226, 1402.9409, 1490.8716, 1356.1498, 1468.1855, 1387.5355, 1492.9359, 1166.2889, 1325.353, 1430.4097, 1460.8182, 888.45985, 1309.0078, 1483.0841, 1584.41, 1191.8493, 859.34632, 1637.5602, 1857.6302, 1434.047, 1601.5175, 1533.8541};