name="LSHADE-cnEpSin CEC17";
dim=100;
bound=0;
testID=5;
(*--------*)
min=41.072135;
max=77.457403;
median=62.367556;
mean=61.714693352941175;
std=7.343829106976678;
(*--------*)
data={61.768994, 58.881722, 67.041634, 58.111944, 48.292164, 63.059277, 64.269131, 72.796371, 65.389288, 50.978063, 58.415535, 66.675552, 65.744607, 63.86436, 61.497452, 60.645734, 62.560782, 67.500289, 72.689312, 76.311754, 66.089332, 65.134251, 60.9511, 48.613246, 67.764001, 68.682331, 51.846117, 62.367556, 63.062564, 56.980346, 62.071881, 60.365225, 55.313033, 41.072135, 54.911754, 48.116147, 63.2805, 64.537287, 61.054338, 56.8674, 58.536694, 56.320184, 77.457403, 68.928347, 58.55427, 64.895677, 66.672145, 68.424117, 52.777538, 57.200856, 72.107621};