name="LSHADE-cnEpSin CEC17";
dim=100;
bound=4;
testID=21;
(*--------*)
min=265.31207;
max=346.0676;
median=285.50843;
mean=285.7743509803921;
std=11.705455779918573;
(*--------*)
data={297.3305, 296.328, 286.8754, 290.14461, 275.14452, 265.31207, 285.71477, 288.84489, 281.14946, 283.53776, 272.99375, 265.38715, 284.50326, 285.16122, 286.01588, 284.85181, 289.68939, 278.75133, 278.85853, 291.47465, 346.0676, 294.45894, 283.14124, 274.83139, 284.12291, 294.59209, 285.50843, 287.32714, 278.38623, 290.18903, 276.87877, 275.41735, 279.24245, 293.87436, 289.0479, 296.72124, 279.17967, 294.97062, 281.06499, 294.23884, 289.40378, 268.24826, 274.77026, 278.15664, 284.3339, 291.24172, 282.78006, 288.39557, 286.03218, 288.19975, 295.59964};