name="LSHADE-cnEpSin CEC17";
dim=100;
bound=1;
testID=30;
(*--------*)
min=2087.7161;
max=3056.9647;
median=2354.5465;
mean=2415.853633333334;
std=212.98474724118967;
(*--------*)
data={2295.7477, 2237.2497, 2845.7439, 2235.0611, 2183.4781, 2206.9763, 2557.5044, 2514.4, 2655.3437, 2316.6889, 2455.8003, 2428.4413, 2211.5715, 2227.8035, 2503.1323, 2668.1446, 2247.9495, 2225.4244, 2422.8649, 2583.773, 2378.5574, 2308.4967, 2685.4609, 2565.6747, 2516.0645, 2449.3544, 2152.5378, 2349.6, 2354.5465, 2559.6432, 2323.8495, 2269.8724, 2284.5896, 2335.248, 2323.1571, 3023.7527, 2373.5634, 2239.3474, 2451.553, 2731.8916, 2463.3109, 2225.3626, 2253.178, 2559.6593, 2205.1343, 2725.876, 3056.9647, 2322.6662, 2252.6038, 2087.7161, 2356.2035};