name="LSHADE-cnEpSin CEC17";
dim=100;
bound=0;
testID=8;
(*--------*)
min=41.741843;
max=116.69127;
median=57.772187;
mean=59.0431780392157;
std=11.080107874583174;
(*--------*)
data={66.710151, 59.205752, 61.415824, 56.081271, 59.870997, 49.302885, 51.074271, 41.741843, 56.389364, 56.227965, 52.247291, 116.69127, 54.4744, 57.772187, 45.988511, 62.368374, 64.261003, 65.667716, 55.250964, 81.126409, 67.610551, 54.862335, 58.982485, 67.030364, 68.290477, 60.911354, 52.730512, 59.95707, 73.827924, 60.802689, 61.449221, 44.030603, 59.634971, 49.381798, 60.080033, 52.079393, 49.596881, 53.264675, 49.583174, 55.263914, 54.648932, 63.771969, 55.075199, 69.621196, 61.106968, 58.144802, 54.54293, 62.606943, 55.569146, 50.157117, 52.718006};