name="LSHADE-cnEpSin CEC17";
dim=100;
bound=0;
testID=23;
(*--------*)
min=585.50007;
max=613.52854;
median=604.97885;
mean=602.9492778431373;
std=7.708087331295183;
(*--------*)
data={599.12431, 610.51922, 613.52854, 602.20207, 600.90396, 611.03435, 603.43273, 606.91015, 600.72064, 594.94088, 598.86185, 606.29991, 602.77799, 596.53269, 601.99294, 613.34808, 611.73975, 608.32443, 608.13657, 600.33408, 596.32407, 589.45201, 593.36032, 594.2718, 607.15256, 609.91943, 601.15409, 601.52728, 605.9937, 598.2769, 588.65145, 586.11604, 608.63819, 586.0628, 609.96519, 610.9588, 606.87682, 612.52416, 611.89815, 606.67755, 607.9109, 608.78935, 587.62654, 604.97885, 604.68104, 610.43523, 604.04618, 605.48513, 585.50007, 607.16564, 606.32779};