name="LSHADE-cnEpSin CEC17";
dim=100;
bound=2;
testID=11;
(*--------*)
min=14.998023;
max=103.76317;
median=29.671507;
mean=36.620870431372545;
std=21.35052845538658;
(*--------*)
data={98.00969, 30.750114, 31.377603, 32.718497, 21.913249, 103.76317, 30.774331, 27.638911, 27.989928, 24.716938, 27.643366, 38.5864, 29.67543, 29.671507, 38.757048, 33.605431, 23.649785, 28.668295, 28.623419, 33.628389, 36.036415, 28.648659, 28.638121, 24.85709, 33.74322, 79.094047, 14.998023, 33.710268, 24.693853, 97.807468, 23.650708, 32.128581, 30.767415, 27.714631, 26.661202, 31.641231, 22.402223, 26.769224, 25.913914, 24.478929, 41.583772, 21.662789, 26.640943, 31.625473, 32.793813, 75.970597, 28.318343, 98.088795, 27.698575, 27.035365, 39.729204};