name="LSHADE-cnEpSin CEC17";
dim=100;
bound=0;
testID=12;
(*--------*)
min=2437.5049;
max=6245.6203;
median=4505.6236;
mean=4465.23208627451;
std=803.0014662597744;
(*--------*)
data={6245.6203, 3715.3954, 3646.0172, 5490.0665, 4299.107, 3576.1535, 4505.6236, 5200.4447, 4816.027, 4857.9586, 4403.259, 2437.5049, 4059.2014, 4787.4141, 4967.4787, 4923.9658, 4549.577, 4088.9446, 4099.5964, 3490.3012, 5141.9888, 4852.3537, 4949.1244, 6046.4332, 3286.165, 4843.9272, 5592.3573, 2759.2489, 4313.5551, 3657.7564, 5164.5328, 4114.9171, 4264.7864, 4794.3174, 4351.9376, 5388.8452, 4974.6275, 4009.979, 4081.9069, 3461.575, 4951.9911, 3557.1721, 5298.5046, 5061.5778, 4246.1097, 4760.0927, 5762.7931, 3479.649, 4185.9444, 4760.0567, 3452.9534};