name="LSHADE-cnEpSin CEC17";
dim=100;
bound=0;
testID=28;
(*--------*)
min=477.04673;
max=570.16998;
median=516.40563;
mean=510.34051725490195;
std=25.945686454166054;
(*--------*)
data={523.33379, 495.03347, 569.082, 494.87488, 477.3344, 518.97123, 477.32787, 515.1691, 519.83846, 491.51496, 491.69217, 523.39917, 564.38283, 515.93055, 516.77543, 495.35437, 477.10393, 566.64679, 477.43302, 495.19719, 520.55176, 519.32922, 519.80924, 565.6713, 477.20454, 515.5203, 501.98192, 570.16998, 521.9443, 519.09989, 523.82866, 479.19768, 477.10063, 477.21037, 515.06463, 524.55878, 519.84371, 516.63643, 520.39417, 519.66864, 491.52718, 519.48464, 516.40563, 520.211, 477.09565, 519.29898, 477.04673, 477.33194, 525.08939, 477.13902, 515.55446};