name="LSHADE-cnEpSin CEC17";
dim=100;
bound=1;
testID=29;
(*--------*)
min=1063.1537;
max=1664.1868;
median=1347.9432;
mean=1338.3329921568625;
std=127.55152079081432;
(*--------*)
data={1479.9658, 1469.8096, 1121.819, 1452.3185, 1464.8617, 1185.4189, 1122.1171, 1256.5646, 1283.7467, 1539.6605, 1664.1868, 1527.7138, 1263.3014, 1365.616, 1347.9432, 1388.8969, 1063.1537, 1287.8236, 1216.3993, 1311.2222, 1140.2819, 1122.0659, 1368.0628, 1401.2512, 1287.3538, 1401.1751, 1245.7293, 1415.7244, 1382.2897, 1363.0308, 1508.4963, 1313.3767, 1424.0609, 1316.6225, 1329.0268, 1360.1146, 1301.0493, 1171.693, 1346.9861, 1175.2055, 1155.99, 1534.1709, 1279.0538, 1278.7478, 1476.613, 1293.6148, 1434.4833, 1400.8413, 1392.7902, 1419.1318, 1403.4098};