name="LSHADE-cnEpSin CEC17";
dim=100;
bound=0;
testID=7;
(*--------*)
min=151.53001;
max=190.19952;
median=171.78674;
mean=172.41679607843128;
std=8.001641351915762;
(*--------*)
data={165.31149, 174.00131, 168.2342, 171.2242, 189.16195, 190.19952, 154.34672, 165.56586, 168.89039, 173.74767, 174.65486, 170.61106, 177.56668, 151.53001, 162.29394, 181.11237, 170.46868, 175.54019, 172.93373, 162.74365, 177.50171, 167.36984, 168.25866, 167.87696, 181.36245, 163.96603, 178.85868, 181.96541, 170.70398, 181.06835, 176.67785, 168.59739, 171.30685, 158.35802, 182.05468, 178.99565, 164.26479, 171.32082, 169.94431, 177.85707, 185.03589, 164.12461, 176.6127, 177.67099, 173.55116, 171.31359, 176.97271, 163.34353, 181.74668, 172.65002, 171.78674};