name="LSHADE-cnEpSin CEC17";
dim=100;
bound=4;
testID=26;
(*--------*)
min=2829.4918;
max=3735.3039;
median=3060.4468;
mean=3118.1571823529416;
std=167.87582686441036;
(*--------*)
data={3165.5793, 3198.1198, 3194.241, 2969.5892, 3047.2413, 3057.9173, 3086.9532, 3247.8118, 3034.1193, 3735.3039, 3000.148, 2971.8624, 2957.7496, 3144.4859, 3007.1268, 3029.9611, 2979.5074, 2901.3465, 2975.3492, 3460.436, 2829.4918, 3279.6704, 3252.7377, 3081.7905, 3256.7486, 3051.378, 3201.4167, 2954.3944, 3236.1925, 3198.5956, 3404.8991, 2897.5173, 3051.052, 3011.8714, 3295.6604, 3060.4468, 3223.4273, 3065.0434, 2969.0604, 3042.1624, 3051.826, 3038.1791, 2984.17, 3138.9545, 3083.7267, 3363.6043, 3340.014, 3054.63, 3288.9922, 3258.4175, 2895.0963};