name="LSHADE-cnEpSin CEC17";
dim=100;
bound=2;
testID=7;
(*--------*)
min=149.77288;
max=192.15818;
median=168.16351;
mean=169.13816803921566;
std=8.048939947410474;
(*--------*)
data={155.22804, 164.48055, 171.58052, 178.47053, 176.32163, 162.05366, 167.13086, 166.49255, 163.65674, 175.0899, 175.90389, 170.67133, 166.116, 164.47364, 157.11091, 171.52266, 192.15818, 177.53693, 155.25162, 165.77117, 163.40251, 167.67586, 176.44547, 183.30572, 155.54146, 166.5244, 168.30393, 167.99128, 162.1779, 176.22549, 169.91609, 185.21455, 173.58221, 164.4729, 172.80552, 169.32108, 174.61905, 149.77288, 158.59707, 171.62901, 160.8498, 168.16351, 166.73114, 177.26435, 167.22911, 166.84447, 179.18967, 166.67371, 172.27094, 172.30063, 173.98355};