name="LSHADE-cnEpSin CEC17";
dim=100;
bound=4;
testID=20;
(*--------*)
min=861.19065;
max=1520.7961;
median=1288.1712;
mean=1243.85864627451;
std=161.60770828893814;
(*--------*)
data={1429.0571, 1155.7687, 1290.5471, 1328.636, 1113.5297, 1137.465, 1056.424, 1326.7149, 1245.3892, 1316.2232, 981.42524, 1337.7399, 861.19065, 1260.6135, 1133.5955, 1407.2138, 1052.5545, 1152.4064, 1160.0722, 1339.7631, 1421.4083, 1288.1712, 1308.7559, 1225.2993, 1439.7956, 1365.9018, 1308.3836, 1297.1425, 1325.349, 1273.5406, 903.55876, 1321.0389, 1301., 1288.1104, 884.45901, 1466.1016, 1263.6324, 1124.043, 1002.5697, 1416.4679, 1291.1546, 1209.5091, 1453.1212, 1243.9943, 1204.0773, 1320.921, 1417.8545, 1520.7961, 885.5713, 1441.1814, 1137.551};