name="LSHADE-cnEpSin CEC17";
dim=100;
bound=4;
testID=22;
(*--------*)
min=9531.3625;
max=12318.136;
median=11158.076;
mean=11086.722715686275;
std=649.1082342222761;
(*--------*)
data={11314.401, 11002.233, 10926.262, 11088.191, 11613.154, 11191.896, 10724.236, 11363.506, 11315.337, 12318.136, 11017.844, 11816.772, 11801.217, 9835.7127, 10983.664, 10981.102, 11710.136, 10547.16, 10795.862, 11124.732, 11569.342, 11743.666, 11244.972, 11291.436, 11158.076, 11595.25, 9949.6206, 10156.922, 9531.3625, 11393.588, 12039.697, 11432.187, 11852.495, 9588.2577, 10417.742, 11039.346, 10962.482, 11935.593, 11588.285, 11413.189, 11757.832, 11721.402, 11081.7, 10689.106, 10789.499, 10034.455, 10325.845, 11784.704, 10183.197, 10496.289, 11183.767};