name="LSHADE-cnEpSin CEC17";
dim=100;
bound=5;
testID=23;
(*--------*)
min=560.17744;
max=621.35189;
median=603.95776;
mean=601.0898552941176;
std=13.857676173009583;
(*--------*)
data={605.58702, 590.74786, 573.59254, 599.608, 598.80508, 560.17744, 612.20616, 605.64354, 614.3369, 609.26342, 621.35189, 619.28628, 594.98023, 604.6537, 581.74144, 610.20473, 610.0826, 610.03616, 574.22782, 600.31331, 607.3483, 602.56995, 603.73384, 603.95776, 609.46702, 608.06862, 566.31574, 591.11222, 599.34943, 571.11505, 615.27785, 611.81278, 599.23505, 607.36871, 606.11173, 599.14314, 602.26935, 600.75003, 612.91672, 612.69528, 600.48438, 612.83479, 582.52498, 600.47306, 615.75641, 579.83403, 602.68716, 605.50345, 616.7, 603.34682, 607.97285};