name="LSHADE-cnEpSin CEC17";
dim=100;
bound=0;
testID=15;
(*--------*)
min=43.406241;
max=163.99691;
median=87.85644;
mean=92.93137325490197;
std=32.36574744929943;
(*--------*)
data={133.75814, 63.478524, 65.059953, 62.905437, 84.07797, 143.98008, 79.063336, 119.63133, 121.05993, 63.934123, 75.917086, 130.07294, 138.69657, 100.53414, 161.68811, 111.88986, 163.99691, 115.99736, 101.77072, 61.919789, 60.857207, 90.802029, 67.314269, 53.970425, 88.290051, 102.42708, 72.57029, 76.843269, 85.680355, 97.75724, 87.85644, 71.906058, 66.045593, 84.756344, 104.78126, 94.102841, 143.86176, 152.72526, 55.973568, 125.08801, 62.863939, 59.842161, 43.406241, 47.682627, 54.786186, 78.065847, 94.396409, 93.278279, 142.74001, 52.98111, 126.41557};