name="LSHADE-cnEpSin CEC17";
dim=100;
bound=3;
testID=14;
(*--------*)
min=26.561476;
max=44.560284;
median=35.024683;
mean=35.06635403921569;
std=4.660041365883269;
(*--------*)
data={41.683306, 33.773802, 32.337695, 35.463715, 42.799105, 44.560284, 34.235159, 39.491315, 32.18001, 31.62343, 37.702909, 34.701463, 33.673954, 28.246091, 40.662313, 36.044748, 31.382505, 39.286623, 28.126035, 41.090959, 34.214123, 30.986585, 29.903213, 29.160096, 33.36859, 41.259791, 30.184475, 36.157473, 38.588932, 26.561476, 27.833076, 34.564467, 28.199755, 35.124646, 35.807812, 36.545687, 39.145504, 28.925702, 29.236074, 41.040137, 41.525681, 29.057573, 34.298692, 35.024683, 40.14965, 42.912627, 35.067908, 35.720846, 39.043192, 35.114275, 34.595894};