name="LSHADE-cnEpSin CEC17";
dim=100;
bound=3;
testID=4;
(*--------*)
min=147.46044;
max=218.83531;
median=194.45562;
mean=190.62594392156862;
std=21.644512213824925;
(*--------*)
data={192.88369, 190.57317, 208.50271, 182.9992, 204.2991, 194.30994, 194.18861, 214.95274, 162.65242, 157.41977, 153.19027, 207.15573, 170.12992, 157.3984, 161.07556, 211.48591, 161.51827, 147.46044, 208.934, 211.04501, 210.73436, 191.52866, 205.60009, 193.91592, 205.57804, 194.45562, 208.12634, 209.43185, 163.83795, 191.9316, 207.13786, 193.02719, 154.92506, 213.66979, 209.37108, 210.08761, 153.83589, 195.22105, 204.26917, 217.98354, 168.61047, 162.97585, 218.83531, 211.7889, 204.42554, 202.12968, 165.64362, 206.2992, 157.6982, 205.81597, 190.85687};