name="LSHADE-cnEpSin CEC17";
dim=100;
bound=4;
testID=5;
(*--------*)
min=47.719449;
max=80.771101;
median=62.196444;
mean=62.26265647058824;
std=6.839915725758488;
(*--------*)
data={57.808991, 56.793954, 67.204287, 62.220632, 56.259805, 70.81665, 56.427139, 53.222805, 69.463333, 62.963385, 58.177634, 61.062876, 68.51439, 74.329957, 69.280195, 49.671317, 64.244656, 53.946987, 62.828748, 61.320779, 63.8591, 80.771101, 74.319196, 64.004964, 60.718578, 64.262331, 66.263911, 57.360105, 59.574017, 63.981353, 47.719449, 55.707019, 50.76605, 64.400246, 69.745506, 65.462636, 69.714951, 62.196444, 55.868721, 63.679048, 58.35662, 57.634473, 66.555832, 61.304337, 62.018116, 62.780022, 57.72889, 77.278423, 60.094899, 61.915341, 52.795281};