name="LSHADE-cnEpSin CEC17";
dim=100;
bound=4;
testID=8;
(*--------*)
min=49.84611;
max=79.45884;
median=63.238393;
mean=62.59431925490197;
std=7.0957949741259565;
(*--------*)
data={54.610153, 64.164811, 68.967682, 53.329953, 51.784577, 67.551179, 64.939711, 75.355499, 70.116015, 54.667373, 63.065163, 51.599242, 66.2028, 56.402889, 56.553367, 63.883115, 55.300682, 62.490609, 67.912532, 65.640426, 63.238393, 59.793269, 61.754095, 56.510937, 60.262943, 63.918024, 67.646868, 50.213914, 50.810429, 72.465512, 68.684128, 68.709567, 65.101006, 60.519985, 61.043503, 61.134624, 67.012063, 68.460426, 53.841471, 68.866568, 52.363, 64.437951, 71.871618, 68.200443, 56.490123, 79.45884, 72.641776, 61.817332, 69.815074, 60.842512, 49.84611};