name="LSHADE-cnEpSin CEC17";
dim=100;
bound=5;
testID=15;
(*--------*)
min=46.713458;
max=185.53524;
median=83.019972;
mean=93.74062501960788;
std=37.424912414220195;
(*--------*)
data={76.88534, 70.885632, 167.70376, 57.383704, 82.855431, 73.512759, 170.7499, 98.868513, 64.967089, 112.44834, 48.659944, 185.53524, 84.359504, 152.95182, 50.297302, 46.713458, 131.99121, 92.725533, 47.926862, 72.986069, 69.793038, 71.732883, 97.330524, 85.80333, 55.97848, 56.269517, 125.28271, 158.69192, 67.980745, 67.833846, 49.407971, 91.337123, 81.063834, 108.90172, 63.176597, 58.562891, 120.29372, 83.019972, 51.916122, 100.79264, 90.117633, 129.34608, 86.767901, 127.94432, 82.071287, 99.728809, 164.38053, 135.32453, 73.907127, 162.62778, 72.978886};