name="LSHADE-cnEpSin CEC17";
dim=100;
bound=2;
testID=15;
(*--------*)
min=30.071669;
max=163.32971;
median=66.895627;
mean=79.09402796078432;
std=31.953048783209113;
(*--------*)
data={125.68363, 61.110829, 72.002378, 51.466873, 48.600312, 121.16929, 66.895627, 75.895083, 63.532312, 63.651373, 45.883605, 52.815839, 51.646917, 46.521225, 75.898966, 118.81876, 130.99979, 59.241773, 64.945472, 63.050823, 63.892067, 144.07266, 60.263529, 64.732321, 97.370916, 127.86856, 69.184608, 81.834109, 160.38841, 127.54688, 96.240593, 163.32971, 63.527336, 69.379008, 67.884529, 54.200776, 61.233322, 79.794894, 30.071669, 58.878471, 56.008115, 79.117749, 59.6334, 115.14613, 44.74406, 87.542466, 126.64868, 47.96232, 84.550135, 74.7633, 56.153826};