name="LSHADE-cnEpSin CEC17";
dim=100;
bound=0;
testID=10;
(*--------*)
min=9480.8156;
max=12007.402;
median=11089.678;
mean=11002.260094117648;
std=567.29215194824;
(*--------*)
data={11261.25, 11089.793, 11743.428, 11721.076, 11037.136, 11026.189, 10572.966, 11444.094, 11262.655, 11322.196, 10933.081, 11796.603, 10915.496, 11277.754, 9761.9615, 10754.701, 11703.766, 11177.686, 10198.654, 9480.8156, 10461.496, 10553.335, 11089.678, 11493.022, 10621.029, 11029.347, 11212.919, 10836.86, 10083.211, 11334.662, 10957.445, 11725.248, 11106.489, 10230.276, 10957.43, 11683.823, 11780.197, 10372.626, 11080.643, 11343.184, 10670.144, 10773.742, 10224.528, 9847.7297, 11111.879, 11260.897, 11597.236, 12007.402, 10549.115, 11387.263, 11251.108};