name="LSHADE-cnEpSin CEC17";
dim=100;
bound=0;
testID=16;
(*--------*)
min=809.28241;
max=1804.5894;
median=1438.3906;
mean=1407.488989411765;
std=247.3079401542593;
(*--------*)
data={1783.7031, 1287.538, 1607.1316, 1749.3237, 1668.2904, 1556.8637, 1139.6519, 1409.5784, 1538.6368, 1635.0811, 1804.5894, 1280.0234, 1350.8908, 1769.9452, 1438.3906, 1483.2032, 1430.6836, 1441.6346, 995.25754, 1535.6825, 1447.0021, 984.22658, 1579.1171, 1258.4482, 1623.2966, 1241.7733, 1222.8061, 1454.5535, 1365.1514, 1209.2427, 1023.9585, 1203.8601, 1130.5335, 1586.7306, 1750.2407, 809.28241, 1726.4177, 1725.5499, 990.26093, 1790.2333, 1548.5248, 1420.387, 1318.6986, 1244.8869, 1000.5345, 1497.7431, 1495.8492, 1131.9584, 1460.0559, 1308.0757, 1326.4396};