name="LSHADE-cnEpSin CEC17";
dim=100;
bound=0;
testID=13;
(*--------*)
min=47.991166;
max=196.19363;
median=101.57724;
mean=108.611115745098;
std=35.626694421630184;
(*--------*)
data={142.69045, 60.586531, 194.01409, 130.57337, 90.268031, 74.293795, 81.385895, 69.622995, 160.55611, 130.07823, 152.40489, 111.00524, 151.90286, 47.991166, 89.088262, 87.239888, 58.37148, 136.69651, 196.19363, 79.396534, 82.579179, 131.24187, 134.36568, 130.90953, 66.524125, 104.49732, 168.82544, 115.17133, 139.4955, 133.69109, 70.885371, 101.57724, 135.18589, 110.60713, 69.193458, 99.996898, 90.812863, 127.76055, 97.594149, 94.565902, 156.19528, 64.081398, 81.216509, 142.64922, 89.778319, 75.727893, 124.25617, 96.450396, 75.554311, 66.359895, 117.05704};