name="LSHADE-cnEpSin CEC17";
dim=100;
bound=5;
testID=5;
(*--------*)
min=35.397628;
max=99.887634;
median=62.776926;
mean=62.88120262745098;
std=9.678559651985585;
(*--------*)
data={61.370136, 69.508137, 67.367144, 68.300549, 76.016461, 62.217578, 61.948115, 54.943996, 69.185245, 68.994606, 56.148754, 68.792687, 73.162823, 61.881092, 67.66055, 47.022076, 48.43192, 35.397628, 76.657072, 67.424442, 66.655882, 64.750403, 59.847364, 66.399297, 64.398145, 64.461536, 65.881303, 59.863172, 78.396372, 56.681691, 61.66509, 61.601265, 67.311591, 62.071713, 71.091791, 64.770806, 62.776926, 58.434369, 51.005606, 54.910507, 51.760725, 61.273084, 61.018427, 55.756776, 65.365271, 99.887634, 63.276973, 45.435955, 66.175502, 54.04529, 57.539857};