name="LSHADE-cnEpSin CEC17";
dim=100;
bound=1;
testID=2;
(*--------*)
min=2.;
max=1.5243859*^15;
median=48766.;
mean=2.990779703025847*^13;
std=2.134542011457666*^14;
(*--------*)
data={2805., 7.8774074*^7, 112., 8.4728862*^11, 3.3497116*^9, 1.1811117*^7, 50377., 182., 2., 17., 1.384149*^8, 14., 3.880309*^8, 1.3421908*^8, 169., 7., 179159., 4826., 7.232995*^6, 272., 118., 171., 2.0650644*^8, 80264., 3., 38787., 902489., 4.1863159*^9, 6.7129*^7, 464721., 7.948331*^7, 1.7248594*^10, 3.3554539*^7, 48766., 164049., 3.8456472*^10, 206., 121., 177., 59., 4.202292*^6, 11725., 20061., 11., 72532., 410., 1.5243859*^15, 8., 6.7423929*^7, 175., 4311.};