name="LSHADE-cnEpSin CEC17";
dim=100;
bound=4;
testID=13;
(*--------*)
min=51.927296;
max=244.61952;
median=100.70176;
mean=110.91489545098037;
std=39.716636616349284;
(*--------*)
data={165.1579, 95.591012, 147.0134, 51.927296, 52.654529, 71.711793, 141.67963, 79.410597, 63.430311, 83.847925, 198.51959, 122.81148, 84.566167, 70.85971, 93.344155, 129.5931, 131.4277, 183.36447, 98.137084, 97.376053, 101.57924, 62.790092, 120.55658, 78.8174, 100.35323, 156.08102, 131.69647, 109.21749, 147.02175, 80.669434, 156.22871, 150.77996, 73.487008, 98.78582, 92.915263, 140.37421, 63.225966, 100.70176, 75.40501, 153.13493, 104.39916, 114.28317, 244.61952, 133.5245, 127.72378, 79.869065, 86.220304, 74.606956, 77.015468, 147.83534, 110.31716};