name="LSHADE-cnEpSin CEC17";
dim=100;
bound=1;
testID=10;
(*--------*)
min=9649.9796;
max=12095.879;
median=11228.475;
mean=11144.395166666667;
std=608.8421187846576;
(*--------*)
data={10185.119, 10130.875, 11049.672, 10698.529, 11384.893, 11154.143, 11698.452, 10576.201, 11452.298, 10808.124, 10923.047, 11193.909, 11218.478, 10899.214, 11228.475, 11242.413, 11053.19, 10239.449, 11906.469, 11656.155, 11593.509, 10703.752, 12044.827, 11240.946, 11279.767, 10692.507, 11865.835, 11659.246, 11507.468, 10651.242, 10535.036, 9649.9796, 11597.695, 11623.53, 11786.189, 11824.407, 11006.966, 11397.385, 10728.442, 10394.686, 11947.051, 10658.631, 11898.365, 11442.631, 9725.5659, 10856.002, 11825.343, 11761.743, 11457.209, 12095.879, 10213.214};