name="LSHADE-cnEpSin CEC17";
dim=100;
bound=2;
testID=29;
(*--------*)
min=906.5073;
max=1452.0988;
median=1198.721;
mean=1192.7971884313727;
std=139.0093277206911;
(*--------*)
data={1286.0411, 1265.8266, 1080.1995, 1252.62, 1316.2911, 1165.8968, 1302.7063, 1274.777, 1100.416, 980.72731, 1164.2165, 1205.3637, 1118.1003, 1132.8082, 1220.0424, 1055.7356, 1307.0637, 1207.6161, 1421.0095, 1063.1824, 1058.1599, 1025.7357, 1149.8603, 1452.0988, 913.18823, 1199.5952, 1198.721, 1370.9656, 1307.8569, 1268.1773, 1161.4014, 1022.8945, 1409.3996, 1231.8138, 1278.7868, 1166.8948, 1069.1512, 1407.3367, 1144.3779, 1334.8303, 1418.777, 1289.6891, 1144.5067, 1289.3197, 1060.3031, 906.5073, 999.70468, 1173.564, 1392.2313, 1136.7009, 929.46679};