name="LSHADE-cnEpSin CEC17";
dim=100;
bound=3;
testID=10;
(*--------*)
min=10573.497;
max=12524.51;
median=11816.86;
mean=11693.271666666666;
std=524.0934230116867;
(*--------*)
data={11151.301, 12126.427, 12304.825, 11591.818, 11132.941, 10671.027, 11169.031, 10618.562, 12207.498, 12017.087, 10851.21, 10817.812, 12167.8, 11561.734, 12120.129, 11582.268, 12328.5, 11650.61, 11860.328, 12152.34, 11481.641, 11619.503, 12157.237, 12304.25, 11071.687, 11896.036, 11763.026, 11562.466, 11557.774, 12153.746, 12524.51, 11577.242, 11816.86, 12083.044, 12115.108, 11993.174, 11941.858, 11167.094, 11987.613, 12125.251, 12239.885, 12080.935, 12122.566, 12125.266, 10573.497, 11658.572, 11736.035, 10695.1, 11305.548, 10823.183, 12013.9};