name="LSHADE-cnEpSin CEC17";
dim=100;
bound=4;
testID=29;
(*--------*)
min=896.94574;
max=1609.3858;
median=1218.5886;
mean=1245.4060584313727;
std=144.29154847141945;
(*--------*)
data={1206.3661, 1210.7003, 1420.5837, 1157.1271, 1093.2575, 1115.6244, 1187.4044, 1064.4596, 1361.3911, 1355.3123, 1500.4351, 1209.5739, 1218.5886, 896.94574, 1502.3252, 1381.3336, 1415.9036, 1159.2867, 1126.5616, 1213.0848, 1312.2014, 1396.0663, 1333.9677, 1031.8377, 1305.1073, 1150.8433, 1339.8732, 1213.3676, 1237.622, 1412.5777, 1203.4843, 1422.2742, 1252.5286, 991.49484, 1444.1748, 1300.273, 1318.4016, 1220.9708, 1151.3346, 1120.5058, 1099.2012, 1390.4914, 1194.1936, 1127.7437, 1075.9654, 1273.0264, 1334.3521, 1183.0265, 1048.0166, 1609.3858, 1225.1342};