name="LSHADE-cnEpSin CEC17";
dim=100;
bound=3;
testID=26;
(*--------*)
min=2628.9053;
max=3027.0936;
median=2834.1124;
mean=2831.3175392156863;
std=82.33781822714779;
(*--------*)
data={2899.0919, 2814.1984, 2743.0411, 2692.8989, 3027.0936, 2884.8218, 2839.8019, 2935.5171, 2913.8192, 2888.9239, 2758.5021, 2880.8413, 2970.2614, 2814.2296, 2837.6982, 2927.4852, 2758.9714, 2756.3104, 2902.6437, 2851.2212, 2853.1346, 2846.5596, 2746.9933, 2832.5459, 2781.1107, 2762.863, 2795.8503, 2998.2679, 2692.99, 2763.8953, 2864.6588, 2826.7965, 2728.9279, 2827.2913, 2821.235, 2809.507, 2802.5843, 2848.1649, 2743.4551, 2679.0117, 2915.5417, 2901.8869, 2897.0891, 2628.9053, 2836.0482, 2761.9733, 2899.4716, 2943.5537, 2841.0427, 2834.1124, 2814.3542};