name="LSHADE-cnEpSin CEC17";
dim=100;
bound=4;
testID=23;
(*--------*)
min=571.18407;
max=618.64152;
median=604.95388;
mean=603.7147550980393;
std=9.485851555548905;
(*--------*)
data={604.86618, 605.87949, 608.95738, 611.85877, 596.86116, 599.01428, 604.68607, 596.82132, 604.81261, 612.98791, 606.94583, 607.27068, 611.52662, 610.40675, 585.09306, 611.15637, 593.78662, 608.7549, 601.62002, 602.81202, 598.69683, 609.02465, 608.03206, 590.62794, 607.26258, 618.64152, 603.24023, 616.63907, 589.52947, 603.30904, 606.76625, 615.03746, 610.6431, 588.86515, 591.79173, 615.38588, 571.18407, 617.08982, 592.08235, 604.95388, 597.74113, 615.29565, 598.13024, 593.77076, 613.27061, 601.06022, 608.20241, 599.2055, 611.86584, 610.81807, 595.17096};