name="LSHADE-cnEpSin CEC17";
dim=100;
bound=1;
testID=19;
(*--------*)
min=43.849573;
max=73.8801;
median=53.397161;
mean=53.76927529411762;
std=5.574223563751027;
(*--------*)
data={63.254629, 43.849573, 47.050508, 49.206941, 46.543538, 52.594998, 55.358465, 62.819361, 50.537955, 51.371754, 49.914397, 54.15222, 63.382885, 56.28721, 51.047668, 52.897257, 55.971946, 58.681027, 51.526867, 54.326077, 49.784467, 48.198872, 53.594954, 56.554511, 57.338557, 57.136683, 56.583074, 57.207216, 44.38902, 52.863419, 47.818944, 59.394076, 57.631375, 61.52606, 55.254337, 58.016974, 53.094551, 55.894634, 48.225877, 53.397161, 57.710898, 51.160334, 73.8801, 45.003561, 50.175763, 47.63512, 48.184927, 56.19456, 53.311671, 53.960432, 50.335636};