name="LSHADE-cnEpSin CEC17";
dim=100;
bound=3;
testID=25;
(*--------*)
min=627.39927;
max=759.9397;
median=691.30048;
mean=682.4479576470592;
std=39.442578304495335;
(*--------*)
data={752.13933, 633.12836, 713.2036, 633.57855, 634.69908, 632.71826, 628.42054, 631.86015, 697.69162, 655.13777, 693.65025, 685.66617, 636.47131, 685.66666, 633.78923, 687.25416, 691.96121, 628.05742, 692.58217, 690.85698, 752.79176, 689.85947, 689.65815, 756.26309, 701.63524, 697.19105, 627.39927, 634.23338, 711.3224, 691.30048, 692.34241, 633.94718, 690.10612, 758.92328, 700.29088, 697.31451, 633.71239, 692.25279, 629.50671, 712.27766, 695.90401, 693.50701, 635.07298, 656.07562, 759.9397, 687.16772, 695.71386, 692.32195, 712.22137, 691.89611, 754.16447};