name="LSHADE-cnEpSin CEC17";
dim=100;
bound=5;
testID=11;
(*--------*)
min=19.180205;
max=240.69602;
median=37.580264;
mean=59.07589372549019;
std=48.68379159822158;
(*--------*)
data={45.051286, 37.593252, 34.400204, 44.527986, 42.963181, 39.556381, 40.495673, 32.647979, 90.385232, 37.580264, 36.649387, 33.246825, 34.46856, 42.196901, 110.87476, 174.14293, 101.34744, 33.694199, 90.282207, 35.591432, 85.186403, 111.69138, 22.749473, 103.9679, 25.841565, 101.85762, 45.633623, 29.59986, 30.638402, 240.69602, 235.41705, 35.582878, 28.264607, 35.582244, 19.180205, 89.020523, 33.893139, 31.66903, 27.736163, 30.791437, 42.573049, 29.736957, 42.578167, 24.801944, 95.793385, 36.582623, 37.569728, 99.984345, 27.631744, 34.361404, 38.561633};