name="LSHADE-cnEpSin CEC17";
dim=100;
bound=0;
testID=20;
(*--------*)
min=948.79187;
max=1570.4257;
median=1308.1372;
mean=1291.2752719607847;
std=149.184339484713;
(*--------*)
data={1279.0484, 1462.7836, 1049.6324, 1288.7548, 1089.1876, 1461.4223, 1450.3223, 1404.9959, 1120.671, 1384.2773, 1303.3674, 1113.6831, 1421.7781, 1371.2607, 1491.0598, 1451.3454, 1291.7476, 1450.7172, 1128.6085, 1231.3798, 1347.8852, 1096.9192, 1163.9002, 1534.2612, 1230.5367, 1331.6636, 1127.9829, 1356.7629, 1380.1148, 1151.8043, 1310.7997, 1308.1372, 1362.7415, 1154.0533, 1324.497, 1512.0684, 1378.6957, 1481.534, 1179.3591, 1408.1973, 948.79187, 1275.4579, 1400.4826, 1439.9079, 1147.0726, 1116.3871, 1570.4257, 1097.6167, 1093.5952, 1195.097, 1182.2469};