name="LSHADE-cnEpSin CEC17";
dim=100;
bound=5;
testID=28;
(*--------*)
min=477.09766;
max=524.30148;
median=515.95591;
mean=507.3111074509804;
std=15.661567030949591;
(*--------*)
data={519.42622, 520.33126, 519.23857, 517.83871, 520.04209, 519.31219, 515.45026, 517.96561, 516.72196, 494.90923, 518.04014, 519.40099, 477.19484, 516.65295, 515.16765, 495.41288, 502.50634, 517.11713, 477.3113, 495.47532, 516.4427, 495.34393, 495.10593, 517.8091, 477.26131, 520.39, 521.30008, 524.26401, 515.61059, 496.21781, 494.78916, 515.95591, 477.3529, 491.42643, 524.30148, 495.09657, 518.9816, 515.49073, 515.96692, 520.00976, 514.97644, 477.09766, 477.21859, 491.56387, 519.48686, 519.7348, 477.37374, 520.0708, 515.11541, 520.18567, 495.41008};