name="LSHADE-cnEpSin CEC17";
dim=100;
bound=3;
testID=12;
(*--------*)
min=2845.3466;
max=6760.6181;
median=4257.6062;
mean=4487.38254117647;
std=909.216760121984;
(*--------*)
data={4416.0131, 3857.1456, 3645.1241, 3995.9386, 4657.6587, 4005.9047, 3925.9841, 6715.6469, 4335.2248, 3624.3159, 6760.6181, 5798.7722, 3727.7643, 5528.3196, 4160.2934, 4640.1964, 2845.3466, 4939.0425, 3646.9098, 5314.0819, 3672.5355, 5038.7161, 3913.8805, 4312.3967, 4721.6817, 5046.0677, 4426.2701, 3493.7546, 3641.7859, 4795.7332, 5013.5771, 6619.4086, 3065.5698, 3785.3224, 3988.9719, 3972.7319, 5630.3074, 4220.6623, 4256.7792, 4362.911, 3934.1529, 4257.6062, 5201.7244, 3669.1248, 4112.5089, 3679.3351, 4959.1315, 4179.4304, 6496.9959, 4274.5123, 5572.6223};