name="LSHADE-cnEpSin CEC17";
dim=100;
bound=4;
testID=14;
(*--------*)
min=34.953848;
max=68.628346;
median=48.148035;
mean=48.72741507843138;
std=6.750056747393135;
(*--------*)
data={48.893003, 51.254658, 49.959213, 50.022701, 52.041992, 62.821601, 52.86382, 45.096913, 47.401536, 68.628346, 48.022501, 48.148035, 42.050748, 42.917593, 49.435347, 55.91643, 37.164415, 47.118544, 45.985863, 52.948549, 39.983345, 55.326609, 53.954253, 46.907276, 46.143688, 57.912939, 46.256198, 41.251467, 62.36546, 52.621389, 50.924865, 40.158031, 36.424815, 48.973415, 47.979146, 54.204696, 43.972511, 40.22015, 50.950366, 52.803791, 58.317224, 48.045408, 48.0328, 39.989562, 44.964869, 51.886931, 52.266887, 51.144202, 42.169898, 45.300322, 34.953848};