name="LSHADE-cnEpSin CEC17";
dim=100;
bound=4;
testID=25;
(*--------*)
min=636.9445;
max=765.78961;
median=697.74308;
mean=689.4338325490197;
std=38.38020791533558;
(*--------*)
data={704.36234, 637.35815, 761.31835, 697.64448, 637.14514, 761.41958, 702.69663, 697.62636, 702.57967, 761.52572, 704.20746, 697.46617, 637.66635, 637.05407, 704.72269, 637.11363, 697.68676, 704.2333, 720.87652, 704.25566, 697.74308, 697.61483, 704.49295, 761.37878, 720.84334, 697.55594, 637.04276, 704.48668, 704.204, 697.56247, 637.01387, 704.36698, 704.17019, 704.27654, 704.20789, 636.9445, 697.46045, 704.30909, 637.5468, 702.56086, 637.208, 704.18885, 637.0667, 697.60865, 637.02712, 697.55331, 704.33332, 641.21314, 637.05795, 637.33778, 765.78961};