name="LSHADE-cnEpSin CEC17";
dim=100;
bound=2;
testID=23;
(*--------*)
min=561.37829;
max=618.36828;
median=582.12474;
mean=585.1614907843137;
std=12.050427463179535;
(*--------*)
data={579.5161, 583.46172, 580.62033, 571.25763, 588.20022, 565.79874, 596.16607, 596.36248, 588.20482, 591.47538, 599.56622, 594.30651, 583.67522, 586.801, 613.225, 581.7396, 571.03918, 579.45541, 600.90173, 576.1114, 582.85174, 585.06925, 598.26396, 584.83191, 589.71307, 575.51666, 585.22055, 574.66027, 581.00237, 576.94126, 602.0412, 576.71118, 586.81266, 561.37829, 577.59298, 613.23541, 581.69545, 589.06033, 618.36828, 582.12474, 578.42231, 576.93485, 581.5568, 579.36464, 567.91493, 609.57901, 580.82977, 581.0136, 577.1107, 573.95565, 585.57745};