name="LSHADE-cnEpSin CEC17";
dim=100;
bound=5;
testID=30;
(*--------*)
min=2078.0632;
max=2919.3125;
median=2318.4378;
mean=2377.0138176470596;
std=189.58473500138524;
(*--------*)
data={2701.2938, 2494.4237, 2150.3154, 2728.5229, 2273.5095, 2200.7707, 2401.1715, 2289.926, 2242.1895, 2255.1063, 2415.9925, 2423.3506, 2121.5498, 2504.2847, 2293.2905, 2148.1142, 2518.1972, 2255.4942, 2686.5348, 2919.3125, 2537.2392, 2258.4913, 2461.306, 2185.8409, 2330.7789, 2298.846, 2137.4737, 2209.0158, 2221.6211, 2424.245, 2634.735, 2546.7678, 2319.1374, 2314.0151, 2230.4896, 2272.7429, 2704.2409, 2722.579, 2294.2673, 2318.4378, 2150.2247, 2317.7806, 2300.9887, 2388.9767, 2362.7049, 2630.8025, 2078.0632, 2436.8796, 2177.493, 2450.9578, 2487.212};