name="LSHADE-cnEpSin CEC17";
dim=100;
bound=4;
testID=28;
(*--------*)
min=478.05163;
max=575.41665;
median=518.28107;
mean=515.3742260784315;
std=20.700476027230884;
(*--------*)
data={523.41861, 496.85571, 523.22853, 518.25926, 496.48269, 518.43817, 571.32001, 523.11211, 523.30187, 496.72396, 518.0197, 523.32715, 478.05163, 516.46299, 521.29657, 479.88864, 522.66574, 525.86117, 519.94011, 518.24197, 518.17602, 496.92189, 496.85605, 518.28107, 523.08384, 478.06574, 515.87585, 496.79975, 574.97766, 523.23189, 518.01808, 528.34172, 496.79472, 575.41665, 496.94766, 523.24077, 478.0999, 518.05434, 518.167, 518.53673, 523.80273, 518.31661, 478.07309, 517.99908, 522.25873, 523.18219, 518.10656, 496.7929, 519.89228, 518.54807, 518.32937};