name="LSHADE-cnEpSin CEC17";
dim=100;
bound=4;
testID=7;
(*--------*)
min=148.90242;
max=187.0092;
median=166.64149;
mean=167.24440882352943;
std=8.50119846152309;
(*--------*)
data={163.62141, 172.52234, 164.75486, 166.64149, 158.80188, 176.06022, 179.07612, 154.88113, 167.12155, 157.92408, 160.85999, 173.24564, 180.2603, 162.80007, 171.48815, 160.68104, 171.93316, 171.33435, 162.29381, 157.04853, 176.60307, 151.63324, 182.82539, 177.5165, 187.0092, 175.22504, 166.38596, 160.37245, 156.24414, 167.27244, 172.59506, 156.64405, 171.17914, 169.12959, 177.91078, 166.40445, 170.55556, 165.033, 176.46541, 163.68311, 167.47546, 160.31132, 160.77763, 157.00414, 172.76387, 163.72754, 170.17962, 181.43794, 148.90242, 161.73722, 161.10999};