name="LSHADE-cnEpSin CEC17";
dim=100;
bound=3;
testID=30;
(*--------*)
min=1908.2017;
max=2451.721;
median=2197.2833;
mean=2172.25491372549;
std=108.93519408811464;
(*--------*)
data={2248.233, 1945.6494, 2241.1956, 2333.7721, 2130.0642, 2175.1797, 2074.1802, 2100.9935, 2232.478, 2194.4312, 2010.7011, 2080.933, 2159.4508, 2236.9229, 2051.2581, 2253.1044, 2306.952, 2135.5436, 2202.7387, 2217.2754, 2109.8043, 2145.4153, 2233.502, 2259.171, 2023.816, 2255.9556, 2161.4599, 2451.721, 2149.6155, 1977.5412, 2197.2833, 2252.4371, 2157.5365, 2212.9794, 2229.9485, 2021.2783, 2219.3299, 2307.2239, 2234.3489, 2170.9995, 2250.551, 2244.5043, 2264.0069, 1908.4077, 2282.7858, 2186.3568, 2126.2152, 2213.5037, 1908.2017, 2099.074, 2198.9695};