name="LSHADE-cnEpSin CEC17";
dim=100;
bound=5;
testID=6;
(*--------*)
min=0.000025469703;
max=0.000090948567;
median=0.000057188815;
mean=0.00005782353221568627;
std=0.000015339273026573304;
(*--------*)
data={0.000061446676, 0.000047743028, 0.000058397558, 0.000072664052, 0.000044604086, 0.000073140377, 0.000041354404, 0.000057188815, 0.000072467486, 0.00008742626, 0.000031677537, 0.000041694914, 0.000043948915, 0.000055735309, 0.000063263264, 0.000077072395, 0.000063824037, 0.000069076636, 0.000050058956, 0.000047007272, 0.00006373895, 0.000055679996, 0.000083419432, 0.000071662028, 0.000049720126, 0.000038539013, 0.000090948567, 0.000049829807, 0.000035389092, 0.000058778403, 0.000032579459, 0.000046012126, 0.000050422646, 0.000044283845, 0.000025469703, 0.000049370323, 0.000067162631, 0.000058753852, 0.000062806773, 0.000058835302, 0.000077213583, 0.000059894996, 0.000081155761, 0.000045670816, 0.000074325683, 0.000056407525, 0.0000480046, 0.00004764763, 0.000089273356, 0.000059662901, 0.000056549241};