name="LSHADE-cnEpSin CEC17";
dim=100;
bound=2;
testID=16;
(*--------*)
min=1102.8377;
max=1983.9471;
median=1616.0963;
mean=1608.2079058823535;
std=198.01910097469224;
(*--------*)
data={1696.5998, 1814.7106, 1410.2779, 1305.6199, 1598.4611, 1434.9864, 1824.7474, 1739.4738, 1956.7307, 1679.3689, 1745.7916, 1847.7268, 1421.066, 1618.8967, 1632.6778, 1148.2246, 1517.0035, 1660.8721, 1441.7513, 1781.1963, 1571.5609, 1813.0038, 1755.3496, 1444.1311, 1544.2553, 1591.6299, 1705.8556, 1826.8319, 1348.8529, 1616.0963, 1641.8236, 1934.6361, 1428.827, 1983.9471, 1647.8095, 1622.2923, 1496.8236, 1569.294, 1334.2391, 1745.7375, 1567.5663, 1522.21, 1927.6832, 1363.8453, 1864.296, 1547.8864, 1102.8377, 1481.3288, 1711.6549, 1428.1392, 1601.9751};