name="LSHADE-cnEpSin CEC17";
dim=100;
bound=3;
testID=8;
(*--------*)
min=51.762017;
max=76.166785;
median=64.966393;
mean=64.72727301960785;
std=5.465358727501428;
(*--------*)
data={68.382757, 67.643153, 63.791621, 66.612318, 68.274103, 63.470925, 67.835314, 51.762017, 64.142016, 63.967936, 69.588711, 55.402678, 58.455091, 70.924134, 64.841918, 60.444101, 68.55358, 72.814384, 67.2181, 60.963843, 61.230446, 76.166785, 60.9004, 65.0766, 55.630928, 67.245852, 67.838271, 64.529037, 64.966393, 73.196205, 52.531214, 60.424108, 67.727351, 64.924158, 69.053911, 68.984413, 56.321088, 61.892067, 69.086404, 69.360339, 64.960724, 63.282237, 60.415557, 72.995668, 68.149355, 56.400403, 68.992699, 55.198417, 67.65204, 68.420986, 62.448168};