name="LSHADE-cnEpSin CEC17";
dim=100;
bound=0;
testID=17;
(*--------*)
min=347.39723;
max=1461.9803;
median=1085.1673;
mean=1067.9513780392153;
std=206.2598276036546;
(*--------*)
data={1065.8192, 1018.2136, 1271.4179, 969.13889, 1046.71, 1424.7525, 1056.1159, 1177.7291, 1107.4233, 826.27351, 837.32706, 825.59689, 1227.8328, 1307.9934, 1042.1515, 347.39723, 1085.1673, 972.52987, 861.87719, 1219.8032, 1148.7953, 1136.6878, 1353.3792, 1194.1223, 922.19647, 983.67184, 1236.5087, 681.90318, 1046.9392, 1153.1641, 1261.6129, 1089.2691, 1234.0073, 1270.2475, 1051.8371, 1145.9412, 1153.0452, 1243.4555, 859.0443, 1098.5977, 1461.9803, 1333.2654, 685.081, 1208.4811, 993.91494, 893.77611, 885.15944, 825.95046, 1243.8231, 1028.0245, 950.3677};