name="LSHADE-cnEpSin CEC17";
dim=100;
bound=1;
testID=26;
(*--------*)
min=2915.35;
max=3492.6375;
median=3265.22;
mean=3240.4395647058827;
std=151.1893510804221;
(*--------*)
data={3492.6375, 3279.2078, 3179.098, 3216.0646, 3032.9699, 3479.0895, 2972.1281, 3478.168, 3379.4613, 3329.299, 3291.5101, 3368.274, 3394.4472, 2995.9433, 3289.314, 3327.4755, 3343.3836, 2952.4626, 3076.4322, 3244.5941, 2915.35, 3070.4988, 3229.3486, 3105.8895, 3038.447, 3047.3459, 3352.2735, 3046.6272, 3291.3398, 3208.5848, 3102.9479, 3036.3887, 3402.2895, 3379.7482, 3384.7651, 3100.8822, 3103.0616, 3349.3126, 3262.5076, 3368.8993, 3241.0886, 3228.0408, 3395.7482, 3224.8837, 3265.721, 3224.5022, 3306.3481, 3367.3391, 3427.5241, 3397.5339, 3265.22};