name="LSHADE-cnEpSin CEC17";
dim=100;
bound=5;
testID=17;
(*--------*)
min=500.15305;
max=1389.0544;
median=1046.2876;
mean=1048.7347388235294;
std=218.92282526119817;
(*--------*)
data={933.47821, 1283.0785, 935.52106, 1172.3762, 878.64885, 1370.8874, 1005.3999, 1270.045, 1087.2083, 1080.5108, 516.55475, 1266.4635, 582.31665, 1357.4522, 1058.2302, 1178.5405, 1001.0535, 1277.508, 1007.0586, 1008.3916, 960.15024, 1203.3028, 1276.8821, 1310.3421, 795.07606, 995.10903, 890.40884, 1005.1212, 822.32796, 1103.3145, 866.30655, 730.07111, 1064.7817, 1389.0544, 889.84692, 919.27684, 1228.7192, 1046.3786, 1312.5251, 1330.1627, 1046.2876, 1305.0186, 971.92415, 1207.0565, 658.78406, 1035.0424, 500.15305, 937.60677, 995.27998, 1162.8526, 1255.5843};