name="LSHADE-cnEpSin CEC17";
dim=100;
bound=4;
testID=17;
(*--------*)
min=724.83407;
max=1426.0666;
median=1122.1371;
mean=1103.6174992156866;
std=160.57093596130287;
(*--------*)
data={1289.5752, 1112.5347, 1055.9187, 1155.4303, 1047.1147, 1289.6348, 1063.352, 1316.5509, 910.77555, 993.96047, 918.98608, 1280.0046, 1240.9405, 1068.8097, 1007.483, 1229.5114, 1094.193, 1161.1182, 724.83407, 923.0166, 1312.2367, 933.39989, 804.68583, 799.11833, 1132.3594, 1205.1411, 1161.2698, 930.54787, 1426.0666, 1179.3248, 1272.8426, 1078.2611, 1122.1371, 1153.0095, 1091.8049, 1248.3483, 937.74062, 1024.1852, 1146.7511, 1165.2974, 813.16102, 1294.6791, 1229.3812, 1200.906, 1397.1386, 898.02067, 1200.8467, 1204.0193, 959.04566, 1063.5121, 1015.5095};