name="LSHADE-cnEpSin CEC17";
dim=100;
bound=5;
testID=18;
(*--------*)
min=45.350113;
max=108.02997;
median=68.608732;
mean=71.21723217647062;
std=16.608047528943327;
(*--------*)
data={80.329566, 96.343772, 64.907721, 58.020644, 53.319003, 101.42786, 67.554851, 68.608732, 54.266638, 72.229067, 55.352968, 62.576896, 57.214252, 49.39311, 67.518672, 73.363106, 108.02997, 47.593575, 45.350113, 74.648635, 105.12479, 90.209329, 72.427943, 62.747394, 51.581268, 59.150711, 83.178268, 92.301623, 77.353667, 75.52806, 87.30303, 56.55677, 73.123249, 56.222031, 66.484296, 49.622803, 56.480202, 65.333487, 80.286344, 81.382148, 46.858097, 81.332443, 51.852404, 68.212366, 97.304083, 96.319093, 75.548917, 58.839857, 80.128521, 79.142188, 96.094308};