name="LSHADE-cnEpSin CEC17";
dim=100;
bound=5;
testID=19;
(*--------*)
min=41.908862;
max=70.170435;
median=54.595703;
mean=54.85193280392156;
std=6.540106785954326;
(*--------*)
data={59.1165, 58.207529, 60.433678, 48.020725, 60.534623, 67.955518, 55.063905, 65.705283, 66.953421, 58.166694, 58.198273, 55.72974, 48.19653, 49.897771, 53.241008, 64.00319, 55.30006, 48.976124, 48.754313, 51.077599, 49.753121, 66.466518, 58.434255, 54.632782, 55.877399, 51.343506, 54.863672, 56.500834, 47.974933, 49.170125, 54.231277, 59.86365, 50.678776, 63.67715, 46.285534, 54.595703, 47.249343, 58.363751, 51.080982, 41.908862, 49.833924, 58.518529, 53.43764, 46.482254, 50.339521, 70.170435, 51.994597, 51.647299, 51.245306, 63.21833, 44.076081};