name="LSHADE-cnEpSin CEC17";
dim=100;
bound=1;
testID=16;
(*--------*)
min=702.87437;
max=1960.9316;
median=1588.4262;
mean=1512.786846078431;
std=284.04526037087595;
(*--------*)
data={879.25793, 1642.9515, 1750.702, 1363.0403, 1429.5471, 1531.9618, 1472.6004, 1173.9895, 1397.2458, 1817.7538, 1716.1107, 1407.2759, 1442.2072, 1628.0812, 1641.3732, 1611.9508, 1619.5167, 711.01385, 1851.5095, 1754.9895, 702.87437, 1914.5055, 1095.823, 1497.5628, 1637.2822, 1785.3639, 1098.7112, 1375.1719, 1449.597, 1024.6878, 1676.6686, 1187.1872, 1617.5248, 1810.488, 1378.4402, 1664.4089, 1792.3388, 1651.4024, 1566.9294, 1534.7981, 1614.6609, 1803.1785, 1377.293, 1415.6908, 1372.4987, 1762.7557, 1960.9316, 1554.6393, 1775.4293, 1621.7804, 1588.4262};