name="LSHADE-cnEpSin CEC17";
dim=100;
bound=1;
testID=5;
(*--------*)
min=44.691731;
max=114.87773;
median=60.053536;
mean=60.92383262745099;
std=10.287809768843726;
(*--------*)
data={68.507448, 44.691731, 68.401439, 57.315, 69.603881, 60.053536, 63.480564, 63.937631, 60.240816, 54.477993, 45.177314, 59.018454, 55.277115, 114.87773, 67.267106, 56.624344, 53.42017, 47.879499, 64.983327, 49.320608, 65.704709, 55.032263, 65.104834, 53.397898, 59.6365, 56.566765, 54.744626, 54.817515, 63.974666, 69.738635, 51.917785, 56.358722, 69.263014, 55.990482, 63.153768, 56.055435, 54.147105, 75.535201, 60.379115, 61.389228, 53.883137, 60.446552, 62.50933, 54.307125, 71.76697, 62.083042, 62.483966, 71.119589, 63.312435, 57.704799, 60.034547};