name="LSHADE-cnEpSin CEC17";
dim=100;
bound=4;
testID=4;
(*--------*)
min=186.56794;
max=211.76307;
median=210.61524;
mean=203.18360039215682;
std=9.58744597700388;
(*--------*)
data={211.53775, 210.95176, 211.46612, 211.20106, 191.62207, 210.93141, 191.57045, 210.91121, 211.45384, 193.73514, 191.64839, 193.66484, 192.73282, 210.33138, 193.48069, 211.23103, 211.46143, 211.38401, 211.76307, 192.4053, 210.84673, 186.56794, 189.57426, 211.27582, 193.54348, 210.93751, 211.20808, 211.15298, 210.61524, 211.33808, 193.69867, 210.56403, 191.45307, 211.31189, 210.92364, 191.51084, 192.55742, 210.34357, 211.40882, 194.04257, 191.60565, 191.48836, 191.54572, 192.76307, 211.4909, 189.1439, 210.67343, 210.75249, 210.53202, 211.02192, 210.98775};