name="LSHADE-cnEpSin CEC17";
dim=100;
bound=2;
testID=13;
(*--------*)
min=45.360782;
max=233.5451;
median=95.66679;
mean=101.44609843137252;
std=36.31908850505755;
(*--------*)
data={90.510963, 149.06869, 78.009532, 54.889007, 155.24169, 81.111908, 52.523273, 67.8401, 83.601408, 187.06439, 85.460709, 114.13496, 132.47774, 90.450107, 53.909238, 101.97883, 109.39669, 58.798378, 110.39222, 137.23535, 104.44641, 122.26344, 112.22844, 118.62795, 84.231638, 45.360782, 55.824345, 92.92939, 66.627686, 116.08668, 112.12419, 141.92836, 61.546115, 81.690584, 175.56689, 124.03619, 110.02946, 88.133574, 107.92933, 81.939606, 128.1645, 233.5451, 103.69439, 74.930468, 69.265413, 95.66679, 76.475116, 93.40445, 114.80551, 85.01654, 101.1365};