name="LSHADE-cnEpSin CEC17";
dim=100;
bound=4;
testID=18;
(*--------*)
min=41.679583;
max=106.05434;
median=64.206328;
mean=66.49372131372552;
std=12.058196262045497;
(*--------*)
data={64.148664, 50.632216, 57.5839, 53.221402, 58.28946, 85.271856, 63.445144, 41.679583, 75.240613, 74.42817, 56.516201, 76.162669, 53.311749, 61.283797, 106.05434, 81.31719, 49.524492, 71.105385, 59.34236, 56.822951, 70.512107, 69.328257, 51.302579, 53.610354, 74.408654, 49.567106, 64.206328, 72.807208, 66.548531, 62.716026, 59.700349, 81.132685, 68.03261, 78.164728, 67.409153, 66.934626, 92.137538, 70.504394, 62.50884, 79.183254, 84.26569, 74.401639, 75.318851, 76.712207, 61.901513, 60.980038, 65.176564, 58.488629, 58.22479, 63.300521, 56.311876};