name="LSHADE-cnEpSin CEC17";
dim=100;
bound=5;
testID=27;
(*--------*)
min=548.73866;
max=612.62694;
median=584.41999;
mean=584.6697958823529;
std=13.766426611975115;
(*--------*)
data={571.21395, 593.19887, 580.01725, 594.17737, 609.97345, 574.66085, 565.93523, 606.01085, 582.14867, 592.5489, 598.97334, 570.83907, 571.98599, 575.57255, 577.25396, 582.2409, 596.41581, 585.9513, 572.13045, 602.59144, 592.31011, 597.11351, 579.21965, 569.1172, 588.18511, 612.62694, 587.17591, 583.15944, 586.60589, 584.41999, 582.35871, 566.42958, 587.5853, 590.16221, 553.37225, 588.51251, 583.30249, 573.73727, 577.83043, 589.15686, 576.87764, 586.21419, 610.5735, 591.67328, 581.80585, 548.73866, 605.2107, 566.08305, 597.99625, 576.74837, 600.01654};