name="LSHADE-cnEpSin CEC17";
dim=100;
bound=3;
testID=2;
(*--------*)
min=56.;
max=3.3233249*^13;
median=359016.;
mean=1.0844665509299412*^12;
std=5.240982370521911*^12;
(*--------*)
data={3.3233249*^13, 68226., 1.0181562*^7, 11905., 4.2426771*^10, 1.038103*^6, 1.777212*^6, 199., 85., 189., 5.830478*^6, 5233., 9611., 83473., 1.597439*^6, 563225., 69., 2.0246889*^7, 4.3980465*^12, 4668., 1.0178199*^7, 56., 9.891204*^6, 125., 2.970732*^6, 2.6346599*^8, 114., 44704., 7.3493595*^7, 228., 172., 359016., 1.4508437*^7, 1.3531299*^7, 1.7594868*^13, 12312., 1.0744525*^7, 74863., 3.7823256*^10, 120., 1.474802*^6, 146962., 2.019552*^6, 10131., 4.8935729*^8, 56., 7691., 6868., 268., 3.1250218*^8, 1.3435037*^8};