name="LSHADE-cnEpSin CEC17";
dim=100;
bound=0;
testID=26;
(*--------*)
min=2805.8667;
max=3442.3803;
median=3062.0664;
mean=3097.6333058823516;
std=151.85163653777778;
(*--------*)
data={3146.4704, 3078.1786, 2998.9832, 2965.0264, 3209.9937, 3091.2899, 2904.5926, 2904.2175, 3303.5496, 3030.2425, 2805.8667, 3356.1434, 3230.6829, 3076.3771, 2906.5885, 3399.6052, 3041.7168, 3140.4611, 2949.7047, 3255.3382, 3062.0664, 3088.7094, 3425.9389, 3035.4899, 2993.5244, 3072.1644, 2958.3902, 3005.0313, 3059.0656, 3412.0894, 2921.3571, 3044.1884, 3055.0205, 3056.1519, 3131.1736, 3225.2609, 3064.3385, 3252.9218, 3058.705, 3074.8952, 3048.4975, 3209.5068, 3442.3803, 3056.0226, 3007.6137, 3040.729, 3394.9223, 3063.6184, 2906.5618, 3097.0121, 2920.9223};