name="LSHADE-cnEpSin CEC17";
dim=100;
bound=4;
testID=27;
(*--------*)
min=552.76688;
max=624.00599;
median=575.83344;
mean=576.8140078431372;
std=12.409529364233812;
(*--------*)
data={565.01017, 575.83344, 572.81591, 561.93923, 567.31849, 575.07214, 566.80297, 580.83469, 574.06749, 587.53904, 581.40612, 567.09887, 575.19952, 568.06243, 570.82899, 584.07654, 561.03862, 563.57719, 552.76688, 587.16966, 577.3057, 568.96207, 579.56839, 578.13458, 572.75247, 585.86359, 572.62867, 581.46399, 575.18275, 569.76042, 578.03794, 588.41195, 584.98878, 579.80826, 555.01822, 569.23726, 582.49522, 579.50461, 587.95123, 595.34163, 588.70489, 591.25893, 583.48543, 604.99773, 558.77552, 581.11201, 624.00599, 568.48135, 581.2667, 562.07955, 572.47018};