name="LSHADE-cnEpSin CEC17";
dim=100;
bound=1;
testID=8;
(*--------*)
min=43.898372;
max=118.62061;
median=60.72367;
mean=61.45646784313723;
std=10.975216134845429;
(*--------*)
data={70.850827, 60.72367, 43.898372, 59.256593, 55.927169, 59.956925, 54.105339, 60.114404, 55.780473, 51.42562, 62.460841, 56.972434, 64.234523, 65.879004, 64.566453, 62.126365, 64.018548, 55.066021, 69.033492, 68.80377, 48.800403, 67.606574, 74.200766, 66.023642, 78.029494, 55.119469, 56.272345, 67.823167, 59.671095, 56.209037, 70.20231, 54.96047, 57.612119, 59.427224, 118.62061, 66.932567, 56.734049, 62.701436, 50.783321, 69.083679, 66.188913, 64.149306, 62.50155, 62.410487, 47.866984, 63.670809, 53.934081, 53.855932, 48.72879, 63.468656, 45.489732};