name="LSHADE-cnEpSin CEC17";
dim=100;
bound=1;
testID=4;
(*--------*)
min=187.1691;
max=209.70448;
median=208.11499;
mean=201.14556196078433;
std=8.443003273345576;
(*--------*)
data={191.01081, 192.63937, 192.93311, 209.0137, 208.79579, 208.58351, 208.77919, 192.0606, 208.11499, 208.66502, 191.19298, 193.28237, 192.86802, 209.06258, 187.68768, 209.15396, 193.56153, 208.62105, 208.90257, 208.91199, 193.1095, 191.7724, 208.75009, 209.70448, 208.66953, 208.416, 192.97393, 208.76675, 192.91769, 208.01967, 208.68129, 191.11142, 208.47086, 208.74302, 208.21906, 193.19639, 187.1691, 192.7919, 208.51768, 191.80022, 193.23723, 192.98066, 208.88861, 208.36705, 190.89099, 191.94779, 208.61095, 208.38774, 192.97049, 208.46203, 208.03832};