name="LSHADE-cnEpSin CEC17";
dim=100;
bound=2;
testID=2;
(*--------*)
min=24.;
max=3.4760166*^11;
median=148128.;
mean=1.5119627434607843*^10;
std=6.531423005189769*^10;
(*--------*)
data={111870., 264117., 131406., 5321., 2.572004*^9, 26564., 1.0066332*^8, 134., 147200., 4729., 1167., 105., 94438., 3.516113*^6, 2.335785*^6, 121809., 4.194442*^6, 299., 4.456578*^6, 92652., 439113., 24., 5206., 3.4760166*^11, 1.6797546*^7, 189., 1.6353816*^7, 7.809958*^7, 2134., 43., 1.2953301*^8, 6.8719477*^10, 148128., 4.4376962*^7, 171194., 3.1387106*^11, 22667., 9.5502041*^9, 6.7109072*^7, 162., 55., 2081., 4.249951*^6, 2.8177841*^10, 2520., 1.299191*^8, 56., 11174., 2.354389*^6, 2.70807*^6, 278774.};