name="LSHADE-cnEpSin CEC17";
dim=100;
bound=2;
testID=12;
(*--------*)
min=2859.9134;
max=6002.4105;
median=4115.5252;
mean=4156.148666666667;
std=699.1477966160636;
(*--------*)
data={3859.8102, 3458.668, 2983.9118, 4966.5489, 3223.48, 3816.617, 5021.1887, 3749.795, 3544.2394, 3858.6507, 4272.885, 4264.2618, 4984.7002, 4362.2628, 4051.9114, 3227.9038, 4120.1082, 5071.6712, 3513.9023, 5548.9242, 6002.4105, 3787.1427, 3773.4869, 4613.4766, 4601.053, 4575.5909, 2859.9134, 4142.0842, 4618.7617, 4171.3548, 4114.3764, 3697.4693, 4115.5252, 3889.7211, 3382.2103, 5000.9791, 4366.2838, 5572.3947, 3403.0735, 4127.5319, 5588.337, 4227.6294, 4615.5729, 4603.293, 3890.8918, 3707.9761, 3492.4829, 3717.9985, 3785.6243, 3298.2513, 4319.2442};