name="LSHADE-cnEpSin CEC17";
dim=100;
bound=4;
testID=11;
(*--------*)
min=19.692986;
max=236.32924;
median=35.638724;
mean=57.87546927450982;
std=44.97918992925965;
(*--------*)
data={40.618121, 38.570901, 99.762008, 29.254872, 101.34175, 30.608335, 20.938837, 24.674232, 35.638724, 26.682895, 36.617157, 26.694811, 26.632837, 25.667443, 28.854031, 90.064666, 39.564677, 19.692986, 35.625017, 39.058806, 28.696714, 93.870547, 26.723367, 87.704952, 22.925213, 33.138651, 29.680659, 34.671123, 104.85203, 38.585193, 108.23867, 27.628562, 97.913774, 104.30074, 90.66714, 236.32924, 90.612013, 25.655927, 106.16214, 104.10448, 84.06282, 36.665691, 167.41706, 27.861017, 25.647616, 37.585509, 31.088982, 147.68108, 31.181656, 25.789417, 27.643844};