name="LSHADE-cnEpSin CEC17";
dim=100;
bound=3;
testID=29;
(*--------*)
min=1138.2677;
max=1742.2441;
median=1492.674;
mean=1468.7463058823528;
std=139.09079582354747;
(*--------*)
data={1467.7156, 1272.2536, 1533.3679, 1508.8631, 1381.0847, 1443.9964, 1499.3251, 1531.48, 1742.2441, 1492.674, 1709.8784, 1356.9708, 1602.2939, 1645.1692, 1476.03, 1637.8919, 1256.4375, 1138.2677, 1583.2738, 1364.9591, 1674.0728, 1563.0373, 1221.9712, 1486.5513, 1368.3262, 1352.9667, 1566.913, 1572.9829, 1283.7506, 1522.8982, 1443.484, 1575.9491, 1413.6406, 1535.9113, 1625.1339, 1225.9175, 1565.3228, 1200.6254, 1262.4098, 1377.7724, 1465.1317, 1377.8016, 1554.119, 1569.4185, 1579.4494, 1561.7251, 1469.6308, 1411.5269, 1338.9816, 1559.7459, 1534.7173};