name="LSHADE-cnEpSin CEC17";
dim=100;
bound=2;
testID=17;
(*--------*)
min=813.90087;
max=1538.8;
median=1142.046;
mean=1136.1046752941177;
std=164.89494695763054;
(*--------*)
data={1214.7787, 931.7853, 1424.9699, 1109.768, 1206.4819, 1308.1482, 865.5166, 1058.7562, 974.59391, 1064.8115, 1147.9382, 1112.2616, 983.83966, 896.6859, 973.13185, 1266.5458, 1326.5946, 954.98667, 947.59136, 1221.5418, 1028.7568, 1255.4738, 1538.8, 1225.2148, 1089.8882, 1390.6293, 1288.7813, 1346.404, 1040.0668, 1096.1921, 1025.3648, 1232.6676, 813.90087, 1247.0364, 1194.0234, 854.69786, 1072.6459, 1349.1571, 1202.7565, 964.72134, 828.02752, 1249.7015, 1319.3098, 1112.8611, 1195.7208, 1142.046, 1098.2062, 1146.3414, 1208.2501, 1052.2165, 1340.751};