name="LSHADE-cnEpSin CEC17";
dim=100;
bound=3;
testID=19;
(*--------*)
min=35.233219;
max=62.358186;
median=46.737712;
mean=46.38508570588234;
std=4.778516905640198;
(*--------*)
data={50.072295, 46.378957, 48.139091, 47.303694, 42.739907, 49.431115, 47.15441, 43.507887, 62.358186, 50.869435, 43.327267, 44.391637, 48.122689, 46.995154, 45.907546, 46.737712, 35.985752, 45.488384, 48.866183, 48.619626, 46.559482, 41.111011, 46.461992, 47.181107, 47.178334, 38.86225, 46.603113, 48.554599, 49.367541, 35.233219, 42.711498, 55.390972, 39.009593, 46.817761, 49.145615, 47.666039, 54.822913, 40.429512, 52.327743, 49.049225, 53.880003, 42.208475, 48.757766, 42.513596, 43.210304, 43.241195, 40.978293, 44.244403, 46.181929, 47.379795, 46.163166};