name="LSHADE-cnEpSin CEC17";
dim=100;
bound=3;
testID=6;
(*--------*)
min=0.0001820446;
max=0.0011119785;
median=0.00042498758;
mean=0.0004834699562745098;
std=0.00021648606401896634;
(*--------*)
data={0.00023159003, 0.00089170069, 0.00061989967, 0.00037772821, 0.00045067378, 0.00077912403, 0.0004380376, 0.00032490674, 0.00027925867, 0.00040567126, 0.00052111359, 0.00091932972, 0.00087553877, 0.00068325928, 0.00033303547, 0.00066553226, 0.00030648879, 0.00046890377, 0.0004592653, 0.00061456745, 0.00025577701, 0.00035826963, 0.00029522106, 0.00077799998, 0.0007757794, 0.00098196146, 0.0004519322, 0.00039224957, 0.00047551468, 0.00030569556, 0.0001820446, 0.0011119785, 0.00041422116, 0.00062786734, 0.00045013354, 0.00030539332, 0.00023060249, 0.00029897302, 0.00048356678, 0.0004734317, 0.00042396042, 0.0006874912, 0.00030623351, 0.00032604817, 0.00051365187, 0.00039931673, 0.00027104114, 0.00032433672, 0.00033925292, 0.00042498758, 0.00034640943};