name="LSHADE-cnEpSin CEC17";
dim=100;
bound=2;
testID=8;
(*--------*)
min=52.681378;
max=83.425542;
median=66.762217;
mean=66.16905931372548;
std=7.442299781721006;
(*--------*)
data={67.131028, 59.95847, 71.873414, 66.762217, 63.673145, 52.681378, 55.443659, 69.730355, 73.950384, 64.185294, 68.239029, 63.439844, 59.512854, 65.089431, 65.112061, 72.716168, 63.451691, 56.159915, 54.116262, 69.584828, 73.034, 77.458347, 68.171416, 69.934107, 54.803169, 70.322195, 70.586325, 58.051846, 76.495786, 59.171012, 62.825093, 67.334225, 82.786915, 70.404132, 65.344241, 67.799697, 77.845856, 64.558535, 74.616054, 61.51544, 60.818481, 67.372004, 65.151053, 74.780116, 67.150538, 72.755394, 83.425542, 54.763753, 53.337664, 59.159604, 60.038058};