name="LSHADE-cnEpSin CEC17";
dim=100;
bound=2;
testID=21;
(*--------*)
min=272.85806;
max=303.05183;
median=287.33241;
mean=287.4714096078432;
std=6.402284716135938;
(*--------*)
data={279.19473, 294.70514, 283.98441, 288.32573, 284.12643, 286.85053, 285.04375, 278.31896, 288.32666, 283.45643, 288.38044, 296.42906, 274.18688, 288.97752, 298.44086, 284.41868, 281.71851, 286.95495, 287.25486, 289.47428, 287.33241, 285.54071, 283.04724, 296.25074, 289.10864, 285.42422, 289.48187, 274.57081, 289.50035, 287.23266, 289.92755, 282.40892, 287.18671, 291.41729, 289.51352, 296.49638, 298.88283, 280.36708, 281.97637, 289.92274, 292.8639, 278.61849, 299.77447, 288.12724, 285.65261, 289.18618, 289.66573, 286.29235, 290.79318, 272.85806, 303.05183};