name="LSHADE-cnEpSin CEC17";
dim=100;
bound=5;
testID=2;
(*--------*)
min=5.;
max=1.2262555*^15;
median=13781.;
mean=2.4061660367970863*^13;
std=1.717076662187704*^14;
(*--------*)
data={5.527671*^6, 108., 171., 60., 13781., 4.3473511*^7, 8.675325*^6, 2.097308*^6, 3.6321411*^8, 78., 18415., 5.9051147*^9, 42., 6., 1.3463193*^8, 172., 58., 328., 1.788265*^6, 1.380637*^6, 1.1258049*^8, 4.278928*^6, 2.175431*^6, 4.1857047*^8, 980., 2055., 3.4410162*^10, 11441., 82., 26., 17., 22., 153., 5., 186146., 107., 4.0376075*^8, 1823., 8444., 152., 393402., 1.2262555*^15, 4.335351*^6, 34., 190587., 426763., 6.7112627*^7, 62., 21318., 8.4728861*^11, 172.};