name="LSHADE-cnEpSin CEC17";
dim=100;
bound=3;
testID=28;
(*--------*)
min=476.04808;
max=564.2011;
median=516.65426;
mean=513.7292486274509;
std=22.73755917563968;
(*--------*)
data={498.82596, 545.21348, 525.89268, 516.3592, 517.65455, 527.69563, 517.91377, 546.1014, 477.66139, 516.83402, 492.75418, 512.97329, 515.47124, 502.00931, 477.25295, 518.24682, 500.48047, 476.04808, 549.02319, 564.2011, 526.39509, 514.00578, 478.59437, 527.87013, 528.50198, 517.14182, 517.90021, 526.29161, 502.96624, 515.65118, 529.70277, 518.01754, 476.06924, 516.65426, 555.21041, 517.72137, 550.51445, 516.09687, 477.48751, 477.13957, 527.84888, 514.1362, 511.42852, 524.90315, 501.58963, 516.70325, 551.74905, 477.10421, 492.88146, 515.57857, 477.72365};