name="DEsPA CEC15";
dim=30;
bound=4;
testID=11;
(*--------*)
min=200.22770590496066;
max=355.2330423039939;
median=342.624402869335;
mean=305.50767357226005;
std=64.6218413531392;
(*--------*)
data={344.125274500002, 200.22770590496066, 352.78881253808413, 342.17601549434744, 343.9200365245574, 342.76133502406356, 346.1075282352615, 344.1387088747763, 342.624402869335, 343.3897523712019, 342.7031048970953, 344.2828522653597, 201.72387884146588, 344.6286005057127, 201.68433486495496, 201.5648297469229, 349.562252923522, 341.16337862946875, 341.62217241910093, 201.6741127061232, 345.4146836107823, 344.2660009615006, 201.55093306510048, 344.5647058612676, 343.65802473318763, 345.2255854303212, 201.86414041713965, 346.431095573377, 355.2330423039939, 346.2149825185584, 344.33078341067267, 341.2634304380281, 341.10811966105166, 343.22225937880376, 350.52623973288655, 341.298524077803, 202.17184573294162, 201.90349407970848, 201.55632672573643, 201.53485097452403, 351.65997420386884, 342.42918298288714, 341.19306949208476, 355.1325975188579, 343.24997226329197, 340.7937759540164, 201.47732941621825, 202.14941306073024, 201.5943607597551, 342.5998318552629, 342.40368585458555};