name="DEsPA CEC15";
dim=30;
bound=0;
testID=11;
(*--------*)
min=200.09733937754822;
max=356.9101880862636;
median=342.56086626129036;
mean=314.47632185055176;
std=57.69847981990042;
(*--------*)
data={342.1771985911105, 342.56086626129036, 344.1555188931361, 306.23714187874793, 344.29060883976217, 350.9496516202066, 342.85050589996104, 342.11060045115846, 356.9101880862636, 342.6358304922737, 349.47489241471635, 350.0807028420452, 201.442099086697, 343.13219267669, 303.72953955092316, 349.8352583019539, 341.11668601717497, 343.0340365563279, 342.8770211647193, 200.09733937754822, 354.2500210742412, 351.4972693327434, 341.4854154541997, 200.1183646740758, 351.919688950964, 350.25289384006373, 351.1662759742842, 350.5007400132879, 341.19034631486375, 343.21040983302396, 201.60691795096636, 303.5597130398885, 342.27456191794363, 341.66414034077184, 344.76785154577647, 341.45377043180315, 341.9829094106533, 201.69135858267305, 342.42897790997927, 201.7021703551004, 354.2253441373123, 351.7268832149557, 346.20930148336606, 201.79626872398012, 201.5557026477436, 343.6658347242301, 303.24301404568496, 341.5305467411217, 201.54093561696868, 352.73226852259086, 201.64463857016904};