name="DEsPA CEC15";
dim=30;
bound=3;
testID=1;
(*--------*)
min=310.3149824419232;
max=19094.033734383698;
median=5389.0881871485735;
mean=6122.507772599889;
std=4231.70834042419;
(*--------*)
data={7447.862687294543, 16966.741127841677, 10604.863456940902, 3563.449604839945, 7209.875884821559, 7408.301530261177, 17915.76411973251, 2857.3229142973246, 3861.3321451466045, 8678.409533345906, 3554.560450086129, 7502.115569406657, 2929.914604711802, 2805.1694318120058, 9254.52725218963, 10210.884970057481, 4454.037691796086, 1540.8658472779214, 7970.503420302401, 1580.921001178943, 2065.804569188468, 4009.1684697210167, 3350.509900959012, 310.3149824419232, 5833.6131715318, 2293.7856143232643, 19094.033734383698, 4560.060890478908, 4142.854388948326, 15140.227060452304, 6789.330763469314, 7208.177022727605, 10095.16533727035, 7391.630568077173, 5105.499804127492, 3171.331683486472, 1294.1861856242708, 5514.680834555506, 5766.330084008967, 1076.2725192758687, 1949.5375386183978, 9445.695457678188, 1863.575194023531, 9709.310041094406, 3565.3241621385846, 6549.4280580756695, 5389.0881871485735, 5835.358090175202, 5574.969081204399, 4874.5921788838905, 4960.617585160545};