name="DEsPA CEC15";
dim=30;
bound=5;
testID=4;
(*--------*)
min=193.6258627770036;
max=268.93288289138275;
median=228.74610926767582;
mean=228.57077039362667;
std=19.465230907989714;
(*--------*)
data={241.1494167688237, 223.52070688402785, 233.32918503851, 230.83503681433194, 237.61995988390186, 211.8002487086885, 197.17220119282706, 228.05666095599622, 230.49956179428455, 220.67811544800668, 200.2259833426807, 254.77917562602204, 252.4150831226243, 216.70720449464875, 250.41411522003307, 233.24728813499348, 199.63901637318634, 246.5201190718543, 240.06698399874927, 195.1549713130671, 204.83134489160602, 238.67898818766616, 234.32421648267655, 225.03010161095472, 218.86083995705917, 252.90046988591007, 242.010758987582, 222.1643451043825, 204.06267244662206, 253.24699490037528, 217.3541494364115, 216.88215879616314, 254.1748427060637, 204.4791370142325, 268.93288289138275, 252.7826990784505, 246.75387400731483, 219.90386643645343, 239.69369349471776, 193.6258627770036, 228.74610926767582, 229.53583088754112, 228.54820011191987, 208.62064475953707, 195.05535310585674, 265.38010001304576, 237.70873550571105, 228.69749119222115, 249.5569139426109, 206.19049716713744, 224.5444808414186};