name="DEsPA CEC15";
dim=30;
bound=4;
testID=7;
(*--------*)
min=5.640867380324266;
max=10.039814578539904;
median=6.538892045822195;
mean=6.610396259618614;
std=0.6348925455468197;
(*--------*)
data={7.067032890351015, 7.187122038873326, 6.5472334443298905, 6.361798375925787, 6.263027672577664, 7.469719360562749, 6.457302782112492, 6.538892045822195, 5.954985267226789, 6.666303364043301, 6.7768421353389385, 6.9441528090274005, 6.263829942234452, 6.364033144398263, 7.15673266617398, 5.9524898668869355, 5.640867380324266, 6.676257358305179, 7.071069142973215, 6.816860952569414, 6.299056321998705, 6.662947382219727, 5.969907690205673, 6.6042703703387815, 6.198983441348787, 7.028991564811122, 6.972375804914691, 6.452035910851805, 10.039814578539904, 6.199832211954686, 6.455281764616757, 6.60125871226478, 6.28600297160915, 6.443824458879931, 6.307250441228575, 6.204585951045033, 7.507564524006284, 6.3440091455061065, 6.2205335009548435, 6.0472025986669, 6.691552484590602, 6.46710089574708, 6.615953966606412, 6.144996226715648, 7.063341156058868, 6.187686125225355, 6.592715648395256, 5.927893585172342, 6.955759273483977, 6.595973653839565, 6.864954238694736};