name="DEsPA CEC15";
dim=30;
bound=3;
testID=6;
(*--------*)
min=1478.3191109195595;
max=3057.6197209967463;
median=2557.643810981088;
mean=2512.888371509701;
std=298.33146833783854;
(*--------*)
data={2538.1468094562983, 2293.463063023474, 2677.4388167724683, 2102.862803135743, 1478.3191109195595, 2902.8673794877755, 2030.12468661626, 2461.499130867716, 2221.2235341131986, 2547.552172812184, 2483.03437082758, 2816.7767545409256, 2554.4174674984174, 2742.6469666795597, 2580.123430687057, 2641.930598773428, 2453.7979438933917, 2437.9367650135114, 2828.6556029526073, 2884.033528383497, 2533.8558783359513, 2609.263944552332, 2740.030200598887, 2685.7128970428357, 2419.9611284314406, 2144.0946507396498, 2135.0716795028334, 2636.667609827216, 2781.5427184218374, 1682.1346389213832, 2818.1630018224196, 2387.554862806529, 2785.2197165201133, 2140.526019391449, 2729.0136127169812, 2418.1751245530977, 2616.852769005387, 2687.835218937722, 2607.365053586084, 2375.6853871137487, 2787.2846672967153, 2557.643810981088, 2353.395255281751, 2402.341117573182, 2550.592490466411, 2592.545030175287, 2605.0551990926433, 3057.6197209967463, 2863.1345226583603, 2563.6148089713606, 2212.5032742186377};