name="DEsPA CEC15";
dim=30;
bound=0;
testID=9;
(*--------*)
min=201.4656292512036;
max=370.5961073342785;
median=202.843209729916;
mean=233.39824356254968;
std=56.740620045578474;
(*--------*)
data={336.02352255245614, 202.80515268317845, 202.88797823997675, 202.8421046103049, 346.60860408773215, 310.2154160136995, 331.2206740199763, 370.5961073342785, 202.75617506725757, 202.843209729916, 203.15058529736234, 203.04262536255828, 202.03059488839403, 202.95212723384384, 201.80823519215937, 202.19182073936645, 202.79444828194823, 202.56274191664193, 345.71480795983666, 202.01396840090933, 201.92873559223267, 202.81736765699475, 202.10404460753557, 202.40740702078824, 202.6644573978631, 203.13780582973072, 202.98872604384246, 202.34378659919093, 322.0253415587199, 201.8709061383356, 202.9382297152256, 202.73543804841756, 322.5386790863074, 201.4656292512036, 202.98968704516346, 203.2294512644603, 348.1373524332271, 203.05941609222873, 203.09838606963854, 202.7734086021137, 299.9591478944267, 202.00064911607024, 202.7544832873773, 203.10378549095253, 342.1657088686459, 202.51942072383167, 202.61916174013436, 202.383975093162, 325.8299094045169, 201.95697759258087, 203.70204681331847};