name="DEsPA CEC15";
dim=30;
bound=2;
testID=12;
(*--------*)
min=110.96266966961002;
max=116.31398384800309;
median=113.80578894332007;
mean=113.77730765089201;
std=1.1541723222371176;
(*--------*)
data={114.68735004130781, 113.88003977864923, 113.33179156991264, 113.53282952188374, 114.13863711022896, 115.43257047220868, 114.62522747486742, 113.92756519446539, 113.23750604125803, 114.32290667811185, 113.2963902530912, 111.0303948451708, 113.21199341860233, 112.92428148995623, 115.49092528402093, 112.855644066776, 114.03293066468609, 114.9138786017088, 114.76022711908695, 113.86614557111125, 113.2496632484258, 114.68410155857237, 113.88681122093885, 111.53770045679084, 114.35874507173276, 110.96266966961002, 113.5441274861139, 114.11930789494772, 113.80578894332007, 113.43744472843241, 112.69439867548544, 113.41880422328222, 114.8390998510522, 113.72163249825417, 112.05265612742642, 114.01187068505283, 112.86393865000173, 114.87459459904517, 113.01766591469254, 112.15136734531984, 113.73831928058803, 115.40362873334698, 115.92375606790279, 112.18764056478767, 113.32146064698486, 115.35522422450299, 114.06240694763824, 113.7965941286941, 112.91836798000372, 116.31398384800309, 114.88968372743898};