name="DEsPA CEC15";
dim=30;
bound=3;
testID=13;
(*--------*)
min=128.56744807608356;
max=146.13272483120681;
median=139.1388270383818;
mean=139.30909113896323;
std=3.505582742728289;
(*--------*)
data={139.1388270383818, 142.90446658455858, 142.66806056336236, 140.71453984538857, 140.31671618581663, 135.61880757331164, 137.5184307471236, 140.07466173018634, 138.97888152499104, 137.12505413325425, 141.1066952909082, 138.47953877062128, 138.52240403129008, 138.48006737090873, 141.37619405305827, 134.36954669065744, 140.3132919197028, 140.90538617984885, 143.9730962427484, 137.2821548290351, 128.56744807608356, 137.16599164920513, 142.84521084918333, 136.04661741370614, 143.0191333638429, 139.82205583063228, 138.90663906303416, 131.66420112018227, 136.94756311717924, 134.78919459279587, 143.4179180305423, 137.70523684883483, 137.70129939220283, 138.7380300389027, 138.84641542534018, 139.62934383762808, 140.4043046471147, 142.15982999774928, 142.65866064456804, 140.70486002373013, 146.13272483120681, 134.14236538394516, 138.42881500684734, 143.36360100405113, 136.82062382361278, 133.8145838870937, 139.71427619768542, 137.13593218913843, 144.8703389544794, 145.01965671173753, 143.71395482971593};