name="DEsPA CEC15";
dim=30;
bound=3;
testID=7;
(*--------*)
min=5.153536357219309;
max=6.895457861485511;
median=5.990966743966965;
mean=6.012230481809462;
std=0.34101911477708097;
(*--------*)
data={6.263485723591998, 5.828549131308705, 6.051190892394629, 6.284463977790779, 5.989660121162615, 5.684571327907747, 5.451464184544989, 5.8777688873091165, 6.155878902696941, 5.868751192167565, 6.1181767731951595, 5.621890477303282, 5.473556984947436, 6.1268806032237535, 6.895457861485511, 5.8951303640221795, 5.796106718021065, 6.005913841159668, 6.1913196805103325, 5.800190801013741, 5.153536357219309, 5.811494169998241, 6.089642188836365, 6.3376504611743485, 6.4722580593022485, 6.2336823609033445, 6.4511238474149195, 6.719594381050001, 5.80863449801825, 5.824026087528182, 5.859704836290803, 6.015458432817468, 5.826094589336435, 5.687822623596276, 6.247538562318596, 6.091395540742951, 5.936643494016039, 6.306865235196369, 5.845920535619484, 5.323392112522129, 5.698969107202288, 5.850201733100107, 5.859394585807422, 5.990966743966965, 6.271829968300153, 6.660966814314747, 6.101659361216321, 5.771236394760308, 6.389959954673941, 6.196957940662287, 6.408725148619055};