name="DEsPA CEC15";
dim=30;
bound=5;
testID=14;
(*--------*)
min=27326.82694093207;
max=32348.44443059883;
median=27327.002108078035;
mean=28679.99356385265;
std=2147.2040747597357;
(*--------*)
data={27326.940953818656, 27326.920457289816, 27326.871462837185, 27327.03125748735, 27326.855330071896, 30752.400060423373, 27326.891265414808, 32342.777241692485, 32343.072303187248, 27326.844217807637, 27326.908006024634, 27326.972533801145, 30769.852089274573, 30752.394245586263, 27330.782408656025, 27326.98501717395, 32342.872260419317, 32343.03857198971, 32342.925898784146, 27326.875157364095, 32343.787100570575, 32343.653117508547, 27326.93077903608, 27326.954639708765, 27326.84927803805, 27326.836292229105, 27326.914117229146, 27326.854275773083, 27374.699113605646, 27327.002108078035, 30752.398737549614, 27374.78253559142, 27327.152583114083, 27327.08915364849, 32348.44443059883, 27327.016313965105, 27326.828280839767, 27326.82694093207, 27326.910896784284, 27326.89066381264, 27326.852575399735, 27326.926361669375, 27326.87104947469, 32342.88797140091, 32343.068627779998, 27328.010248702805, 27326.890634842373, 27327.094722633796, 27326.9017300764, 32342.82490015136, 27330.31083663604};