name="DEsPA CEC15";
dim=30;
bound=5;
testID=12;
(*--------*)
min=110.9832412386454;
max=116.84785768752408;
median=114.06129549562388;
mean=114.18972510025898;
std=1.277832470396094;
(*--------*)
data={116.34243897598344, 115.35728377121768, 114.02253027584993, 114.76296936625522, 113.84754704702664, 116.4985867292678, 113.80397581838906, 112.9975025851179, 115.88640356206201, 115.36971397109187, 111.9308322136028, 110.9832412386454, 114.5934702347547, 114.56638495167613, 115.08074062631522, 113.23024490655484, 114.33502795330446, 114.06129549562388, 115.30950798190543, 113.33863762849296, 113.74267598184247, 115.69253748557549, 114.27131520940657, 113.57579219441914, 114.40105766345641, 114.50543257735035, 112.90285811669037, 113.21457446616046, 113.41376525423289, 113.50718226975664, 112.60526472406036, 113.01802935004798, 113.21431184100675, 112.89486389242234, 115.24740948496856, 115.00125008889131, 113.38770031140075, 115.89479614282595, 113.78856889391295, 116.84785768752408, 113.44361619627216, 114.60271455218935, 113.2363769184135, 112.57722676456933, 112.40153734103819, 114.10302860955562, 114.23577461279683, 116.15330266108526, 116.02738642154941, 113.3822074381369, 116.06722962851268};