name="DEsPA CEC15";
dim=30;
bound=1;
testID=6;
(*--------*)
min=1699.4679046952874;
max=3254.77220064465;
median=2555.7622668285017;
mean=2521.5477928714317;
std=359.68066228809596;
(*--------*)
data={2940.6230808688897, 2401.2575276032285, 2917.885719250248, 2381.7403373165407, 2064.8703208378374, 3254.77220064465, 3101.0890150031023, 2482.1216224847735, 2270.0541269284413, 2254.576659543295, 1699.4679046952874, 2031.5611036033301, 2324.3727473559557, 2862.1628935394833, 2330.8164518282993, 2275.8606894769578, 1870.8360562423145, 2833.8473217994633, 2875.9857079179005, 2562.52177153982, 2644.5568286602015, 2112.8099492898946, 2230.9305425201505, 3050.190201979851, 2731.779427009303, 2759.4042893861083, 2573.570411134767, 3001.1315837147504, 2320.519766500121, 2677.871850637386, 2085.6671900726615, 2729.3894069412595, 2818.4770819234195, 2358.557407188887, 3057.631030423982, 2859.93146905399, 2870.1779658137416, 2609.665204378304, 2810.197771075082, 2427.3223042755367, 2598.3561454119754, 2504.9153124830127, 2555.7622668285017, 2420.9176728065177, 2497.5349971184714, 2484.315856598966, 2055.7775907605846, 1854.148245965157, 2724.1123077365187, 1868.0694939388927, 2568.8226063351703};