name="DEsPA CEC15";
dim=30;
bound=3;
testID=9;
(*--------*)
min=202.04189023827325;
max=205.0764330641723;
median=203.06514969722343;
mean=203.16125139875336;
std=0.6150123596910427;
(*--------*)
data={203.94878917852498, 203.40351165705738, 204.40215157402668, 203.02217372020573, 202.73101132327383, 202.76155273316726, 202.37455048338074, 203.03316302691246, 203.33801127859033, 202.90193786532518, 204.72387739869396, 203.27250201008064, 202.82641805738967, 202.2308211523091, 203.13229984919712, 203.394705477765, 202.71420538336452, 203.0176368223763, 202.97227017245177, 203.45530237644812, 203.23241504632688, 202.69169455465408, 202.8456665424219, 203.06514969722343, 203.4762874548294, 202.30264714036775, 203.03836587711567, 203.43400830310816, 203.68173095532188, 202.7357327353334, 203.37203062485492, 202.94681254797047, 202.8724167798432, 204.44364424096193, 203.14851457066516, 202.04189023827325, 203.09054324872636, 203.23765596583257, 205.0764330641723, 203.49172832668387, 203.46174889247527, 202.66860709243088, 203.16459868172637, 202.55695158757044, 202.1782877173889, 202.6281128092137, 203.48900659676497, 203.227951543455, 202.78893145967095, 203.02788281808853, 204.14948268240983};