name="DEsPA CEC15";
dim=30;
bound=5;
testID=9;
(*--------*)
min=201.53155052299826;
max=346.26708667513094;
median=202.4649042027163;
mean=210.61258521361617;
std=32.65211082617478;
(*--------*)
data={202.0927563387213, 202.1750622874399, 203.401234276251, 202.2402600034909, 201.8678316690939, 202.8371266468764, 202.5531284150477, 203.95126471037042, 202.84239534965445, 203.36535128990158, 201.8127375680583, 346.26708667513094, 203.35816293007724, 201.53155052299826, 338.10760046927135, 203.0092104239909, 202.26719730316427, 202.21993721740068, 202.31709477839877, 201.86459670245017, 202.4649042027163, 202.8025361207408, 201.9020091383063, 335.1330094178386, 202.65537194910598, 202.1337226346377, 202.52800757087425, 202.40572191135516, 202.1411442081744, 202.42936384505333, 203.4719402906985, 201.78817848707718, 203.37314022319242, 203.2243915669435, 202.29033892072152, 202.0547496583606, 202.21020916358157, 202.8916450416623, 201.96176814617138, 202.6229838845768, 203.00905520290758, 202.20092024202177, 202.00635545577416, 203.05981676193983, 201.84936459108076, 203.1045369355295, 202.78302635244654, 202.22672987960095, 202.1856695982333, 203.091039463701, 203.15860945161376};