name="DEsPA CEC15";
dim=30;
bound=4;
testID=2;
(*--------*)
min=249.68643390092973;
max=4137.4536973674585;
median=801.7490703492356;
mean=1140.1528468415327;
std=911.3788121625312;
(*--------*)
data={409.8064320176502, 705.4597141853396, 363.888043685184, 859.7814286851799, 948.9247079018783, 684.3573378320689, 1538.8098611502576, 349.6067721527172, 527.9175189205923, 1086.4379695221678, 2847.5852711489806, 2498.6828029721273, 585.9024922448323, 489.0584588372153, 1424.7666502611555, 1045.1088734711043, 358.1917373363967, 848.5350431857626, 385.0612651462086, 1993.3980784835967, 774.4109511750803, 530.3189507192692, 4137.4536973674585, 2565.512529949514, 650.9475112294209, 433.5756399161087, 1369.2340717611962, 496.4140828976523, 1704.275681124083, 447.87405757521526, 2599.6727297998673, 1891.6722734080663, 512.892570271555, 249.68643390092973, 485.34140719311097, 292.0902106001295, 919.8837537295403, 808.0849367262227, 595.621185648555, 1464.8041515768539, 275.06540628643944, 3354.658783256265, 1683.0082943222133, 1093.8250399726444, 379.7031314777348, 1116.9230285751753, 801.7490703492356, 651.2038597829621, 3234.438399150446, 753.2210715686685, 1922.9518184661447};