name="DEsPA CEC15";
dim=30;
bound=4;
testID=13;
(*--------*)
min=127.74525992234317;
max=144.48541860745854;
median=136.37730784798146;
mean=136.2813527331431;
std=3.555824148334941;
(*--------*)
data={138.68288671079836, 133.46829756698753, 141.9681099060865, 127.74525992234317, 139.54943197630314, 136.0386891150622, 134.57683856222934, 133.26433939787148, 137.24877244279764, 134.27295549650694, 138.15225322854894, 136.4586173530306, 134.44916263136815, 135.49454816825255, 137.75894701843959, 134.76127916192627, 135.59617152248825, 140.18587413155, 135.93272736683525, 138.2962469687261, 137.39329421275102, 141.36081085951878, 138.2340748525628, 134.00580426598663, 139.93731753286238, 136.1460654366581, 132.55648720515228, 138.4867242062503, 136.97391962143342, 140.5458000096321, 130.7497560530619, 139.59171786758293, 134.14866583580397, 143.3359566188019, 135.10044503023164, 133.0078644700502, 138.19338017485757, 132.58758851296375, 136.82701030438875, 136.37730784798146, 139.8678012592909, 138.4131344591558, 135.9268558789704, 129.10605698579934, 128.51517185189005, 137.1222964355054, 131.92956131030905, 138.54819251885533, 132.02957836470364, 144.48541860745854, 134.94352215167646};