name="DEsPA CEC15";
dim=30;
bound=5;
testID=3;
(*--------*)
min=20.977317380572288;
max=21.38884206922785;
median=21.30419877194379;
mean=21.28746952600022;
std=0.07937737080835763;
(*--------*)
data={21.306645576241237, 21.328521622334506, 21.356576243218854, 21.287894193867828, 21.274279917001365, 21.375964062195806, 21.220984130880083, 21.315713769288948, 21.148363670311937, 21.314074480033184, 21.327518029769408, 21.38149713577451, 21.35028697083669, 21.386603143967648, 21.264714307660938, 21.27386285610146, 21.303798928070705, 21.180733812293, 21.28636618293666, 21.33487406710958, 21.160325446987542, 21.153817410553756, 21.31422345108507, 21.3670648449866, 21.21357813909117, 21.32207243985812, 21.359876762618285, 21.266853664081736, 21.37317868621915, 21.35537803303771, 21.28969235967719, 21.30419877194379, 21.240417192055702, 21.226787888188937, 21.167528996903457, 21.231512019639297, 21.304671623270963, 21.28722677993852, 21.235433351639585, 21.354694441401193, 21.37040259574519, 21.322720352825286, 20.977317380572288, 21.232814695935758, 21.285942785460122, 21.21812253902135, 21.379791522778135, 21.354979093271197, 21.246279550172176, 21.38884206922785, 21.33592783792983};