name="DEsPA CEC15";
dim=30;
bound=0;
testID=6;
(*--------*)
min=1773.4705278320089;
max=3377.7024039952025;
median=2472.3841257815566;
mean=2515.4870298331025;
std=373.6954674993104;
(*--------*)
data={3033.9705866422396, 2394.939230917411, 3230.7636933247477, 2319.478111804769, 2992.1370683328773, 1773.4705278320089, 2523.132705583568, 2806.733193026458, 2261.90204343704, 2894.096609393604, 2481.9428188816128, 2222.6059606318418, 2352.2193500630115, 2388.509072140152, 2704.5629016214093, 2530.3341140190405, 1871.0862053871228, 2406.8830918516287, 2042.231041550278, 3377.7024039952025, 2650.7075952188125, 2421.701123615963, 2472.3841257815566, 2059.3255414223763, 2347.165273726263, 2689.083892599804, 2287.580789631429, 2539.9518420838817, 2485.400679350832, 1953.922885760514, 2723.5588273582634, 1934.6033252934176, 2339.1106906044197, 2417.037176857169, 2427.5045692234953, 2411.247393375591, 2453.5544641143515, 3292.9638948452016, 2770.3319211148378, 2833.6536351643754, 1899.5314318322035, 2659.7426181799315, 2492.2508546941713, 2460.481125026925, 2411.4922457862667, 1924.8786740337873, 3058.2074349643285, 2626.16187258535, 3130.1226106653144, 2555.996359202461, 2951.482916938917};