name="DEsPA CEC15";
dim=30;
bound=2;
testID=13;
(*--------*)
min=127.13260048537177;
max=144.86422314046604;
median=138.41995387388306;
mean=138.17026783436393;
std=3.650046861488456;
(*--------*)
data={136.8460734043565, 143.02720606505727, 136.78720088814066, 135.52293480307708, 136.52674163458187, 138.00047538525405, 135.9773973615968, 131.98337432828544, 143.9311877523512, 132.88700958684922, 140.89408685603053, 136.40996152293224, 139.54275756454126, 141.41712149539467, 134.37563908397283, 140.9173241094977, 127.13260048537177, 132.9140721292756, 138.37131874275883, 135.93661461279453, 141.07876998404595, 141.7469303553912, 138.42569200542835, 142.27037664715317, 142.49532730438955, 138.41995387388306, 141.81548078560354, 133.6370295925767, 139.55844686701448, 136.1363227008087, 141.20475332243655, 136.47271005970742, 133.84410882695875, 136.21290055750592, 135.30044539354708, 144.86422314046604, 139.80363658405645, 143.12735787772544, 139.45865328746868, 142.36309277880355, 137.04907877996789, 138.3092260923529, 139.33209833041838, 139.65123749632517, 135.53244962774716, 138.6133820217599, 138.5893806757772, 142.9625533546016, 136.72881116453163, 131.1803170881401, 141.09781516384783};