name="DEsPA CEC15";
dim=30;
bound=3;
testID=12;
(*--------*)
min=110.71836843551023;
max=117.25267555686105;
median=114.23816176882451;
mean=114.15808824544057;
std=1.2736666394797063;
(*--------*)
data={112.39008346262676, 116.35190285358112, 112.82502899822953, 111.9050846500661, 115.37197607769713, 114.38343456599546, 113.9104988137151, 114.39560534205452, 116.03995901074404, 115.86825208680557, 113.61046788220165, 111.16880859358594, 114.16044171050453, 114.359754246801, 114.03681899500293, 117.25267555686105, 113.72957002548378, 114.39099690543094, 114.13240399022902, 115.30595776244809, 114.45323430647477, 113.39712482782124, 114.23816176882451, 113.09760685755941, 114.37976533014626, 114.35020623745459, 114.01746982003078, 114.18928068468563, 114.24674652827389, 111.99591973353563, 111.73188324818102, 114.41266061622764, 114.69328253779531, 113.07042191423398, 114.19991139535864, 115.4696360772814, 113.50569959707309, 115.01966846714845, 110.71836843551023, 113.95125664194234, 113.38870697164316, 114.03452499372088, 114.7296238156307, 115.99717493111893, 114.65697702613375, 115.4740958037712, 114.78643680402183, 114.1119526943728, 115.62173336269507, 114.54618833063773, 113.98705922809927};