name="DEsPA CEC15";
dim=30;
bound=4;
testID=4;
(*--------*)
min=190.48692594587214;
max=262.1459297404692;
median=223.919835173426;
mean=227.41055669445305;
std=18.594701654303005;
(*--------*)
data={208.469978819189, 243.0902923183487, 218.86920941413746, 243.75407981815147, 217.29273698347583, 190.71458177524312, 260.46602382773153, 236.2323905831338, 224.12770969761152, 197.13224076662607, 237.1900335780067, 234.69176374427934, 214.36687119475903, 240.10842854596524, 219.7350977736878, 215.4650921695711, 213.6635467874338, 219.86710086873768, 214.2990999752027, 207.74302858874216, 200.84296169169613, 242.83989189477052, 220.44253354128955, 249.28776634135, 231.7578663425487, 239.62705786514744, 216.2633918392952, 221.92762770002992, 211.4547283156469, 223.919835173426, 211.58060534982155, 208.9003288388019, 210.60031351945497, 241.44185142301512, 256.92894660866796, 229.27152534465074, 239.42715912936364, 261.86420201444344, 220.2512894446818, 262.1459297404692, 226.57638022255583, 248.44120913219683, 241.20899697919265, 214.83859059464385, 190.48692594587214, 213.61417131727762, 214.79808151948282, 231.76077690134798, 239.4748614628262, 257.7083720679516, 260.97490592515123};