name="DEsPA CEC15";
dim=30;
bound=2;
testID=9;
(*--------*)
min=201.76446599634778;
max=347.20632426719203;
median=202.9165168537195;
mean=205.81870146587917;
std=20.203323667535095;
(*--------*)
data={202.3677411419469, 201.76446599634778, 203.96217141255374, 203.3964254744253, 202.8906750454721, 203.19527397712, 202.46498278124272, 203.6665999179579, 202.72127598986594, 202.83305472417692, 202.9165168537195, 203.03479840920681, 202.30980621961294, 203.4907290520216, 202.20813723956144, 203.72286961613258, 202.17816621929092, 203.05750276862364, 202.87824206055143, 204.0301988842955, 203.38336807373116, 203.1058603070751, 202.68857197312354, 204.2126212556318, 202.45065864190656, 203.41870636532963, 202.87514622337585, 203.0222613785029, 202.5650635524696, 201.98508665196732, 202.66968122405797, 203.263815526514, 203.1311317789132, 202.90617469176755, 202.293987569484, 202.51863827564944, 203.03168965635837, 203.42349580469931, 204.3405122104432, 203.2896932799183, 202.33691760011902, 202.2470554098577, 202.71756026766366, 203.85990020704753, 202.7825047826584, 203.39294880992497, 202.5981894660374, 203.44983625593932, 347.20632426719203, 202.25456686407642, 204.24217260427508};