name="DEsPA CEC15";
dim=30;
bound=2;
testID=15;
(*--------*)
min=273.6013629714812;
max=274.46375565139124;
median=273.879884493545;
mean=273.9140786954633;
std=0.2064609735351759;
(*--------*)
data={273.7708936395984, 273.7698646699889, 273.8119070129119, 273.7032301464492, 274.0075940592185, 273.9821497627968, 273.73761962850836, 273.971606651088, 274.2150812970765, 273.6758736755462, 273.8808383714802, 274.17668454084287, 273.9651677317556, 274.0527671103937, 273.7920649134537, 273.8077868930293, 274.05551559740456, 273.90643870750887, 273.69213910353915, 273.8600795083116, 274.321056251096, 274.46375565139124, 274.2369842921321, 273.646364156745, 273.9634599318124, 273.97778160320604, 273.8717697774928, 273.7616207680376, 274.245590486174, 273.6607332124479, 273.62156170050275, 273.94744611210695, 274.2975404747881, 273.9508876212053, 273.7031686132052, 274.1120079339289, 273.6013629714812, 273.65027044157364, 273.86521967460567, 273.76599100607996, 273.95244779072436, 273.7078498426831, 273.8475443637333, 273.75480244993355, 273.879884493545, 273.8073943153722, 274.2854929720679, 273.9585275670572, 274.03115437171596, 273.7919962330534, 274.10104336781956};