name="DEsPA CEC15";
dim=30;
bound=0;
testID=10;
(*--------*)
min=734.0855331480836;
max=1632.3007684165868;
median=1097.1337770145246;
mean=1160.9100495820353;
std=236.91510169329354;
(*--------*)
data={988.6644257716207, 1031.4734476724072, 1053.183233764138, 923.2229249357647, 1033.078550804486, 1335.2582637069563, 966.6765632361285, 1074.1650754846005, 1142.788076923473, 1226.2638942553976, 1506.2084332409686, 1598.8205106820178, 893.462934149004, 734.0855331480836, 854.4652948972846, 1159.5344282283618, 1207.0955026187567, 973.6581433010897, 1626.5429019925396, 1028.609115651136, 890.8750793739971, 1399.5329871183785, 941.937974760941, 1335.7096766201216, 1179.2219632574916, 1032.688785987248, 1371.9076921139995, 1279.315006842669, 953.8699479388995, 1013.8797529254009, 820.9397539002298, 1304.7569436063127, 838.9638541489603, 1345.4841012606817, 1392.5964139786538, 1097.1337770145246, 1632.3007684165868, 850.5879669468072, 1078.3098305631493, 1347.0806950814103, 1043.024791888874, 1613.7931910406255, 1584.9871534653103, 1355.9956976189715, 1087.393797052171, 880.3653934809704, 1384.404227316414, 1267.967880378003, 1339.673450668769, 1119.601007639193, 1064.8557118138128};