name="DEsPA CEC15";
dim=30;
bound=1;
testID=5;
(*--------*)
min=8058.888431348132;
max=9710.893312542115;
median=9062.569666709234;
mean=8998.293411580864;
std=399.87130268168784;
(*--------*)
data={8279.593064825014, 8642.828584802146, 9180.291093678883, 9305.764614464384, 9153.09217823235, 8776.909406785191, 9096.31812654894, 9019.76418192684, 9301.656490069818, 9542.619964171237, 8566.250875354726, 9367.23614960305, 8493.256603845291, 9124.169494865346, 8908.827275058777, 8701.050156445881, 9411.054896659896, 8936.398004964532, 9062.569666709234, 8592.315798991118, 9485.992525376792, 9162.824604605637, 9362.77436711298, 8748.769646004846, 8971.519012010667, 8993.581977494843, 8710.766798594374, 9400.24422457882, 8378.910298890007, 9511.424563870834, 8514.515869748799, 9061.806587678762, 9162.57402143228, 8058.888431348132, 9553.57532563353, 8596.87940992293, 9169.946483453808, 8783.903094887257, 9286.392139923668, 9199.009228898489, 8172.566006181503, 9390.356763372154, 8471.767802298207, 9710.893312542115, 8922.023667608812, 9280.667422614388, 8374.401677009395, 9619.595774710964, 9102.373048608057, 9236.056428583086, 9055.996847625247};