name="DEsPA CEC15";
dim=30;
bound=2;
testID=10;
(*--------*)
min=638.9161249726048;
max=1743.993692133859;
median=1281.1859692880944;
mean=1259.9226535402659;
std=223.6997538643272;
(*--------*)
data={1098.8403517611232, 1360.0898567429267, 1417.0568377068585, 1157.942775212564, 1323.7090672091003, 1511.6041927503848, 1296.2594026741176, 1382.7221873915396, 1064.4191348998538, 1551.8908537533234, 1357.4759889247498, 1743.993692133859, 1281.1859692880944, 638.9161249726048, 1367.2365575549798, 953.7736317933584, 1247.6731768782497, 1047.4539719699223, 1383.4166830966724, 1739.2569606562506, 964.1635934144235, 1501.8888184726939, 1073.930669831046, 1331.6118855058344, 1068.401236886547, 1219.8818484196527, 1159.946565455608, 1276.4488438003882, 1167.9861207873287, 1093.2596770511836, 1525.2401151542672, 1464.2214901872999, 1163.7119969381301, 1403.1233667713122, 1470.550289604765, 1457.5832605026853, 1066.5052196031907, 817.6113699747668, 1544.4092931576115, 965.2055141811552, 1209.0439917579934, 1319.9490284325007, 1041.1951987381103, 1199.6330403518505, 1243.8255436055379, 1010.3778103627203, 1569.4767538807196, 1001.8972048625292, 1375.9892711295374, 1308.1774777570117, 1315.8914166046143};