name="DEsPA CEC15";
dim=30;
bound=4;
testID=1;
(*--------*)
min=133.81468772429258;
max=13200.129887437208;
median=2210.124540605896;
mean=3505.1368820985235;
std=3040.739298581957;
(*--------*)
data={133.81468772429258, 13200.129887437208, 1309.5344023980304, 1381.8296669959864, 7685.318285171969, 2134.956450390191, 1783.007909442777, 1372.7969413366823, 9468.213822503676, 6361.189067877884, 2550.237354874594, 2640.8443649836045, 2038.099174650025, 5735.219307865596, 5436.979470765225, 5132.839559115647, 4452.12012445832, 284.9604678252296, 5848.064719269003, 2578.999555494565, 492.6635868074849, 1671.5807519596663, 1661.2495266476092, 3301.152338364029, 4530.632711655664, 263.2777601614102, 4514.056718087066, 10144.580784455087, 10318.064639708322, 1947.9347484310895, 1496.567759557855, 6048.372839566028, 1159.268872084358, 467.4763334359707, 5316.706325642276, 810.7182036373504, 1673.299950875202, 168.67062373800667, 3694.729789159952, 1360.8737522778763, 2210.124540605896, 3632.8013444901276, 1369.4818637983003, 5698.652492982794, 1180.1450341813188, 6882.684078716294, 2049.600383597539, 1316.5656048905878, 3232.6426911008166, 319.94399913152, 8298.305716696657};