name="DEsPA CEC15";
dim=30;
bound=0;
testID=3;
(*--------*)
min=20.9501256934426;
max=21.42099003709137;
median=21.296030644833706;
mean=21.285915288920304;
std=0.08689087814581357;
(*--------*)
data={21.323116501645472, 21.232233842186872, 21.30408054752388, 21.3293637856969, 21.3870890431225, 21.334609519448293, 21.155877506426407, 21.275480656544005, 21.39916783729035, 21.172342191478208, 21.380042742286378, 21.33728772027206, 21.227590350293042, 21.387029227037488, 21.20836704473038, 21.311458697399928, 21.395246770769972, 21.349622760096224, 21.182247647788643, 21.34405307321424, 21.253832098842793, 21.247766057141234, 21.295054402152516, 21.21049077904854, 21.318637215295894, 21.351533761201665, 21.288139460792877, 21.33874715160232, 20.9501256934426, 21.327487141279335, 21.284305782488843, 21.212661563526126, 21.295795251034633, 21.338248975177578, 21.131301899972186, 21.370232118916704, 21.3123846545883, 21.337905223182645, 21.223712308395818, 21.332965575119147, 21.249828478146696, 21.40911850569438, 21.296030644833706, 21.22052441093132, 21.20361616116611, 21.42099003709137, 21.2907287053755, 21.19474667982604, 21.176211421985045, 21.287637585656285, 21.374612525776};