name="DEsPA CEC15";
dim=30;
bound=1;
testID=13;
(*--------*)
min=131.1807353418817;
max=142.66084272291027;
median=138.87672955383232;
mean=137.89810122309598;
std=3.293810340214308;
(*--------*)
data={137.19441444248378, 138.2963264241837, 140.05617160925135, 139.2222166596373, 140.19527026117203, 142.0049748282795, 140.83266785597607, 140.25011069171615, 140.35771523371545, 138.88632726938317, 139.77277229323727, 135.76174164711256, 141.06801186093116, 141.43903022211384, 140.35844357947872, 132.12142511562934, 132.48536814338718, 135.1803739880943, 135.59210719630323, 141.7701865728577, 132.92724879807975, 141.67640156540915, 137.85907087323312, 140.2144737156127, 133.66932852623154, 133.41897986002687, 140.9017709547652, 133.1292728426406, 138.87672955383232, 131.1807353418817, 140.86213045797194, 138.38108474994897, 133.97718852190837, 140.68637475627065, 136.91204203898678, 141.07784315261733, 140.44113633831466, 132.5072215584098, 134.52287194983774, 139.66103391415163, 132.66101779129804, 132.55784155603874, 138.65975947186757, 138.98257476543836, 138.35743354072906, 141.0592365515513, 138.37973004342462, 142.66084272291027, 141.06793259574397, 138.0587824015547, 134.6294155722619};