name="DEsPA CEC15";
dim=30;
bound=3;
testID=8;
(*--------*)
min=1163.3728823886686;
max=2373.8227726960295;
median=1673.1892431940937;
mean=1648.8455445072009;
std=248.66628501775207;
(*--------*)
data={1435.0023291076386, 1601.8514477853523, 1710.4828296203514, 1731.0486122704056, 1590.0550907374618, 1806.9457236449575, 1680.9691008407463, 1751.128540850752, 1693.323904102083, 1493.0735817722566, 1163.3728823886686, 1472.6741975341633, 1732.1042961796638, 1596.2127356557594, 1917.45970516664, 1703.031760476983, 1595.2227802058728, 1757.2863437893325, 1681.369735560742, 1505.3928850242023, 2055.181807973013, 1305.4729053426395, 1468.17650888349, 1842.3334217891575, 1366.8052086638645, 1350.0447073509722, 2068.5922452047926, 1319.8792972746373, 1261.3931033023491, 1529.086735832886, 1673.1892431940937, 1755.7293496082234, 1804.5220139844191, 1910.9696167682796, 1331.2609029232012, 1576.6735670772796, 1919.3744395379717, 1947.3183978554775, 2135.882472190513, 1417.5971996996973, 1556.982303405489, 1637.4310930845377, 1906.883892084154, 2373.8227726960295, 1692.270289476358, 1821.0459106257604, 1700.1039769821923, 1237.664656888173, 1656.2313619281204, 1282.779962729679, 1568.4149227957732};