name="DEsPA CEC15";
dim=30;
bound=2;
testID=14;
(*--------*)
min=27339.219791482312;
max=27601.601543238576;
median=27384.22394751955;
mean=27406.395260193363;
std=58.48915647407107;
(*--------*)
data={27387.73237390183, 27339.67480133097, 27376.945911190778, 27405.080728939643, 27381.930437196108, 27339.219791482312, 27384.22394751955, 27378.0476353935, 27408.931111154103, 27376.403954228146, 27380.28913231507, 27379.125761281928, 27384.330776105817, 27588.391405065686, 27402.19485962349, 27412.403506395112, 27386.82735478378, 27379.298570000665, 27414.383223153236, 27382.495711007163, 27406.298511515404, 27511.275911157692, 27418.31139645422, 27405.52326828403, 27397.839672710455, 27376.2706503897, 27378.012188184675, 27381.077114371175, 27377.98482326088, 27381.1298078378, 27585.39372284739, 27379.95946840919, 27382.551570481028, 27342.36210394025, 27408.993956163235, 27382.33246198231, 27404.441917773536, 27400.99855440886, 27381.51764351619, 27390.89655558269, 27415.210972782486, 27402.324855867948, 27380.2977545087, 27377.20352206137, 27520.440186534877, 27391.063443016516, 27517.05962180235, 27381.272739122127, 27380.83626606536, 27377.745073521608, 27601.601543238576};