name="DEsPA CEC15";
dim=30;
bound=5;
testID=7;
(*--------*)
min=5.903887466180436;
max=7.974574808963098;
median=6.717226371269362;
mean=6.707337429508714;
std=0.34197530413199984;
(*--------*)
data={6.022512039972867, 6.368200828971339, 6.87157426538397, 6.359960712402426, 6.864155993451959, 6.38602899631303, 5.981684709497472, 7.067895527739665, 6.617404825447693, 6.826089265183441, 6.821175555669242, 6.865284104323905, 6.802437942642882, 6.914373359485239, 6.596756169058949, 6.545728703522627, 6.512416615832535, 7.974574808963098, 6.475294987885036, 7.2338614592266595, 6.573171984293822, 6.529559387737095, 6.795787839212608, 7.317598052141534, 6.505762560024891, 6.4228352376715065, 6.563511828715946, 6.759340588331497, 6.4208123032216236, 6.825592899955041, 7.316184412014536, 5.903887466180436, 6.717226371269362, 6.69179685083725, 6.605854013557291, 6.866907072158028, 6.70561689119927, 6.368534353607515, 6.804083547380628, 6.617434530034075, 6.757134639122455, 6.736100953717482, 6.842355212163056, 6.897322533446641, 6.675097443465006, 6.5163088985443665, 6.860856612457496, 7.139942183657695, 6.813016509951581, 6.838004471660497, 6.579160386240119};