name="DEsPA CEC15";
dim=30;
bound=5;
testID=6;
(*--------*)
min=1559.1381020723052;
max=3191.2115128961264;
median=2396.2137244214264;
mean=2413.2472389740783;
std=393.9372721269154;
(*--------*)
data={2409.6177549625086, 2749.75925458174, 2259.19237890026, 1741.6744728317562, 2620.0421666559473, 1725.7157929665277, 3131.6976028296936, 2508.1411028406196, 2647.1665330731257, 1742.360807998135, 2868.8280693079623, 1834.1106757404004, 3128.8565563579787, 1976.92329075703, 2703.5433655984007, 2849.531508347477, 2206.616447076605, 2555.5117593139903, 2052.1276813179065, 2396.2137244214264, 2232.568465317526, 2103.1915072287275, 1559.1381020723052, 2789.934810279021, 2194.777631301975, 2151.0684701406262, 2243.3017454648866, 2308.091771124996, 2040.1401001564827, 2932.532844971668, 2304.6887491816756, 2557.992997746627, 2537.0680369442734, 2354.2413625157014, 2845.1726400973985, 2210.888214927935, 2416.9256682638716, 2943.804910364023, 2237.935175797035, 2492.7599690913394, 2434.0996154356044, 2487.1718829717047, 3015.5695283701325, 2077.232303923526, 2200.2880857714204, 2971.150172316918, 2211.5971438538445, 1992.414495035519, 3191.2115128961264, 2262.431132631936, 2668.5891956036958};