name="DEsPA CEC15";
dim=30;
bound=0;
testID=2;
(*--------*)
min=2.7355019041213495;
max=5109.748132722191;
median=911.2567246666556;
mean=1198.921568641198;
std=1003.1675759512736;
(*--------*)
data={278.2660501604675, 1347.206615843092, 325.50604571100985, 719.8587125914927, 556.3696196333118, 1349.3827546341436, 272.06366420450996, 3031.530930423008, 1733.0010718143687, 633.9777022189604, 1347.3189049055525, 803.6837261330193, 280.80892575114535, 2885.2092189623368, 1779.1308252639622, 244.99480219571467, 1804.8473576485749, 965.3276066567873, 789.1558805457976, 3144.5680023309005, 314.69180092643296, 5109.748132722191, 1655.8797097024392, 261.1829389989779, 581.869254153895, 2.7355019041213495, 728.8935096806471, 248.29111347717276, 1270.6404474179433, 2097.2290651005296, 1544.503535513616, 2736.5358546927064, 565.7038822380479, 1876.4924750577802, 1283.0647134077271, 3387.3026701492363, 688.4913525217328, 607.6773910723481, 1005.4790288509448, 329.4945997455196, 2194.7439976342143, 911.2567246666556, 490.8655238785884, 952.8085534698735, 975.6875490633306, 254.78642742320335, 833.3718408425339, 1128.8316895805322, 800.3103799240723, 615.582342462416, 1398.6395767935019};