name="DEsPA CEC15";
dim=30;
bound=0;
testID=15;
(*--------*)
min=273.58327283474273;
max=274.36205526582125;
median=273.81869407346267;
mean=273.851748408647;
std=0.18240797253549978;
(*--------*)
data={273.6350613962363, 273.9824512252667, 273.70749485993656, 273.9861477680081, 274.03008229964917, 274.1239578650884, 273.968000504839, 273.7319676491022, 273.6724298049519, 273.72822702734493, 273.6638586665804, 273.74892314989347, 274.36205526582125, 273.58676504496293, 273.8521790162879, 273.8301947270329, 273.8290742601173, 273.8533448430844, 273.8422566348893, 273.6211173356046, 273.9737156729027, 273.61093645496476, 273.58327283474273, 273.7775597039015, 273.752322404584, 273.88106067456033, 274.0546124904813, 274.005698572774, 273.6800630194225, 273.94259570829263, 273.68479437419046, 274.2401123645732, 273.70002118695993, 273.7192379769094, 274.1078127919925, 273.656153132541, 273.73127296627536, 273.7346281633254, 273.74883537754727, 274.0805000191383, 273.94495351265164, 273.75944181655495, 273.9588480445559, 274.0207723129636, 273.81869407346267, 274.07684305266366, 273.7482168212998, 273.69821532027595, 274.0228064584189, 273.8076085305413, 274.16197366282995};