name="DEsPA CEC15";
dim=30;
bound=4;
testID=3;
(*--------*)
min=20.993927876396583;
max=21.433375111136968;
median=21.31829053447001;
mean=21.286029597602028;
std=0.10104220769592961;
(*--------*)
data={20.993927876396583, 21.312832606218137, 21.30308407816773, 21.098778730539266, 21.238855746966408, 21.32664110037723, 21.325435421089594, 21.329221080488082, 21.327406512361677, 21.237962158307994, 21.381266421341707, 21.433375111136968, 21.314801261122398, 21.33591690486213, 21.357449989027486, 21.36832730035229, 21.399139964252015, 21.178111778252628, 21.162519918475482, 21.31829053447001, 21.40840862244579, 21.324578414742575, 21.312113212962004, 20.994513385162065, 21.374458087767778, 21.265590087290775, 21.17130949059367, 21.34717703080571, 21.385234376746496, 21.315838981985166, 21.265982415525173, 21.2888333291599, 21.175374457238377, 21.23125826346819, 21.3482657391221, 21.238384041466247, 21.37382935429565, 21.388890306877272, 21.123659993855597, 21.41105543762137, 21.140479686188087, 21.340416548517965, 21.356075683086544, 21.167005431369887, 21.206184732083614, 21.374477084947046, 21.348300263661883, 21.21234936535876, 21.29111512139292, 21.338661790314916, 21.324344247443776};