name="DEsPA CEC15";
dim=30;
bound=0;
testID=14;
(*--------*)
min=27326.833365501625;
max=32368.642701617617;
median=27327.09564105019;
mean=28589.526942047894;
std=2087.7050134094256;
(*--------*)
data={30752.395690711382, 27374.77308025674, 32355.97088133305, 27326.833365501625, 30768.96751723343, 32343.611282298036, 27327.002025666818, 27326.92630462079, 27326.843389976468, 27327.09564105019, 27326.926025911904, 27397.958125621964, 32346.14736026751, 27326.88932636006, 27326.867010720147, 27327.062412208605, 27326.90018374258, 27326.867369364314, 27326.90306648875, 27326.936309293764, 27326.936416676206, 32344.11691505382, 27368.19015408128, 27328.085391870736, 27327.189515719892, 27327.02092441835, 32342.75649962871, 27398.063014267675, 27326.879288149783, 27326.955496059418, 27327.059657724178, 27326.911576177412, 27326.889131561882, 27376.996584810615, 27326.865263671327, 27326.883922540175, 32342.772031666755, 27375.1853911378, 30752.400604632632, 27326.959159916314, 32368.642701617617, 32342.85099811088, 32342.883610102173, 27326.884749361132, 32342.835594165328, 27374.566921211223, 30768.947009036572, 27402.27501457387, 27326.946016434293, 27326.925640993275, 27327.122480442664};