name="DEsPA CEC15";
dim=30;
bound=2;
testID=6;
(*--------*)
min=1269.5022466068713;
max=3568.348863385907;
median=2614.280945136014;
mean=2543.7496226193116;
std=453.83316435566053;
(*--------*)
data={2426.992311871006, 2778.1059806226026, 2944.0174113233943, 2469.191441179177, 3032.1776971621907, 1769.9156631718733, 2682.1222100025248, 2558.903232122199, 2209.50670105902, 2926.762873931188, 2980.0729433422434, 2288.319828038814, 3568.348863385907, 2806.384188594951, 2654.6530140594473, 3079.4608764743184, 2614.280945136014, 1403.8766946416633, 2746.681476309944, 2673.4847939350116, 3202.1086304954383, 2847.9085275059815, 2528.055014528823, 2868.237504883726, 2336.0141159573554, 2706.9629691291134, 2520.598399571438, 2075.527764201085, 2433.939498292121, 2005.4864568094881, 2682.60590991509, 2415.0788205902413, 2347.239438920871, 1985.7642043183532, 2785.9755776306893, 2579.192492621489, 2532.507451640018, 2770.739732949861, 1269.5022466068713, 2914.062012969545, 3190.6649338805073, 1631.7991495573497, 2756.215580549688, 2852.6974982067522, 2545.0499851654913, 2798.969421010821, 2640.9111524020846, 1579.668192554188, 2482.3513558000695, 2432.4012984130004, 2399.7362701438183};