name="DEsPA CEC15";
dim=30;
bound=0;
testID=4;
(*--------*)
min=194.2879703102575;
max=255.67292236789672;
median=228.28885259873596;
mean=227.58710711629368;
std=15.49405579492994;
(*--------*)
data={214.14460781396053, 244.2558578240646, 242.13716898207576, 221.72692305412022, 228.78535065278516, 246.74324363089477, 194.2879703102575, 236.96424572822536, 225.1677654059439, 240.1661625180327, 225.7521675423817, 225.5149164101308, 232.93514743509206, 211.0207292720554, 247.70404960656776, 229.57490249485954, 231.70866846217086, 199.90562470342024, 213.03694510480204, 229.18396569241372, 223.63746488117567, 233.63143724728104, 253.3675107728642, 221.0987103097566, 196.39295965231724, 243.7673834681608, 241.93157428488166, 221.5951933555708, 228.28885259873596, 231.44533530493936, 237.60138993430758, 204.3762446151443, 218.44414923291265, 210.85559211619034, 226.1432060673011, 239.31570924170876, 225.4125873076357, 236.1231838762867, 238.6066734843398, 224.77379575713326, 234.4603510010454, 196.84708982452048, 250.69490331486622, 204.71925207423726, 224.7163457530553, 200.38211350202062, 255.67292236789672, 224.05030970019448, 248.368968216575, 227.0285912365175, 242.47624978714805};