name="DEsPA CEC15";
dim=30;
bound=3;
testID=11;
(*--------*)
min=200.01721207945957;
max=202.18244787812614;
median=201.65195530327514;
mean=201.3587617418364;
std=0.6955879431966583;
(*--------*)
data={201.79962563350546, 201.78685824291802, 200.22349733825172, 201.73895688060088, 201.6685994821264, 201.68057980535832, 201.91881095433928, 201.65195530327514, 200.02515444215646, 201.87260772309173, 201.7568392390151, 200.06788385241998, 201.5949431957347, 201.69996133471182, 200.06154157882452, 201.92032298786467, 201.97680885371688, 201.60772036559592, 201.47485795894295, 201.64032943108373, 201.6283647039038, 202.00000516592672, 200.0204091890746, 201.5648668363774, 200.12090363215475, 201.60353788874318, 200.16860949753436, 201.64576151030292, 201.46702047357826, 201.66728456829878, 200.01721207945957, 201.78268588663173, 201.60498876608244, 202.18244787812614, 200.04542848508072, 201.6784452853342, 200.08323492069735, 202.03934303972915, 201.7818138776231, 201.59769988654102, 201.62943828846437, 200.4715434779664, 201.69421107359904, 201.7142454534553, 201.62394888509516, 201.76436812374777, 201.7498231364566, 201.76212190688625, 200.46047630157932, 201.8489005315398, 201.70985348012982};