name="DEsPA CEC15";
dim=30;
bound=1;
testID=14;
(*--------*)
min=27326.81696473039;
max=33647.45702516164;
median=32375.84556830379;
mean=32135.75476345626;
std=1500.23336355661;
(*--------*)
data={32346.39107944687, 32413.16313028254, 32353.489223601107, 30768.914827849094, 32348.472257737318, 33552.58185017011, 32375.845879352106, 32351.112992399285, 33483.52296363553, 27326.864321318983, 32352.55926907838, 32388.820921642495, 32370.011909160785, 32344.533377113294, 32362.495787909866, 32353.63965724814, 32345.547092149558, 32343.50061590306, 33552.65026590643, 32388.36969421302, 32346.27464667902, 32391.53576094914, 32457.818955877687, 32343.220683973435, 32415.08856465532, 32365.37213477381, 27326.8375048545, 32386.429507147404, 32362.76730328372, 33484.756518736045, 33647.45702516164, 27326.81696473039, 33553.979528287804, 33555.72653491826, 32384.58924777851, 32343.06084169833, 32446.61823706609, 32349.443126180253, 33488.77407739797, 27326.86902469634, 32441.672281224266, 32400.773629084753, 32375.84556830379, 32395.13935969527, 32490.28879643666, 32356.105325954763, 32363.398556332264, 32366.179766042784, 32402.333508886222, 32413.261427769314, 32492.571411575904};