name="DEsPA CEC15";
dim=30;
bound=3;
testID=3;
(*--------*)
min=21.116793401762152;
max=21.406181984066677;
median=21.311312777415594;
mean=21.305559422768077;
std=0.06561002480276186;
(*--------*)
data={21.337545025312124, 21.27294918955488, 21.31300060694963, 21.37676841134413, 21.25131316763907, 21.355626369481627, 21.3008268791325, 21.26696285376164, 21.354870363910834, 21.27639473895323, 21.238130175240713, 21.35147016561058, 21.231338584719992, 21.283313540821723, 21.359525363809325, 21.327863105930476, 21.281630656176674, 21.309297230928394, 21.269651321655772, 21.31247609457597, 21.406181984066677, 21.37547582498354, 21.342753299461208, 21.25268961055309, 21.28040353715346, 21.311312777415594, 21.11838165848644, 21.39783250725162, 21.248712977750984, 21.294766002885012, 21.19182787085674, 21.116793401762152, 21.3693418276535, 21.2392415525876, 21.365301303456988, 21.26172511596161, 21.24966568360736, 21.345424712576175, 21.32333457319612, 21.349518174438117, 21.390228537518567, 21.279552240468433, 21.291145249455838, 21.331203997083435, 21.361042463512945, 21.395682747847502, 21.30847337434409, 21.39205335514555, 21.21282074603465, 21.391484206070857, 21.31820540207667};