name="DEsPA CEC15";
dim=30;
bound=5;
testID=2;
(*--------*)
min=99.7300617265854;
max=4113.417475966341;
median=1017.1781293310778;
mean=1240.1438445940623;
std=999.9427606595557;
(*--------*)
data={1492.1096363961976, 1017.1781293310778, 1004.4001851470111, 2072.4945556715484, 857.0225963097919, 1382.3403467250494, 2086.764679837541, 453.12355985336035, 517.8852611515431, 3987.247840106902, 491.6883665592427, 217.79509494417158, 3787.639596244638, 934.6723989371012, 3645.4946472957135, 1218.9424077350338, 479.53605253603564, 204.99470549789703, 589.7104806375469, 436.05549918068255, 705.7919735511858, 1540.547929296361, 510.18596806866196, 262.1741051407551, 1027.0335582371915, 1922.211441135009, 1995.3891908471487, 1183.719362978032, 1795.0037678385659, 1956.4169492004248, 108.36941959849247, 1756.4872132835367, 553.0667138728477, 365.31798751296947, 332.52904556629574, 1383.4838721264666, 99.7300617265854, 2265.652324161873, 164.99435879884027, 1018.4742009201104, 1824.6654347589624, 908.6387460899045, 1800.9632868593842, 558.255860528523, 1982.8409446504293, 1422.0698051073475, 1327.9864106004172, 354.1203217284468, 4113.417475966341, 825.5726031551999, 305.12970089278696};