name="DEsPA CEC15";
dim=30;
bound=4;
testID=12;
(*--------*)
min=111.50177140448932;
max=117.16922801208443;
median=114.53354153928603;
mean=114.3331941212069;
std=1.2045369415785414;
(*--------*)
data={116.17942250530155, 113.21014937061727, 113.87562093562701, 114.79051011588172, 114.71917647729697, 114.07553275809255, 115.79894356403543, 114.74883402036903, 114.6782837078099, 115.42256524390632, 114.86043733975202, 113.38877703515368, 114.39439427534785, 113.93221117135772, 114.36478206841684, 113.51560331064184, 115.19389538608198, 112.90287041556098, 114.22012069515381, 113.89493893142412, 111.59564176201593, 115.37324270277531, 115.83871362719469, 115.3922710396439, 112.59020474856311, 114.86234469517558, 112.8736582223737, 113.4087368700375, 115.07475591751245, 111.62852467505309, 116.21166264091357, 116.18362023828081, 111.50177140448932, 114.79374421167154, 114.53354153928603, 114.6865496338603, 113.97005820616778, 114.17578104499239, 117.16922801208443, 114.19903590850208, 113.25635832292619, 114.83103392832345, 113.99318592342934, 114.56121616176029, 114.84496508278244, 112.60022227995432, 115.0497032430817, 115.10791082992932, 115.27842317321915, 112.89256881096685, 114.34715599675656};