name="DEsPA CEC15";
dim=30;
bound=1;
testID=7;
(*--------*)
min=6.142325667978298;
max=8.254101011274543;
median=7.200946101376871;
mean=7.214470292528606;
std=0.3867688071973876;
(*--------*)
data={7.233665868210437, 7.401146173935217, 6.142325667978298, 6.911741209031106, 7.726735164630213, 6.728254319347457, 7.1667884076052815, 7.200946101376871, 7.532783387094128, 7.196041734065602, 8.254101011274543, 6.70295656828057, 7.399391395633188, 7.192169052902159, 6.992096693755798, 6.928266029448309, 7.59673786286362, 6.671243653728197, 7.358083946241663, 7.511179736671465, 7.199789919673549, 7.668040426455036, 7.486469976112858, 6.282784015369202, 7.1959562356357765, 7.32499254783113, 7.418263355041063, 7.058240149927769, 7.2102382497253075, 6.990159397702087, 7.983115881206913, 6.464078043592849, 7.021583485422411, 7.531106852618336, 7.091915918966265, 7.687197568423699, 7.513768300916581, 7.470510373834145, 6.868618413842455, 7.502692565139569, 7.587685507988567, 6.980807894466011, 7.161636228785142, 7.216459665566276, 7.131135554534467, 7.101489642476281, 7.391930157662387, 7.3497350279993725, 7.230799535928668, 6.932088184770464, 7.038041857270173};