name="DEsPA CEC15";
dim=30;
bound=1;
testID=1;
(*--------*)
min=167.59414416342258;
max=22723.55222968807;
median=2722.01495334891;
mean=4087.574438154653;
std=4482.451525396434;
(*--------*)
data={5313.798333646601, 1421.082331200211, 1026.148864422345, 2834.216867353697, 6924.677446144287, 4087.8091462606426, 6915.851072282515, 1066.217158933477, 5191.779476871101, 3142.527587237556, 1028.3265506782302, 3255.2019317219597, 1339.7663731318692, 882.4328041977806, 3768.923400597581, 2722.01495334891, 167.59414416342258, 14011.339151303413, 925.1363351921682, 22723.55222968807, 4694.5171552681495, 2301.970760277502, 739.659920605464, 1589.2895337149303, 2159.6927051030952, 837.4808029455048, 8203.734547043374, 1552.325821268136, 3270.0892069211527, 1544.0316843178916, 2890.7090719569155, 1968.0528357998764, 1425.3979619424158, 3191.644689158534, 2469.713087930753, 18927.784698315216, 258.51976999218, 6081.169997138103, 2618.7186596612864, 2698.7010678190313, 1541.2556291925484, 3652.8199651081222, 11793.000792865418, 6256.698480492412, 1527.9277392867014, 9571.741712229741, 4705.521303634426, 1109.388735534495, 5914.8206772729445, 3492.09652227457, 729.4246524406035};