name="DEsPA CEC15";
dim=30;
bound=3;
testID=2;
(*--------*)
min=83.28938836366751;
max=3310.5953683419953;
median=1177.9493454505036;
mean=1250.9876975033937;
std=677.7759035353155;
(*--------*)
data={696.4327950443169, 1196.5896057371835, 1032.8779305274873, 1389.4632494580414, 1626.6164642779927, 1463.9606509297446, 634.9451842597512, 83.28938836366751, 866.6329526634108, 1058.81322735715, 786.2347947010185, 296.1650829129862, 1002.2032022918143, 2452.781119580684, 1349.2408692658694, 870.2058879493661, 770.6166788709625, 722.5339743755327, 1177.9493454505036, 251.2469470415187, 1737.2428884448366, 1729.3322834989353, 1283.8303191609657, 761.4135519103185, 2443.7348922050514, 1368.8748541598077, 1328.3902438407504, 2122.60145628389, 2434.1961968432365, 2002.9817693933992, 825.7257231004803, 692.2532740956925, 806.9907260164323, 542.1866949159391, 1204.2281302924227, 1500.612334276021, 3310.5953683419953, 662.1670936302983, 2631.3365331781606, 1947.628195685626, 600.1742872469827, 1489.509966206234, 730.7690343029378, 1574.472291254793, 1262.2150328599541, 527.6828709856102, 849.4741217830863, 1212.8791176981688, 996.0946569304033, 1050.5088255512212, 2441.470487520429};