name="DEsPA CEC15";
dim=30;
bound=4;
testID=10;
(*--------*)
min=649.8590351235578;
max=1803.2117196782165;
median=1168.6937710349703;
mean=1195.259515607033;
std=240.881272065182;
(*--------*)
data={1279.9743777863164, 1803.2117196782165, 1400.837184993854, 1012.7653717198266, 1132.5494021079203, 1456.3517882566307, 1022.9508777494273, 1153.5294825173428, 1085.5341022695588, 1279.2109667346217, 1562.9567785784475, 1249.483647831852, 1313.8724749290336, 1053.6298116856478, 1343.087070437411, 897.4190773831613, 1345.6016822343363, 1485.1082287865315, 1135.0449370677106, 723.6794703249961, 1076.4536234163734, 978.490360770687, 930.135273514125, 1127.6766665041605, 738.6702717340299, 1477.5703955861463, 1266.9360214544613, 1327.7054539590144, 1125.515169309068, 1243.1470433906616, 1517.9647190291325, 1162.883486043395, 1028.509146773913, 1136.391410281889, 1389.1011459760239, 772.2427109771475, 874.3504457331594, 1581.9767325964103, 1267.0813672819495, 1197.822180132222, 1153.47758635405, 1166.7187015666568, 1513.4785476832303, 649.8590351235578, 1108.4492054941252, 1195.1871457116013, 1542.0427688175369, 1303.2184481848626, 891.919936927447, 1168.6937710349703, 1307.7680715238412};