name="DEsPA CEC15";
dim=30;
bound=2;
testID=3;
(*--------*)
min=21.043203923101828;
max=21.403642059275057;
median=21.30908078653397;
mean=21.285735173873523;
std=0.08194424826309148;
(*--------*)
data={21.252396319469597, 21.329458706035098, 21.1967079355191, 21.33180844583603, 21.08975685318427, 21.403642059275057, 21.27497942593891, 21.361817451587342, 21.305084062606397, 21.178147524076167, 21.30908078653397, 21.172288519128813, 21.365391451482026, 21.15967578923528, 21.323529573191138, 21.363340141633444, 21.365361063014916, 21.29690638511846, 21.35561479706712, 21.311352848445722, 21.296722945655063, 21.313651457066953, 21.29965836878688, 21.353477551352853, 21.29261259212757, 21.28847288315444, 21.19291296565291, 21.327260661676064, 21.319720782715308, 21.340678884082365, 21.371750397328412, 21.253399308886173, 21.30678334401682, 21.266432256753205, 21.358845069399706, 21.24819979661055, 21.311128073692032, 21.30178650933283, 21.043203923101828, 21.259471388340387, 21.280905193601143, 21.351989902080447, 21.065717103276256, 21.325498409107695, 21.35632327860094, 21.321575662339114, 21.267536966408045, 21.10693080466848, 21.351122200829593, 21.31615853242954, 21.336226516096986};