name="DEsPA CEC15";
dim=30;
bound=1;
testID=11;
(*--------*)
min=340.31188090910814;
max=476.1675880710932;
median=355.9326957747253;
mean=373.2064397246143;
std=35.111512639845394;
(*--------*)
data={413.50163088543377, 388.9659384926822, 356.81204669765066, 355.7021403072704, 381.54525045639593, 343.6046582013912, 355.6228954805913, 476.1675880710932, 353.4311087891065, 360.4612352202537, 402.2517162895592, 355.62718253783373, 419.3035518440697, 356.25413122620876, 360.8380993299411, 361.341593938193, 355.24400796661894, 345.4076354740066, 358.39087608281534, 353.9822023447432, 414.4390653424696, 347.0523405473482, 350.94295744709575, 347.6649763227317, 348.3461556462953, 354.10294572127873, 345.9364230220292, 347.7822029924662, 431.8961401173551, 343.20039299878545, 342.8481797840998, 402.07402668904365, 357.80940317547265, 350.2114579373115, 347.03186414457105, 417.3547733472469, 354.17970172895343, 345.97554351805934, 447.2296471480022, 435.0651435196896, 344.22199739453936, 393.4995018686627, 409.00937443502926, 361.0321291215471, 358.0712530014064, 459.9434072868735, 355.9326957747253, 352.00137719862846, 349.6429704238435, 340.31188090910814, 424.2630077548015};