name="DEsPA CEC15";
dim=30;
bound=4;
testID=9;
(*--------*)
min=201.894478751846;
max=367.294207877178;
median=202.69112860534165;
mean=221.6443127941121;
std=48.545784722894794;
(*--------*)
data={202.25030397020964, 202.49144505423737, 202.69112860534165, 202.92669031603555, 201.9358130248379, 202.38007723948158, 356.55286943361943, 202.75060498077573, 203.04834914290836, 202.8941874320501, 202.30722690929974, 316.0437287380498, 202.2260009981403, 203.59819601612844, 203.65739241863434, 202.57213433718084, 202.6846353300973, 202.77392056742246, 325.72342451219924, 202.630998002046, 203.26090841437895, 202.09864600448714, 203.00155702464917, 202.51628570027992, 202.6675789602109, 202.2159907242965, 202.7870606751717, 367.294207877178, 202.038886284588, 330.58875411279814, 202.37596216440284, 202.85912708645697, 202.83034213444398, 202.94447452250301, 350.41925453204203, 202.9711458081033, 202.5792608121592, 202.32071114162682, 202.87351132231606, 203.0430052246918, 203.5146177922686, 341.30095410448985, 202.70135671476623, 202.45377287080237, 202.23069679483774, 202.03386464600203, 202.631505236664, 201.894478751846, 202.34626428934075, 202.55713041778745, 202.36951332543094};