name="DEsPA CEC15";
dim=30;
bound=4;
testID=15;
(*--------*)
min=273.56910122020645;
max=274.32569732950356;
median=273.8102177310045;
mean=273.8376416873428;
std=0.18124158366472504;
(*--------*)
data={273.7530960405443, 273.86967310615364, 273.66331654158193, 274.32569732950356, 273.6439983070468, 274.02416561027076, 273.81322604247885, 273.63443235634236, 273.88990297235796, 273.874351575922, 273.885404009641, 273.7965242214834, 273.92470341533476, 273.88695463256977, 273.6577430068487, 273.56910122020645, 273.74375387355803, 273.6226794880572, 273.60142939968864, 273.62171904570937, 274.14909409135157, 273.7637689448077, 273.96234377352675, 273.65809719354456, 273.9891496011578, 273.8840810148479, 273.5998704412682, 273.8863489179744, 273.9687427592305, 273.6681628670028, 274.26041331453644, 273.84767263026333, 273.7037030470892, 274.2578106067415, 273.68333862274176, 273.6799570728724, 273.8102177310045, 273.7909759271647, 273.77054479342496, 273.8912246362113, 273.9534732317361, 273.95200837826224, 273.5851585277551, 274.02602020075483, 273.7401036843853, 273.9666422120349, 274.011565820937, 273.7821270419431, 273.79614473184165, 273.77935269105797, 274.0997393517123};