name="DEsPA CEC15";
dim=30;
bound=3;
testID=10;
(*--------*)
min=711.9486351577516;
max=1735.0396387939377;
median=1307.4177576863494;
mean=1303.567535673754;
std=204.9630344301472;
(*--------*)
data={1403.6986420620497, 1092.6945042091284, 1076.3782274994278, 1230.0951609821273, 1097.1622804219792, 1387.3979953878647, 1157.2351736547544, 1334.1408735485493, 1502.4718719167377, 1515.5696472520503, 1430.0472950233889, 1633.4544906251608, 1392.5236718296837, 1041.971735809341, 1735.0396387939377, 1116.2008101602878, 1480.2357120579304, 1442.3092490285462, 1603.4434856658208, 1456.7006291525995, 711.9486351577516, 1265.2428581387385, 1375.9489421491699, 1045.594654796447, 1007.8113154996136, 1286.495918411203, 1163.47807376204, 1415.428821171372, 1137.351159101774, 1332.821791877786, 1341.4362780765196, 1214.2348966788622, 1613.3286831786509, 1307.4177576863494, 1300.3857793414509, 1686.7364155687474, 1289.0551433164242, 1534.2224685685824, 1521.9385717081186, 1222.1568545918362, 1271.8732290632597, 996.1476187545663, 1322.7725221408164, 1442.1509494428428, 1231.2874068145493, 878.7920540988018, 1265.3515820230323, 1210.0343605190328, 1281.4828673627048, 1324.0694913164098, 1356.1761239626335};