name="DEsPA CEC15";
dim=30;
bound=1;
testID=4;
(*--------*)
min=196.58767548503158;
max=261.9217785163612;
median=220.91805776808235;
mean=222.6679764637628;
std=15.915494928893205;
(*--------*)
data={202.95000319019994, 239.29256614143787, 200.39346186154683, 200.09316115327806, 217.2591190768992, 234.03268719189543, 234.91948513457828, 198.99130678222969, 259.7986469920053, 241.32203097595482, 235.24555005919672, 196.58767548503158, 223.15186619183828, 215.67401503929932, 213.67502803034438, 230.6403056119516, 219.093107866295, 219.3843656167328, 211.85530770082346, 223.19586015988693, 239.16956970621436, 241.37615829589186, 227.72510534154708, 200.14585658863712, 216.83163677129892, 228.32198133346992, 223.56914070808557, 219.3006828434186, 230.31726943869558, 220.57838563777818, 210.5694935579752, 208.25377844452862, 208.306284331803, 255.24348469613028, 208.3611969236241, 261.9217785163612, 200.69980280594632, 232.83219760223506, 237.47392447407856, 201.22102375590327, 202.86073209435062, 228.72731769179188, 229.60125055734898, 218.30637711960298, 218.28618863430086, 214.76554844788348, 229.1278884998876, 220.91805776808235, 238.2166107292511, 222.01605298907202, 243.4664730852843};