name="DEsPA CEC15";
dim=30;
bound=5;
testID=11;
(*--------*)
min=201.51093033568577;
max=391.7560675601851;
median=343.4887116260529;
mean=327.65424057744667;
std=48.16727977607677;
(*--------*)
data={352.6223480310971, 350.02147157033096, 201.65785557634558, 343.55227282115493, 201.9782959721872, 201.62521963447853, 342.70459430791516, 342.685230286605, 391.7560675601851, 348.0854837149832, 342.5538712558523, 349.8751687788431, 201.6454593374756, 343.34169074288957, 350.4461065173771, 303.25025494245756, 341.24830228350265, 352.2195567975018, 343.6387320261297, 347.28691296604507, 354.480398170884, 360.3755218197948, 350.1827941415954, 343.7441082592354, 343.1448435598795, 344.73517556123375, 347.2352925023579, 341.7029738161623, 342.1023181217424, 343.4887116260529, 351.19182490837693, 350.0740665276653, 352.17475544476065, 201.70222924979998, 342.6913359743212, 343.4863087752624, 343.13312962824284, 350.2265879225033, 341.2166607555505, 303.10191072169846, 344.21433379848895, 345.85926771982736, 343.56701524514256, 306.24144413245904, 201.51093033568577, 342.3339908522946, 354.5579651056887, 342.6280347204256, 341.2798695754484, 344.5452066867706, 341.24236866707383};