name="DEsPA CEC15";
dim=30;
bound=3;
testID=15;
(*--------*)
min=273.6305784856356;
max=274.39976915111083;
median=273.8278152962621;
mean=273.88391348443673;
std=0.19953808703931425;
(*--------*)
data={273.80753663880273, 273.98194802569606, 273.9916493471428, 273.63640965587524, 273.6305784856356, 273.6966044801484, 273.94069696781435, 274.39976915111083, 273.79254693555254, 273.79006516451136, 273.84161689198186, 273.77704927950936, 273.7225152545034, 273.88507264430314, 273.99421401221866, 274.32674313875236, 274.05180775900635, 273.7493101028274, 273.7768467083106, 273.6470854304239, 273.78995057687416, 273.63100035633306, 274.2123026773502, 273.63746759195146, 273.9608122783809, 273.81879702412607, 273.82774185280937, 274.0642575449249, 274.1356645661126, 273.66572995112756, 273.66357969139835, 274.1162487034221, 273.6608677714494, 273.8856693407697, 273.6657122656861, 273.72543785198104, 273.82710244261807, 273.70288794336193, 273.9431602627774, 274.251799239913, 273.9416558784353, 274.2456396949244, 274.0235235017997, 273.940435690115, 273.7107164106733, 274.2004107211749, 273.70722017919115, 273.8278152962621, 273.97087736357344, 273.8389305039984, 274.04610645863477};