name="DEsPA CEC15";
dim=30;
bound=5;
testID=13;
(*--------*)
min=129.89098513903218;
max=142.31569476786603;
median=137.28167123924618;
mean=136.95603587225074;
std=3.1307386657406036;
(*--------*)
data={135.47695790132934, 131.59327901591746, 137.28167123924618, 138.64009448971183, 138.3698664567005, 135.11559240311817, 138.64838654079767, 138.0936102048911, 139.2472479918938, 137.48666051704595, 140.68129400750854, 141.57448488044793, 139.6019702463268, 135.67305713446353, 140.92941256945687, 138.88027782521021, 132.8583115600095, 138.74854933603, 137.4688806013728, 140.3789017728384, 131.14972137973405, 133.12772325307355, 133.88059453079086, 130.51537049434705, 137.10922548856706, 135.10017780808766, 136.29257069942423, 134.11123545927057, 136.23415520477693, 139.74250948782606, 137.56859398463712, 139.25514956046004, 139.78730782689468, 135.20087343607338, 132.1471238963843, 129.89098513903218, 136.28070558785294, 141.70194968748547, 137.2600596008192, 134.31370910691112, 137.10782596090326, 137.50081999137024, 142.31569476786603, 138.07134185022528, 133.89444789378035, 140.74656978506778, 142.25050577487218, 132.65869225643473, 139.291022764344, 137.1180788743286, 136.38458123882992};