name="DEsPA CEC15";
dim=30;
bound=4;
testID=5;
(*--------*)
min=7859.711552066088;
max=9870.404810057731;
median=9056.454717711478;
mean=9007.283815962506;
std=430.53900926940884;
(*--------*)
data={8677.500932413403, 7892.678931776734, 9346.44428588425, 8767.555087120787, 9144.86722156264, 8731.30298041324, 8983.900011962123, 8745.40775131895, 8322.565401254451, 9545.376234278356, 8920.572932052584, 8801.220127500836, 9183.087613537768, 9569.442726111098, 9629.704785799007, 9488.168747952494, 8720.158587148519, 9093.7718072598, 9370.494802401388, 9143.84829360356, 8834.1669416453, 9028.262553364724, 9413.577357981425, 9021.54659215775, 8660.605864463796, 9870.404810057731, 9414.896590950666, 8577.408322511852, 9543.851965189067, 8421.611047521717, 8846.272671891213, 9282.212379983166, 9087.279585838734, 9022.116152108061, 9126.727896657527, 9067.751402337666, 8731.785896446167, 9349.666850890615, 9056.454717711478, 8374.588208892743, 9112.413292583016, 8957.88457741765, 9289.174503444314, 8695.480397238454, 9132.748367210303, 7859.711552066088, 9479.144852060828, 9147.79743444439, 9015.983404703384, 8219.760697582682, 9652.11846538342};