name="DEsPA CEC15";
dim=30;
bound=0;
testID=5;
(*--------*)
min=7570.818429247264;
max=9838.593227424479;
median=9110.38194477314;
mean=9057.149483050136;
std=424.9715494287804;
(*--------*)
data={9256.079255893124, 9173.023381745777, 8538.64068228321, 9618.173334313, 9413.880459689392, 9345.48124936808, 8757.953720372214, 8521.876670666275, 9442.072834905493, 8568.30233612279, 9054.59211872971, 8514.946238129414, 9360.12287083139, 9368.670309186156, 9061.693124904363, 9065.65074859445, 8824.330471774283, 8896.296419503265, 8915.71709834019, 9615.899420073885, 8903.844063132376, 7570.818429247264, 9390.231674959778, 9112.505937653546, 9134.875188779246, 8333.722236304442, 9451.361853086639, 9367.988683907679, 9315.31844041806, 9019.821154676181, 9110.38194477314, 8114.029779332082, 9509.069013487451, 9376.058856408525, 8669.269860506385, 8768.921706750065, 9003.363220837165, 8950.279309156116, 9625.825988343502, 8833.35285542291, 9838.593227424479, 8699.953328334783, 8653.240659921059, 9352.51458688169, 9338.007997369568, 8889.753614367266, 9282.432381816318, 9516.920019890586, 9402.132440827612, 8908.529166945491, 9158.103269169098};