name="DEsPA CEC15";
dim=30;
bound=2;
testID=7;
(*--------*)
min=5.291960487607753;
max=6.970891430887491;
median=6.000779282942631;
mean=5.976900463841315;
std=0.34500781753823706;
(*--------*)
data={6.490032206513774, 6.243460998101568, 5.291960487607753, 5.765965103725989, 5.888886008501345, 5.847478858141585, 6.508221202110235, 5.452203285020346, 6.000779282942631, 6.180937814286381, 5.715387591430272, 5.901004249525386, 5.648713855505775, 6.970891430887491, 6.2385738484543936, 6.312102327095431, 6.178563391354601, 5.538824104476021, 6.168101414240027, 6.173389011466611, 6.5154135792915895, 5.819659026758927, 5.84052507273293, 6.007631138167653, 6.00835715802134, 5.397570934918804, 6.279059114044458, 6.083447091847347, 6.277911218883105, 6.084917161779458, 5.743806093810235, 5.773699573825866, 6.022449119767998, 6.447619826013124, 5.80124561216337, 5.718592071024773, 6.217516349615721, 6.095014634974973, 5.661120752012721, 6.081268666275946, 6.143635727857259, 5.406913943986524, 5.730085309958554, 5.422718974550548, 5.986421202384236, 5.680980123463314, 5.8198315259014635, 5.699712186465717, 5.757625875921008, 6.540819024685106, 6.240879093415401};