name="DEsPA CEC15";
dim=30;
bound=0;
testID=13;
(*--------*)
min=127.1959175827003;
max=142.84491110029512;
median=137.15126238594985;
mean=137.00284336516057;
std=2.7532572378074303;
(*--------*)
data={132.15425358586754, 140.92298556462833, 137.08490408661214, 135.7740577984937, 135.9041100332397, 137.15126238594985, 136.21409533669612, 142.3732801576018, 134.2194183960844, 134.85669740976732, 136.4284212739508, 136.82248017820484, 136.34490743324272, 138.39580475221305, 134.9222734710063, 136.75791195459465, 138.33557989162637, 130.42594016620842, 139.56556733181424, 136.85560016857266, 138.58937798063835, 137.67548913085307, 135.55988433811808, 134.22033644650492, 137.85714674936844, 136.94780073529296, 133.11275676139167, 142.84491110029512, 132.98976150065482, 138.12458142941273, 139.53002567860835, 137.29663317073664, 141.70151672694192, 138.43280755106525, 135.12991535290212, 136.40026377452364, 136.63835501540052, 138.5653931472134, 137.87048303549568, 138.9392524256657, 136.9870147415745, 137.60102278644172, 139.35586388918978, 127.1959175827003, 138.22945662781171, 136.39958935011668, 137.20880155245413, 139.04744901716117, 139.27006416055337, 137.8607011626973, 138.0528873250305};