name="DEsPA CEC15";
dim=30;
bound=5;
testID=5;
(*--------*)
min=7706.912246690848;
max=9648.61770308561;
median=8930.332861486493;
mean=8851.957283857795;
std=540.5135908489173;
(*--------*)
data={8680.940132971522, 9047.595739582523, 8842.967832091319, 9453.881234743856, 8867.746156115114, 9307.114200003745, 8992.96159549309, 8730.748417933784, 7846.921768158412, 8006.504244806243, 7812.846941520584, 9016.922980776944, 8390.131129627931, 8622.937443635868, 9345.18430348934, 9426.583704523282, 7803.530850244766, 8930.332861486493, 9106.10335374096, 9354.122798597102, 8678.248960624054, 8946.90000129936, 9352.683259504476, 9425.05171332806, 8635.81790168047, 9479.050736311996, 9194.603096379133, 8721.137235698061, 9590.472390473196, 8492.255997129603, 9084.31148195202, 8216.451698684883, 8477.21344939318, 7706.912246690848, 9648.61770308561, 8611.49696549337, 9048.15274628812, 8703.34287758365, 8989.338153723767, 9487.70221371873, 7758.161234013243, 8834.972722876128, 8519.737899534643, 9621.170802500992, 9318.649737773105, 9328.315190982365, 8025.8278535987665, 9424.996702742204, 9437.056292747664, 8634.946576226337, 8470.14794516668};