name="DEsPA CEC15";
dim=30;
bound=5;
testID=8;
(*--------*)
min=987.7084763813673;
max=2173.3362424685715;
median=1585.9382499541312;
mean=1577.3855785471567;
std=246.02850276604954;
(*--------*)
data={1676.012060490837, 1834.1995324349136, 1555.3394114138282, 1882.6477031126587, 1745.8898074453182, 1640.4982408427686, 1229.984661900522, 1379.9349080400725, 1766.345549262394, 1929.1169890146307, 1772.4786692172142, 1228.8232485828992, 1489.7338012264654, 2173.3362424685715, 1953.339241865834, 1574.4882434127744, 1543.5646890146804, 1509.6794672922824, 1572.904051473252, 1662.3661757855443, 1634.3450756174357, 1627.6589437951725, 1446.4196107524085, 1343.3428729557527, 1357.1713287488715, 1835.7500378446653, 1508.1249782154873, 1761.2198402720073, 987.7084763813673, 1474.7022871068116, 1161.5922889649537, 1140.072509943281, 1896.7591932008627, 1100.7941661025793, 1506.8641037703173, 1585.9382499541312, 1769.6916401229391, 1956.8099175887342, 1451.082594295518, 1620.7088653961086, 1452.6903110396843, 1677.9734189451574, 1194.0735093293258, 1276.864539062377, 1695.8107565594446, 1701.3073726655275, 1537.0278293873894, 1767.5438599515646, 1630.9278571131276, 1670.2217563042655, 1554.783620220278};