name="DEsPA CEC15";
dim=30;
bound=2;
testID=2;
(*--------*)
min=96.72410384267624;
max=4217.1617709996335;
median=1228.2760581428975;
mean=1373.1345616081917;
std=929.6125121966966;
(*--------*)
data={174.62100189151602, 621.2139801696467, 625.8180944689833, 213.8000999680961, 1775.590171228221, 2008.2620425905916, 2830.229738016678, 1229.6068553387734, 2870.3912714243515, 471.1170245979738, 544.2912329759606, 2614.443542407048, 1526.6740802992147, 960.4590954329228, 2652.122549907364, 2317.2208726939516, 2536.0153240065883, 758.0802117881722, 357.53654398483866, 377.7112112332052, 453.74371144563133, 96.72410384267624, 835.9905308530815, 3004.920870464036, 2002.9236171215957, 1232.588184248349, 1945.91036596487, 2112.25257506655, 363.86702101050696, 1263.0677363683358, 601.584156476887, 497.7675384527204, 982.1402979692275, 1189.3449490363575, 1464.1653903767947, 689.8435036857632, 1892.7716842625532, 1228.2760581428975, 1079.2734318649143, 2679.146720317629, 1477.8567013150998, 515.2923273273103, 1427.3448308404777, 858.6610460827305, 4217.1617709996335, 799.5103026611957, 2912.117728412939, 516.9009741738855, 862.9523497168902, 1647.3424058625096, 1713.214813229657};