name="DEsPA CEC15";
dim=30;
bound=2;
testID=8;
(*--------*)
min=885.2345564842353;
max=2018.617936859102;
median=1631.4301170190643;
mean=1616.3267988020584;
std=267.8525713321155;
(*--------*)
data={1578.6631545427617, 2018.617936859102, 1875.2503728072443, 1904.3498831698994, 1566.1038007825746, 1771.9484817792882, 1994.1944308230627, 1963.0514172307453, 1865.1412138782653, 1138.8251803246235, 1593.512652942124, 1367.7271453261278, 1786.254229527297, 1727.4842075224128, 1631.4301170190643, 885.2345564842353, 1800.5007269753987, 1929.9577854161917, 1544.3108598220479, 1409.4179068971407, 1820.1751027331784, 1580.4072050542982, 1666.5281722084483, 1264.5935685965724, 1635.031016649561, 1302.6533188206367, 1704.174142222956, 1899.3563189408692, 1916.960263457313, 1465.4006045986152, 1588.920612402686, 1914.9948463721607, 1161.2870348654149, 1282.3447974153733, 1624.4715203621085, 1779.2098249602013, 1252.3080679099094, 1837.8570588354214, 1836.5009427420173, 1175.16624989918, 1540.432235879809, 1981.6303103026466, 1427.7133071502813, 1704.0730785318883, 1447.7366063304426, 1906.3710847145603, 1440.6102243367882, 1229.9885704517603, 1411.2530947232217, 1521.5435288443418, 1760.997968462752};