name="DEsPA CEC15";
dim=30;
bound=5;
testID=10;
(*--------*)
min=683.6976692215201;
max=1633.3601066263418;
median=1212.2469121244712;
mean=1176.9277189671043;
std=237.9882774265823;
(*--------*)
data={1286.3198779877948, 836.4844125678524, 1467.9479775414134, 1268.38047535837, 1294.6215785063187, 1335.0095364138929, 1391.2093602637606, 797.8512431578672, 1527.063249878628, 1354.985889191958, 683.6976692215201, 758.1782519054923, 1625.984310601304, 1533.4496585899283, 1072.6942587582012, 1234.5059316193156, 1259.5231357367416, 743.5934722054642, 1327.1190820554766, 989.1727668359556, 971.5467776227993, 1550.0670727037532, 904.6120358621051, 1201.2300519521732, 1122.8670052243779, 1164.114911961662, 1322.3394514055253, 883.5739431818915, 952.378573443689, 1133.5777449979005, 882.5794856284701, 1307.2992555925448, 1278.2345235178327, 1075.713511330539, 1343.455900681618, 965.9168436018504, 1228.590263705802, 1257.3805020246955, 1057.2482864490012, 1633.3601066263418, 1133.1346789414874, 993.5830473491887, 1035.3378567574134, 1212.2469121244712, 970.9320868907264, 1007.2657403411908, 1323.4835592823756, 1252.4311877839814, 1621.206211423531, 1153.8405537822036, 1295.9734467339122};