name="DEsPA CEC15";
dim=30;
bound=2;
testID=4;
(*--------*)
min=196.9291509616628;
max=264.5383303557322;
median=228.23206105157885;
mean=230.09573440925655;
std=17.19640463828173;
(*--------*)
data={239.0431659359408, 245.38587696764546, 215.8862114522285, 232.02901594405716, 210.3849642370368, 215.61903230303062, 227.0931314211865, 256.50538709754346, 240.2087593819674, 228.23206105157885, 212.60455360173012, 240.20282687824442, 229.2168591329562, 228.5552440203728, 218.98213949662284, 244.9379102909345, 232.8163874332389, 219.2213428447833, 227.1476909452964, 224.2508619589546, 256.9948284599195, 250.46960954205224, 256.9160484040226, 227.39356991628256, 224.20608988800245, 223.48713421186267, 220.90051305638065, 208.0210991278259, 196.9291509616628, 262.51784952458956, 199.74114302080613, 261.0926997390193, 236.55980426579526, 264.5383303557322, 243.5680475999394, 212.91163841590492, 227.73699862982062, 232.94047413198405, 236.2835460133141, 204.24522734894538, 250.03882641011285, 257.82709138490725, 218.46716312959052, 236.03339125913703, 220.39355469807913, 213.5713063398648, 228.97913009845252, 241.5105295690255, 209.93210180233734, 211.07989346142153, 211.2722417099459};