name="DEsPA CEC15";
dim=30;
bound=1;
testID=2;
(*--------*)
min=10.090876838288864;
max=4702.997205836271;
median=771.8908302366706;
mean=1122.5907209376026;
std=1013.10450642064;
(*--------*)
data={1033.3190385416315, 394.0987627355528, 682.2194253215212, 769.6434769541628, 716.2989666657052, 1735.9888758388508, 2513.2776742866577, 469.6811446530867, 472.35668094022617, 972.5661675070414, 1669.0251135860804, 4363.716902179286, 863.5890815724952, 2463.8499092672573, 472.7169260020771, 1979.4951940433857, 2567.105064492587, 1900.4501503843458, 222.7792175790014, 1075.406522176178, 1683.1159147914086, 95.36583407527303, 809.1381987183653, 580.3088701334957, 220.04680795071118, 4702.997205836271, 1042.2307519506815, 1032.0071196926383, 10.090876838288864, 1470.4240482965527, 698.0947162990317, 188.15497262512048, 51.094061510184275, 465.3935373503027, 749.5351914528216, 645.507048331682, 384.33057514719985, 267.6907784914911, 1344.8322398912517, 445.86280448078355, 753.5254679500774, 771.8908302366706, 1149.6014872165413, 318.54036703151564, 2746.5536019120514, 297.9804669292843, 912.3353072329014, 2959.909472957648, 1506.4288363587661, 1153.0529027651658, 458.5021786364248};