name="DEsPA CEC15";
dim=30;
bound=1;
testID=9;
(*--------*)
min=201.92426194066434;
max=354.04409113909287;
median=202.60614157955706;
mean=208.27433857705023;
std=28.15592758776916;
(*--------*)
data={202.06177887365834, 201.98589406567112, 202.2348748805989, 202.4893378701936, 203.6045206161457, 202.80744885186846, 202.25013317619187, 202.77261343441205, 202.60880290646628, 201.92426194066434, 202.7923325703839, 202.13782054387843, 203.298031568861, 202.06443395161705, 202.01849018512667, 202.84570993687885, 203.4287803112336, 202.83517942194908, 202.7995208539819, 203.12022078138716, 202.48728560301265, 202.2000959782847, 202.51658498853362, 202.17224042094267, 202.8678320081142, 203.05516543797148, 203.9854741541194, 203.3287208188881, 202.80804965682842, 202.5934151391616, 203.11199021779157, 202.11134881870385, 202.2178897263782, 202.1402262559168, 354.04409113909287, 337.99295795204716, 202.83881352169647, 203.18924895687746, 203.07074399169937, 202.49736679509874, 202.15842852643027, 202.2995747625671, 201.9870400905818, 202.57913802728694, 201.99607222299278, 203.30940871643202, 202.60614157955706, 202.33263425456562, 202.40129398527029, 204.0009601445663, 203.01084679697897};