name="DEsPA CEC15";
dim=30;
bound=5;
testID=1;
(*--------*)
min=265.95461690432364;
max=9869.747428274573;
median=2134.7888432716445;
mean=3108.3811512798484;
std=2537.8220631854424;
(*--------*)
data={1102.8604749866795, 4905.824244613007, 1384.4152975637942, 1833.1008875509178, 2134.7888432716445, 3064.366671974908, 1629.0139188539376, 494.2726673463826, 2206.807705117055, 1240.1434006005504, 3004.0391688278514, 4183.225870966048, 1398.8316196243904, 2489.7365224971413, 938.445209658184, 7812.927981185456, 1168.5398617236253, 4667.307639242629, 9869.747428274573, 265.95461690432364, 1529.670819159469, 2394.2540995183936, 7948.96152068467, 664.3474618770599, 4604.8126162930375, 1251.7587258719573, 3132.278290192194, 5362.841487283636, 6610.433107438027, 2206.0929484355156, 930.0257857438326, 1763.3639409329453, 1157.7906563078043, 1450.5207881279798, 7130.451811817965, 2356.777159204375, 7822.553802405719, 983.3352764088258, 8185.992111760092, 1135.723008076312, 1673.5680146115674, 5683.490656256409, 8490.707424355349, 1214.9331330036896, 1054.5042511099682, 3218.693667767239, 2974.1592689869854, 1930.3284459700087, 836.573234715972, 1314.126422886032, 5720.018747286138};