name="DEsPA CEC15";
dim=30;
bound=0;
testID=1;
(*--------*)
min=163.20772414333464;
max=14950.170866505017;
median=2023.7352839846544;
mean=3066.5296683289675;
std=2962.403240533159;
(*--------*)
data={3643.031008223709, 163.20772414333464, 863.3465416185192, 1313.2338395195839, 3470.7142333294782, 1761.8920536124963, 1385.0960896444299, 2023.7352839846544, 3585.770535496843, 2128.41452800528, 1022.0415907332167, 356.17304735083013, 14950.170866505017, 1996.7925995745568, 3758.950631068793, 1299.7965654482668, 1842.6557660266851, 2691.7616769574056, 2298.532116344993, 511.89872485449064, 258.5910581162315, 1809.7594915632003, 2240.8920183379846, 4360.731727696089, 810.4546685343585, 1180.941866260989, 2059.8813712618826, 1699.5918896192745, 4413.64923986749, 1395.6995383083674, 10979.765293458415, 2059.1698760526374, 9007.488056385842, 2096.416136499649, 1343.0874419833387, 1426.9159212733448, 1963.7626761094343, 1837.2732419157726, 3121.6981166353116, 1590.7976254724754, 7399.02872537725, 1245.7066896828946, 5519.127953169092, 568.1766776100284, 9639.322969218782, 4238.891773758652, 2528.447945617019, 2822.3295921455488, 6945.615176961482, 6907.382251974172, 1855.2006514677119};