name="DEsPA CEC15";
dim=30;
bound=0;
testID=12;
(*--------*)
min=111.35622102336265;
max=116.41426247443496;
median=114.25472299308512;
mean=114.22886021387892;
std=1.1079568075156914;
(*--------*)
data={113.39051385462199, 114.45520026982922, 111.35622102336265, 114.38336922703274, 113.83538660383056, 114.48795141232426, 114.34648681979525, 114.18137485530178, 115.50708905692568, 111.52688540891882, 113.58818557883524, 113.21546429985165, 115.65929272544099, 114.06075247345143, 114.57272231861657, 114.02464639372215, 114.63506906029579, 115.76164530242863, 113.44388741030866, 113.769433134162, 112.15381548170444, 113.67717187120024, 114.19142503282819, 116.29899848042896, 114.96523217049844, 114.4333190184932, 113.51484668984449, 114.13139226378325, 113.82160461308422, 115.63167374466184, 113.67163966475596, 114.8349613688747, 114.16307193345847, 116.41426247443496, 113.96797677442692, 115.09372457359359, 113.21488442986674, 114.25472299308512, 114.29886656608073, 112.32190549028246, 115.54231437654744, 115.31478502055961, 114.78507036569727, 113.02691850431893, 114.88115402085009, 116.24847822785796, 114.49267761712849, 112.44905387041399, 114.86976580957048, 114.7285024771777, 114.07607775326005};