name="DEsPA CEC15";
dim=30;
bound=0;
testID=8;
(*--------*)
min=481.9388985072651;
max=2236.1298703719694;
median=1605.2895765365665;
mean=1591.3253963962993;
std=303.00064333411;
(*--------*)
data={1594.6230390036944, 1806.2898953175295, 1605.2895765365665, 1701.8997194666904, 1535.252122716839, 1186.8370391582016, 1717.881370997016, 1521.365082349179, 1708.6363678522312, 1355.450771394274, 1295.100090284841, 1822.9045520576774, 1752.446160880163, 1422.2224830728978, 1056.109054412744, 1286.9636672571914, 1715.0893249157907, 1740.1671171478038, 1379.0525361149057, 1792.869483500573, 1670.4097135747838, 1870.1291260791804, 1987.1563645512265, 1835.0750939177233, 481.9388985072651, 1340.0165063072436, 1577.4874992075606, 1723.0339699822925, 1869.8909789147683, 1938.3302844350392, 1253.5626178004704, 1480.102820209997, 1716.7119937582997, 1390.6976242808269, 1405.7272656292712, 1803.3778475258418, 1581.8908094716007, 1890.956548834556, 1924.2314731229158, 1904.5098304797993, 1400.1404011131235, 1207.6623834741542, 1585.3539150237893, 2099.0392659359236, 1708.934286578723, 1587.0475767289445, 1347.8962457482266, 1817.9642405575023, 2236.1298703719694, 1329.4650593327246, 1196.275250318716};