name="DEsPA CEC15";
dim=30;
bound=1;
testID=3;
(*--------*)
min=21.14156267501363;
max=21.449161458326216;
median=21.324123309550828;
mean=21.31728480853144;
std=0.06657937721065152;
(*--------*)
data={21.364996604325086, 21.379629642617374, 21.145667110342913, 21.348373861609616, 21.313625569907117, 21.34294417970284, 21.322851102427933, 21.348699728924657, 21.252985374537502, 21.228697486551937, 21.14156267501363, 21.341878315780093, 21.332172462068286, 21.28984893545055, 21.335472246129427, 21.266170615231545, 21.261936851274413, 21.354888962272128, 21.260964125384703, 21.18419081920956, 21.360566732838947, 21.39001849809381, 21.330037160907352, 21.447401252414068, 21.32532221771538, 21.324123309550828, 21.376464731488852, 21.317558474635575, 21.3103013870425, 21.37901208436938, 21.291351295462448, 21.386133373377675, 21.311152677567293, 21.35987375901078, 21.449161458326216, 21.277327369167836, 21.314205458519893, 21.292615647835817, 21.32376951899448, 21.214683203517097, 21.269745365392964, 21.446981998511887, 21.29444929524044, 21.348822625734556, 21.409251381535512, 21.227730773721362, 21.357750632113095, 21.271508375958774, 21.326551985550452, 21.298473799933163, 21.331622721813744};