name="DEsPA CEC15";
dim=30;
bound=2;
testID=11;
(*--------*)
min=200.00809416942116;
max=202.30109577634516;
median=201.53185071157054;
mean=201.01284647660586;
std=0.7773690442507637;
(*--------*)
data={201.66614923635098, 201.67332868333006, 201.60095418726291, 201.58040413739627, 201.52705016195046, 200.05753132332256, 200.02219493468579, 200.0172514761498, 201.6579687566027, 200.0189087700894, 201.57704251202222, 201.76963355637918, 201.5596871268467, 200.0089158591445, 201.47475223798983, 201.5667204965673, 200.18285593670203, 201.58174217100282, 201.69159740468285, 201.61641618071417, 201.50415915268536, 201.6016864668277, 201.49720783276894, 201.6973700344838, 201.53185071157054, 202.30109577634516, 200.06226173422124, 201.61256284462638, 200.03432948014802, 200.00809416942116, 201.57300744918803, 200.01044571192733, 200.07166401163113, 201.57532578138398, 200.0104159486973, 201.5622459584622, 201.51547871286198, 200.07024578174742, 200.05722306543817, 200.00900362724678, 200.10155013264512, 200.13093953779844, 201.53185133025022, 201.54659009156148, 201.6392963518283, 201.76007828903448, 201.6913957591887, 200.0743757627008, 200.06713867820076, 200.312986816881, 201.64218815593358};