name="DEsPA CEC15";
dim=30;
bound=0;
testID=7;
(*--------*)
min=5.878917468051554;
max=7.372962096386118;
median=6.56247733103703;
mean=6.597755426664379;
std=0.3588532708011369;
(*--------*)
data={6.56247733103703, 6.792711998891832, 6.399494408566966, 6.837242577828761, 6.494454005421517, 6.438905437658946, 7.044312194872987, 6.988329044712714, 6.051940433469099, 6.318071122348897, 7.167696005094967, 6.247432494107102, 6.7546698882824785, 6.394709627675297, 7.372962096386118, 6.14744267438175, 5.901793225389042, 7.007358982078131, 5.878917468051554, 6.420405667073624, 6.182992947452476, 6.335220916216258, 6.776215982884878, 6.75546211649953, 6.964657226031818, 6.455972158016948, 6.348235492591584, 7.049642463987766, 6.142180922598527, 6.8118995685422306, 6.982328086149664, 6.837056782806826, 6.337627535724323, 6.823223542672849, 6.780315412331333, 6.204913225733094, 6.426088559856112, 7.204042139694366, 6.224660818974371, 6.744739063567181, 6.7224385239342155, 6.982922169193898, 6.610331616469011, 7.184805543898619, 6.36540822723498, 6.535221157837668, 6.539691451628755, 6.574182965998148, 6.831348557302476, 6.52374366094034, 6.006631239784269};