name="DEsPA CEC15";
dim=30;
bound=3;
testID=14;
(*--------*)
min=27380.937633142617;
max=27964.561943834073;
median=27459.15399258025;
mean=27502.963128667187;
std=104.69278723033732;
(*--------*)
data={27403.111741971232, 27493.786037305377, 27405.59359813122, 27412.74108747976, 27632.499775576252, 27644.581819218514, 27541.138894261916, 27439.682185612895, 27424.583788860888, 27473.27510939274, 27455.66325219874, 27488.861172344565, 27435.44231850882, 27430.363361925436, 27524.606154798654, 27438.628414241102, 27403.93074473219, 27441.177489811857, 27446.023666877507, 27964.561943834073, 27627.368060484707, 27579.849177062166, 27459.911777938665, 27610.711985593316, 27563.68785259696, 27417.406681277447, 27609.947855921542, 27400.00642146225, 27408.24783554408, 27574.79227830453, 27459.15399258025, 27451.605836677394, 27615.916806409426, 27506.56661948424, 27457.598299890025, 27672.389085087718, 27446.848809427174, 27533.786418973203, 27644.727277047623, 27420.28317089581, 27445.33339522384, 27448.80602259701, 27440.058354127323, 27543.64763003267, 27409.414054942758, 27380.937633142617, 27492.373602048705, 27555.49728905319, 27539.475573709627, 27624.350802374636, 27410.166405032003};