name="DEsPA CEC15";
dim=30;
bound=4;
testID=14;
(*--------*)
min=27326.841875100403;
max=32343.709368680153;
median=27327.008437908728;
mean=27794.818522161087;
std=1423.881226244847;
(*--------*)
data={27327.250726780945, 27326.92768095457, 27328.52906191982, 27326.981405447106, 27326.98730355302, 27327.871166207988, 27326.866219863794, 32343.709368680153, 30771.184130634974, 27327.03985108304, 27383.498786008626, 32342.978339620226, 27326.949290661687, 32342.782254759484, 27326.8747511375, 27326.876340614574, 27327.020158559968, 27326.925732421787, 27326.87101289507, 27374.56173470834, 27327.23233931666, 27326.867242434964, 27326.980927980265, 27355.75764856939, 27327.666247058783, 27328.220290583085, 27326.856009598585, 27326.928760473802, 27326.970970727332, 27327.008437908728, 27327.05232404463, 27327.023600269495, 27326.893168415736, 27326.841875100403, 27326.959870355826, 32343.38786052083, 27327.598045262108, 27398.017125769373, 27327.11542496774, 27398.04532568605, 27326.974425547844, 27397.974799453106, 27326.963872839904, 27326.919092269236, 27326.92993670111, 27327.06162605177, 27326.89071090631, 27326.949988150085, 27326.991064431077, 27327.088340121125, 27326.891962187317};