name="DEsPA CEC15";
dim=30;
bound=1;
testID=12;
(*--------*)
min=112.08253800634816;
max=117.26790765406622;
median=114.6112787707998;
mean=114.84979752272852;
std=1.3012355097114476;
(*--------*)
data={116.8592425064544, 113.37533932310316, 114.49163063932974, 113.95160449806008, 114.36390192804924, 113.18314959976806, 112.90532818873658, 113.4176974320626, 114.55917298210306, 117.12555815932637, 113.13288059495858, 114.19702829244238, 113.85197895001534, 114.32907966208722, 114.25938327286917, 115.36486188261347, 113.85106561379234, 115.70275185804462, 115.54438545496782, 115.31327936289381, 114.91959956419214, 114.6112787707998, 114.52500889439716, 116.38298483260814, 116.02712302040413, 116.94245889879835, 112.08253800634816, 114.9873886288492, 113.26301557830084, 116.3377766234471, 113.17223587382432, 117.04616018895672, 114.61003005185057, 113.98819827771308, 115.21785062401364, 113.23814773587742, 116.06507549852154, 116.29801961608314, 115.0131830854325, 114.56283528193853, 115.08953086461042, 113.74699407223943, 117.20122425021304, 116.15243151016512, 115.0228658237113, 116.1554054826604, 114.88164119048042, 115.45304741079644, 114.30198580927299, 112.996410336905, 117.26790765406622};