name="DEsPA CEC15";
dim=30;
bound=2;
testID=5;
(*--------*)
min=7400.524739606103;
max=9617.68965553722;
median=9007.699460700867;
mean=8975.113918991055;
std=479.2124978687567;
(*--------*)
data={9014.49057437598, 9380.861448720545, 8622.48410519937, 9360.465428783074, 9159.027963163458, 7753.517259210879, 9265.102384239035, 7400.524739606103, 8446.150542058207, 9602.849950593025, 9156.9620647242, 9288.567223368795, 8843.935209480163, 8764.035515101456, 8852.208508464839, 8922.068713243634, 9359.553367727112, 8834.254001413768, 8883.390556568826, 8082.2107738735795, 8968.593755360445, 9007.699460700867, 9470.647164071566, 8877.10972049838, 8709.697756050711, 9580.33252367202, 9210.726451573693, 9317.349614109571, 9421.740461119, 9173.062879152449, 9504.449702023885, 9004.010886330703, 9450.650450327907, 9300.794321715463, 9171.809935708605, 8898.51382437961, 9617.68965553722, 9148.371366180798, 8921.45977901428, 9456.872896136123, 9289.105809508066, 8406.774874207147, 9465.08947546876, 8672.260367880874, 8685.641754672868, 8575.818113938496, 7953.164874653696, 9459.540476696393, 8442.318346339227, 8902.98089899929, 8673.871942599806};