name="DEsPA CEC15";
dim=30;
bound=3;
testID=4;
(*--------*)
min=175.53499276467926;
max=270.1738864636566;
median=232.04561500002114;
mean=227.30736931617696;
std=22.19676960406129;
(*--------*)
data={250.0988622846976, 238.6164466843843, 214.64496813230494, 260.7532023738538, 176.11396294919302, 175.53499276467926, 206.67451807120403, 235.0174451768737, 231.74989619637245, 237.96703384719194, 237.4859209254173, 229.65300714532611, 233.39191848736618, 202.84678878282978, 194.1588675658445, 204.44484560243393, 210.63212690240357, 201.24903130407665, 218.67804683324312, 229.8861041491333, 239.49028363492914, 185.67111876613558, 236.7353142299363, 224.97163441797647, 264.7360395812884, 243.2799204264203, 228.340071292302, 229.93392896643388, 240.5040052363795, 217.89257014522843, 235.3520312887033, 241.97997417226566, 246.16251825628729, 252.51425318282008, 247.6034830536662, 232.04561500002114, 239.87136649621857, 216.39051801265543, 197.7968100102221, 233.74158704859042, 270.1738864636566, 210.38319902934109, 232.86252322134476, 260.11675126251646, 229.22544708009832, 247.85207744675154, 204.86897504044703, 247.08833656827574, 241.97598423336228, 217.7980724322955, 185.71955294962413};