name="DEsPA CEC15";
dim=30;
bound=4;
testID=6;
(*--------*)
min=1655.1585592480915;
max=3123.069222091225;
median=2484.341322713524;
mean=2450.63031483746;
std=387.80191260092613;
(*--------*)
data={2781.820070182279, 2608.7192917099, 2479.0427670135964, 2694.927161026871, 2109.850408502157, 2184.0175559130694, 2525.81663058046, 2046.9452123427473, 2858.581249831222, 2288.2542891490575, 2346.397079291715, 2422.0765795378215, 3123.069222091225, 2833.4871789900926, 1787.5850304374735, 2560.26055875146, 2670.7928004001983, 3087.661926580366, 2669.6786796196448, 2675.9369155105587, 1680.0145954942418, 1757.3820728613123, 2292.4322970209205, 2566.4397969542124, 2310.711441333437, 2634.7677748233423, 3103.0308450301504, 1899.9407538754513, 3063.552504919935, 2377.037626193439, 2490.5471540457215, 2484.341322713524, 2294.661187654724, 2302.0690763859257, 2486.060624041093, 2623.2697278331184, 2420.5831475565883, 2371.0325855228534, 2663.5325636739535, 1655.1585592480915, 3113.3150284533444, 1991.7484269988072, 2921.9123570047996, 2805.0320256328678, 2449.264273066018, 1803.295981484127, 1762.1334298581173, 2699.580212446296, 2643.6703042845293, 2091.9044951202522, 2468.8032577173467};