name="DEsPA CEC15";
dim=30;
bound=4;
testID=8;
(*--------*)
min=1181.1413158976075;
max=2226.708665049999;
median=1708.2591152151927;
mean=1645.8545563792666;
std=234.9254543475144;
(*--------*)
data={1753.388362635094, 1828.2608689999524, 1727.978323781953, 1815.255790871127, 1950.2334615845962, 1615.4463211899483, 1779.920713542962, 1684.7351654170325, 1496.5170319152185, 1742.6256970273603, 1736.4368578676776, 1833.522369288109, 1222.6385946785558, 1813.7149425233665, 1755.1006485896078, 1181.1413158976075, 1949.9062802495291, 1818.1909970178858, 1411.4638579059356, 1739.2705087936179, 1810.397546371757, 1288.3903670401914, 1502.3759124926564, 1628.1308340373134, 1607.4619406849788, 1890.5314688804992, 1718.6719461655875, 1578.0661621690429, 1831.7828046349268, 1792.2605288760851, 1320.064500430959, 1609.5486818938075, 2106.726380166004, 1470.1770945620005, 1563.5610183717745, 1570.2217679784521, 1708.2591152151927, 1795.3822512172978, 1559.797960146766, 1259.8038821350174, 2226.708665049999, 1561.8979682414124, 1330.7456239864346, 1315.116385652154, 1905.2106429118985, 1534.520265327817, 1772.6499953580715, 1819.5166036766586, 1302.0611440692342, 1192.4147856268537, 1510.3800221945994};