name="DEsPA CEC15";
dim=30;
bound=1;
testID=8;
(*--------*)
min=1089.075919144527;
max=2221.133606545418;
median=1697.2641472139721;
mean=1687.383645355012;
std=241.38392639920448;
(*--------*)
data={1821.8082129870445, 1775.9501733846469, 1546.5215112156711, 1878.6707696583626, 1436.847815592395, 1331.2721304373995, 1699.9271642801118, 1691.633880513386, 1582.1975108570032, 1789.758527003527, 2022.1322896774045, 1562.0173278916236, 1687.311102027341, 1764.1937573153732, 1836.192349690482, 1486.6056068189032, 2063.181717014747, 1126.218228447683, 1905.1235392713315, 1741.6666194173977, 1521.543956628876, 1089.075919144527, 1808.8596127053902, 1541.431979181738, 1494.9906003740161, 2221.133606545418, 1608.527761476831, 1450.2274850284248, 2111.981437832195, 1847.8210046974782, 1646.6207411405394, 1536.8620958696583, 1804.9001232633354, 1850.4608832841172, 1488.4782343630204, 1727.0323245671561, 1848.323381510144, 1688.3160340456475, 1410.4455474404303, 1860.4471082440823, 1642.6372140114063, 1854.6755409241541, 1116.612445291862, 1650.9842921663635, 1694.9804988766846, 1939.6987802485855, 1713.8581986526906, 2154.44002583419, 1697.2641472139721, 1749.366355084294, 1535.3383439565732};