name="DEsPA CEC15";
dim=30;
bound=5;
testID=15;
(*--------*)
min=273.58221149846304;
max=274.32544656471873;
median=273.78247571804513;
mean=273.83135093187303;
std=0.19072347250346713;
(*--------*)
data={273.6791988477005, 274.2796809786478, 273.61861810469327, 273.76483769653987, 274.277565877449, 273.7922372405426, 273.8214340322097, 273.8381182300359, 273.8467865704538, 273.7351314640855, 273.9946182726153, 273.58221149846304, 273.993909531167, 273.78247571804513, 273.7208303127045, 274.0650375330415, 273.6490300425942, 273.9741856842036, 273.7163678634031, 274.1658541837319, 273.7830384232939, 274.12039685075797, 273.70004297921287, 273.806256658303, 273.68550841591764, 273.7551027934462, 274.14736154392904, 273.6893774524142, 274.0978371232227, 273.99558199026797, 273.7646516044333, 273.7158806632501, 273.81958360779436, 274.32544656471873, 273.6703205005215, 273.7567195459096, 273.92149264885256, 273.99252405365223, 273.7119324347666, 273.6193743908691, 273.74613578543085, 273.72097785029837, 273.91866739262923, 273.7902872599361, 273.5899963931786, 273.8638098095362, 273.58769458330676, 273.6874122318368, 273.65312686082643, 273.8222409913451, 273.6419884393381};