name="DEsPA CEC15";
dim=30;
bound=1;
testID=15;
(*--------*)
min=273.56906868618694;
max=274.3506414356609;
median=273.784645768832;
mean=273.8795360971027;
std=0.23065588529543007;
(*--------*)
data={273.93639799495577, 273.67520902588626, 274.12035704531536, 273.6154030432035, 274.1405922277979, 274.14271225476796, 274.0494238685342, 273.6474905214536, 273.621973652394, 273.9262182798889, 273.7647142761316, 273.784645768832, 273.74389108332116, 273.6487466342744, 274.05844569707824, 273.56906868618694, 274.2117025808616, 273.8870909020111, 274.3506414356609, 273.9985318157678, 274.19928438674174, 273.73129442445133, 273.6708618401508, 273.59539801980736, 273.65840170399315, 273.6481473905892, 273.71454137337855, 274.2269217297576, 273.7411695161038, 274.25974682095944, 274.0295152437202, 273.7359720129966, 273.6910624864015, 274.25312711305605, 273.94158455228853, 273.67150415570677, 274.2103070522696, 273.5814626723977, 273.848271720482, 273.69287299905227, 273.84251122637943, 274.14666929903615, 273.7699539217806, 273.67051674955064, 274.3145544329084, 273.6989181298097, 273.8435091277488, 274.08926648773786, 273.7637211256074, 273.6901792536896, 274.0318371893559};