name="DEsPA CEC15";
dim=30;
bound=1;
testID=10;
(*--------*)
min=741.9105579842287;
max=1816.3197936339748;
median=1251.2390360764316;
mean=1279.309790834875;
std=212.74247559410392;
(*--------*)
data={1315.496303436969, 1273.6984109764899, 1174.0036959334343, 1246.737094327847, 1608.413256960599, 1110.4271251747869, 1201.4369091460758, 1378.1524156588257, 1274.747869371292, 1184.854523726869, 1369.4274979315296, 1160.433060077548, 1205.7141956474716, 1368.3321451263505, 1088.7218313877192, 965.2329632416868, 951.5486626736774, 1296.0872562043355, 1214.964842107498, 1531.7976275138053, 1172.714885715166, 1669.8588069075981, 1457.8349085120803, 1405.2197084240606, 1640.103631296161, 967.8892927907089, 1260.6502967949573, 1489.241638245161, 1189.8425060483323, 1816.3197936339748, 1251.2390360764316, 1357.7271357070294, 1193.971654949246, 1190.0439558833714, 1155.9829624426911, 1051.6426221619072, 741.9105579842287, 1061.9598290704084, 1390.9912376394986, 1321.2826089883401, 1490.0177427935182, 1192.284790508429, 1193.1176162073507, 1188.4176695670699, 1307.172018818489, 1004.7397319467548, 1551.0459407899089, 1711.4327288982008, 1440.663925394013, 1020.7469789575666, 1438.5054328011415};