name="DEsPA CEC15";
dim=30;
bound=2;
testID=1;
(*--------*)
min=430.11763176389786;
max=13379.875541778849;
median=3150.0943388296396;
mean=3857.433379433015;
std=2838.504224621066;
(*--------*)
data={1074.342125558061, 5195.042565450081, 3150.0943388296396, 6655.789168614008, 2255.5837102057794, 1938.0088025230089, 4042.175065773149, 6246.766694556876, 6726.672098246947, 430.11763176389786, 6662.194853101243, 5135.3313212035355, 1509.0588181944745, 3553.2329874916295, 1709.877332342773, 4161.720658822708, 3424.6201474642876, 1866.8091382577493, 2271.30774534873, 1052.6788044223124, 506.0539672747716, 1999.937122145955, 1247.0814938981885, 7086.529143425095, 1916.7043236825566, 13379.875541778849, 7892.95248913516, 1305.4564297536933, 1636.7027164316032, 2818.688907142069, 5441.545573761062, 2680.9440455044355, 6843.861413764737, 12781.90142711177, 8178.050737878948, 2488.549399051798, 5222.837076316541, 6599.794917385278, 1814.6715078238278, 5999.291321902289, 3707.265585189285, 846.4865859669329, 3719.0280645323724, 2343.2845914488266, 1805.8047031361539, 460.91098027393, 3565.332871903468, 3878.1628679649293, 2186.655147856403, 4717.149333903452, 2596.168055568533};