name="DEsPA CEC15";
dim=30;
bound=3;
testID=5;
(*--------*)
min=7631.304347293416;
max=9922.468288410855;
median=9198.57034661084;
mean=9126.030838311131;
std=474.62138313659955;
(*--------*)
data={8992.595486368311, 9561.559451521594, 8817.835562747012, 8543.496057246764, 9777.114403174577, 9584.941787113275, 9198.57034661084, 9009.914926042838, 9210.925199266361, 9558.178711863133, 8855.035033347222, 9190.45617929117, 9245.423290272704, 9618.26824731168, 8424.422036842509, 8838.531219436638, 9526.38887062705, 9370.945147590815, 8993.65548831938, 9760.978789631368, 9100.307932975285, 7631.304347293416, 9145.267821526657, 8726.415900779244, 9342.582531804768, 9443.608908972312, 9421.364148801995, 9606.95328605883, 9421.626261047657, 9175.042636678174, 9269.2182518561, 8441.14929807001, 8324.309669985363, 9117.541975387441, 7838.585152694419, 8953.111804650238, 9754.144214510914, 9232.95389027284, 8731.88684796436, 9187.768432589193, 9030.729219116833, 9377.02455887798, 9289.686554866923, 9231.484999809962, 9663.288343095575, 9056.504045313666, 9071.11370255797, 9922.468288410855, 9299.148118507943, 8239.225206868992, 9302.520167896542};