name="IMODE CEC20";
dim=15;
bound=0;
testID=8;
(*--------*)
min=0.;
max=33.092348;
median=0.;
mean=4.3655746;
std=10.119804950520916;
(*--------*)
data={0., 0., 0., 0., 20.903572, 0., 29.600499, 0., 0., 0., 0., 21.297863, 26.072956, 0., 0., 33.092348, 0., 0., 0., 0., 0., 0., 0., 0., 0., 0., 0., 0., 0., 0.};