name="IMODE CEC20";
dim=15;
bound=3;
testID=3;
(*--------*)
min=15.566977;
max=16.778629;
median=16.0967845;
mean=16.090358000000002;
std=0.3130371611741967;
(*--------*)
data={16.158975, 16.080919, 16.089637, 16.195327, 15.878371, 16.433567, 16.469761, 16.099243, 15.566977, 15.74085, 16.094326, 16.035185, 16.617133, 16.160241, 15.820171, 16.468793, 15.820171, 16.60744, 16.228022, 15.704497, 16.278435, 15.74085, 15.646298, 16.010315, 16.778629, 16.054149, 16.116005, 16.133471, 15.566977, 16.116005};