name="IMODE CEC20";
dim=15;
bound=1;
testID=7;
(*--------*)
min=0.059390694;
max=1.0185548;
median=0.516759985;
mean=0.5508474969666668;
std=0.2578303931954423;
(*--------*)
data={0.2143247, 0.45315638, 0.37312304, 0.96092395, 0.50588715, 0.94971062, 1.0185548, 0.74525131, 0.92247508, 0.48506946, 0.83299397, 0.91795893, 0.43782065, 0.58111904, 0.64652466, 0.78601122, 0.18839455, 0.47589138, 0.54699716, 0.062391205, 0.45361239, 0.54608149, 0.22081625, 0.52763282, 0.46773492, 0.059390694, 0.50245028, 0.58702388, 0.57807325, 0.47802968};