name="IMODE CEC20";
dim=15;
bound=1;
testID=2;
(*--------*)
min=0.12491218;
max=17.966543;
median=4.5950386;
mean=4.954444592000001;
std=4.225824591914869;
(*--------*)
data={2.4432502, 7.9698332, 9.9024711, 0.16654958, 2.4432502, 12.356685, 7.8865584, 10.121622, 2.3599754, 2.3599754, 4.5950386, 2.3599754, 4.6783134, 5.4323447, 4.5950386, 4.636676, 4.636676, 2.318338, 2.526525, 5.4739821, 4.5534012, 0.29146176, 6.8307812, 0.20818697, 2.2767006, 4.5950386, 12.315047, 0.12491218, 0.20818697, 17.966543};