name="IMODE CEC20";
dim=15;
bound=4;
testID=3;
(*--------*)
min=15.704497;
max=16.670671;
median=16.2234605;
mean=16.227159033333333;
std=0.24507226608400717;
(*--------*)
data={16.160241, 16.015004, 16.054149, 16.010315, 15.820171, 15.820171, 15.942132, 16.468123, 16.195327, 16.231718, 16.346605, 16.670671, 16.079653, 16.307344, 16.258437, 16.54159, 16.254793, 16.114507, 16.538078, 16.390439, 16.617133, 16.346019, 16.077407, 16.215203, 16.482125, 16.410341, 16.214928, 16.492465, 15.704497, 16.035185};