name="IMODE CEC20";
dim=15;
bound=0;
testID=7;
(*--------*)
min=0.10399319;
max=1.2242721;
median=0.5838094199999999;
mean=0.603711811;
std=0.2976076878886624;
(*--------*)
data={0.23654273, 0.78020412, 0.8112905, 0.73828666, 1.2242721, 0.94691625, 0.90024694, 0.41126132, 0.23534423, 0.31492369, 0.56465258, 0.37403389, 0.29671662, 0.23270078, 0.45350067, 0.12644968, 0.4899221, 0.78522377, 0.76132716, 0.61971825, 0.68403271, 0.53170878, 0.60296626, 1.0418739, 0.10399319, 1.0458382, 0.81760007, 1.0090981, 0.48463362, 0.48607546};