name="IMODE CEC20";
dim=15;
bound=1;
testID=9;
(*--------*)
min=0.;
max=100.;
median=100.;
mean=86.6666917702333;
std=34.574525268333865;
(*--------*)
data={100., 100., 100., 0., 100., 100., 100., 100., 100., 100., 6.8741929*^-7, 100., 100., 100., 100., 100., 100., 100., 0.00032748877, 0.00042493081, 100., 100., 100., 100., 100., 100., 100., 100., 100., 100.};