name="IMODE CEC20";
dim=15;
bound=4;
testID=2;
(*--------*)
min=0.12491218;
max=10.121622;
median=2.3599754;
mean=2.267967715333334;
std=2.477151687198303;
(*--------*)
data={0.29146176, 4.6783134, 0.12491218, 0.24982456, 0.12491218, 0.20818697, 2.4432502, 2.4848876, 2.318338, 6.8717392, 2.4016128, 0.20818697, 0.16654958, 7.9281958, 2.3599754, 2.4432502, 0.24982436, 10.121622, 0.16654958, 2.3599754, 2.526525, 0.16654958, 2.4432502, 2.526525, 2.4432502, 2.3599754, 0.20818697, 0.20818697, 2.3599754, 4.5950386};