name="IMODE CEC20";
dim=15;
bound=4;
testID=7;
(*--------*)
min=0.26293059;
max=1.1749647;
median=0.7060224500000001;
mean=0.6911221049999999;
std=0.2338188037646415;
(*--------*)
data={0.42826761, 0.84813617, 0.85093075, 0.48505516, 1.0461349, 1.1749647, 0.92054477, 0.91527632, 0.47595248, 0.44327165, 0.50706337, 0.88032866, 0.26293059, 1.0529964, 0.71065197, 0.503872, 0.77107848, 0.68387153, 0.77376998, 0.53745001, 0.74194834, 0.54866951, 0.48995466, 0.79751364, 0.45714901, 0.809243, 1.0302879, 0.52766355, 0.70139293, 0.35729311};