name="IMODE CEC20";
dim=15;
bound=4;
testID=6;
(*--------*)
min=0.16792069;
max=1.0061955;
median=0.622400945;
mean=0.6266761826666666;
std=0.20127760102883108;
(*--------*)
data={0.61662858, 1.0061955, 0.76569147, 0.81602319, 0.57650646, 0.53778309, 0.5218639, 0.76062618, 0.62817331, 0.43937705, 0.96814898, 0.27947851, 0.61379735, 0.78095928, 0.66640838, 0.59381936, 0.71194523, 0.6053563, 0.82575822, 0.78895566, 0.81767689, 0.40068695, 0.60832347, 0.23355872, 0.68343183, 0.4674346, 0.83411448, 0.43056653, 0.65307532, 0.16792069};