name="IMODE CEC20";
dim=15;
bound=3;
testID=7;
(*--------*)
min=0.049545093;
max=0.83434956;
median=0.496510685;
mean=0.48616586306666676;
std=0.21147232319559947;
(*--------*)
data={0.79402315, 0.07518308, 0.49428471, 0.62249012, 0.049545093, 0.48747249, 0.53516565, 0.49873666, 0.5094812, 0.48026802, 0.53503449, 0.81514602, 0.50979543, 0.53371931, 0.34359624, 0.48192241, 0.38242956, 0.087559261, 0.83434956, 0.60734998, 0.77564122, 0.35616149, 0.47904697, 0.50922538, 0.46929349, 0.091544748, 0.52370958, 0.43549254, 0.8294436, 0.43786444};