name="IMODE CEC20";
dim=15;
bound=0;
testID=5;
(*--------*)
min=1.9899374;
max=15.080472;
median=8.2719197;
mean=8.19598705;
std=3.204401174604147;
(*--------*)
data={12.251748, 4.4482035, 3.9798556, 12.828474, 1.9899374, 3.979855, 15.080472, 10.261835, 6.4381214, 8.1157994, 11.256794, 10.261833, 3.4532493, 7.1208448, 9.1107584, 8.1158043, 5.2870494, 6.2820033, 10.105697, 10.417953, 7.4330794, 4.2920902, 8.4280394, 8.2719202, 8.4280394, 8.4280395, 14.241641, 10.261835, 8.2719192, 7.0367204};