name="IMODE CEC20";
dim=15;
bound=3;
testID=8;
(*--------*)
min=0.;
max=29.209058;
median=0.;
mean=2.7579328666666667;
std=7.791882392330671;
(*--------*)
data={0., 0., 0., 29.209058, 0., 0., 0., 0., 0., 28.815392, 0., 0., 0., 0., 12.356768, 0., 12.356768, 0., 0., 0., 0., 0., 0., 0., 0., 0., 0., 0., 0., 0.};