name="IMODE CEC20";
dim=15;
bound=2;
testID=7;
(*--------*)
min=0.30656455;
max=1.0379717;
median=0.53005529;
mean=0.5972000563333333;
std=0.20392136532170965;
(*--------*)
data={0.55648676, 0.4664939, 0.43022457, 0.36672409, 1.0158691, 0.50493497, 0.91437569, 0.64221174, 0.53248607, 0.47482946, 0.49682926, 0.37738124, 0.83889822, 0.60052854, 0.40493071, 0.4979044, 0.39749948, 0.42296314, 1.0379717, 0.84449557, 0.81524928, 0.49949888, 0.70891774, 0.87000271, 0.58357964, 0.67476013, 0.52762451, 0.36869505, 0.73707059, 0.30656455};