name="IMODE CEC20";
dim=15;
bound=5;
testID=6;
(*--------*)
min=0.07868043;
max=1.066769;
median=0.7862042899999999;
mean=0.7006266819999998;
std=0.2408182567660975;
(*--------*)
data={1.0557149, 0.8831728, 0.62089613, 0.76056858, 0.66381849, 0.89290015, 0.42391948, 0.40200931, 0.80266825, 0.82553484, 0.5344068, 0.83843878, 0.07868043, 0.68848708, 1.066769, 0.846134, 0.78801504, 0.39707945, 0.94183492, 0.90189957, 0.5870536, 0.15319221, 0.43922761, 0.81306381, 0.78439354, 0.88296421, 0.76067478, 0.84479475, 0.80258407, 0.53790388};