name="IMODE CEC20";
dim=15;
bound=1;
testID=5;
(*--------*)
min=1.3072089;
max=11.677401;
median=5.2870422999999995;
mean=5.854465823333332;
std=2.9747501695936935;
(*--------*)
data={2.3021569, 4.2920911, 5.2870447, 7.1208454, 2.3021727, 6.4381214, 6.1258861, 3.4532492, 11.412906, 4.1359731, 1.3072089, 4.2920907, 9.2668732, 10.417932, 11.677401, 3.2971315, 7.9596807, 8.5841566, 3.1410137, 2.4582902, 9.4229933, 6.2820031, 6.2820028, 4.1359732, 6.2819907, 5.2870399, 11.100676, 4.1359732, 5.1309272, 2.3021702};