name="IMODE CEC20";
dim=15;
bound=2;
testID=9;
(*--------*)
min=0.;
max=100.;
median=100.;
mean=90.0000129574449;
std=30.51281812610484;
(*--------*)
data={100., 100., 100., 100., 100., 100., 100., 100., 0.00033171441, 100., 100., 100., 0.000057008937, 100., 100., 100., 100., 100., 100., 0., 100., 100., 100., 100., 100., 100., 100., 100., 100., 100.};