name="IMODE CEC20";
dim=15;
bound=1;
testID=8;
(*--------*)
min=0.;
max=32.742134;
median=0.;
mean=2.830526;
std=8.075352213515204;
(*--------*)
data={0., 0., 0., 0., 12.356768, 0., 0., 0., 27.46011, 0., 0., 32.742134, 0., 0., 0., 0., 0., 0., 0., 0., 0., 0., 0., 0., 12.356768, 0., 0., 0., 0., 0.};