name="IMODE CEC20";
dim=15;
bound=4;
testID=5;
(*--------*)
min=1.3072135;
max=10.526325;
median=5.2089815999999995;
mean=5.19310355;
std=1.9617969566808249;
(*--------*)
data={5.9697686, 4.9748146, 6.1258863, 5.1309272, 2.4582902, 6.2820039, 5.287036, 10.526325, 5.1309265, 3.1410039, 4.4482083, 4.2920823, 6.4381073, 4.4482083, 5.4431623, 8.2719217, 6.2820035, 4.1359732, 6.2820038, 1.3072135, 6.1258863, 2.9848966, 8.4280393, 4.6043259, 6.1258863, 3.4532492, 3.141014, 6.9647276, 5.4431605, 2.1460544};