name="IMODE CEC20";
dim=15;
bound=4;
testID=8;
(*--------*)
min=0.;
max=24.908451;
median=0.;
mean=2.9668038666666665;
std=7.724313393807558;
(*--------*)
data={0., 0., 0., 21.500241, 0., 0., 0., 0., 19.80324, 0., 22.792184, 0., 0., 24.908451, 0., 0., 0., 0., 0., 0., 0., 0., 0., 0., 0., 0., 0., 0., 0., 0.};