name="IMODE CEC20";
dim=15;
bound=0;
testID=3;
(*--------*)
min=15.566977;
max=16.863842;
median=16.110737999999998;
mean=16.144207133333335;
std=0.36337568792924296;
(*--------*)
data={16.094326, 15.646298, 16.389472, 16.59135, 16.054149, 15.646298, 16.5998, 16.863842, 16.214928, 16.080919, 15.566977, 15.978523, 16.114507, 16.080919, 15.646298, 16.188877, 16.354245, 16.363938, 15.820171, 16.209058, 16.035185, 16.106969, 15.74085, 15.704497, 16.353678, 16.254793, 15.646298, 16.59135, 16.823698, 16.564001};