name="IMODE CEC20";
dim=15;
bound=3;
testID=6;
(*--------*)
min=0.052302632;
max=1.0436798;
median=0.685307095;
mean=0.6641131430666668;
std=0.2453995362713225;
(*--------*)
data={0.74574499, 0.78272692, 0.5331665, 0.67661493, 0.67225186, 1.0436798, 0.94987757, 0.27701248, 0.87557686, 0.22860933, 0.052302632, 0.92601013, 0.50934673, 0.93204348, 0.27004851, 0.69399926, 0.84494291, 0.86698369, 0.84984136, 0.93761182, 0.8030379, 0.64006832, 0.4046117, 0.75053052, 0.8871572, 0.60394028, 0.54676454, 0.59418827, 0.45074319, 0.57396061};