name="IMODE CEC20";
dim=15;
bound=0;
testID=9;
(*--------*)
min=0.00011734805;
max=100.;
median=100.;
mean=93.333345279409;
std=25.37076770800335;
(*--------*)
data={100., 100., 100., 100., 100., 100., 100., 100., 100., 100., 100., 100., 100., 100., 0.00011734805, 100., 100., 0.00024103422, 100., 100., 100., 100., 100., 100., 100., 100., 100., 100., 100., 100.};