name="IMODE CEC20";
dim=15;
bound=4;
testID=9;
(*--------*)
min=0.00010388254;
max=100.;
median=100.;
mean=93.33334826718867;
std=25.370756337657816;
(*--------*)
data={100., 100., 100., 100., 100., 100., 100., 100., 100., 100., 100., 100., 100., 100., 100., 100., 100., 100., 100., 100., 100., 100., 100., 0.00034413312, 100., 0.00010388254, 100., 100., 100., 100.};