name="IMODE CEC20";
dim=15;
bound=3;
testID=2;
(*--------*)
min=0.12491218;
max=12.231773;
median=3.5399630999999996;
mean=4.266254942666666;
std=3.2350618009397643;
(*--------*)
data={4.636676, 2.3599754, 0.12491218, 6.8301018, 2.3599754, 2.4848876, 2.318338, 6.8301018, 2.4432502, 4.5534012, 2.526525, 7.9281958, 0.20818697, 6.8301018, 10.121622, 2.3599754, 4.636676, 6.9133766, 0.20818697, 2.4016128, 0.12491218, 0.16654958, 10.038347, 4.5950386, 12.231773, 4.5950386, 7.844921, 2.4016128, 2.3599754, 4.5534012};