name="IMODE CEC20";
dim=15;
bound=5;
testID=7;
(*--------*)
min=0.15652267;
max=1.2398548;
median=0.51519882;
mean=0.6184607726666667;
std=0.2710255694717635;
(*--------*)
data={0.73784462, 0.85954114, 0.73698554, 0.48001656, 0.88337506, 0.25349985, 0.69557854, 0.21271603, 0.50312116, 1.2398548, 0.15652267, 0.5067612, 0.8029457, 0.34610657, 0.82957339, 0.79356909, 0.51500785, 0.70758209, 0.47497128, 0.49374663, 0.16347264, 0.37840468, 0.49595164, 0.89692107, 0.51538979, 1.0090563, 0.46787512, 0.50732192, 1.0409446, 0.84916565};