name="IMODE CEC20";
dim=15;
bound=0;
testID=6;
(*--------*)
min=0.28711186;
max=1.0859093;
median=0.68217108;
mean=0.6818659533333334;
std=0.20574507672878672;
(*--------*)
data={0.4881095, 0.48857459, 0.28711186, 0.68463087, 0.65336054, 0.96652364, 0.70275635, 0.45927421, 0.43296911, 0.3741138, 1.0606733, 0.43982637, 0.59900986, 0.7240166, 0.95663392, 0.67971129, 0.83268189, 0.81840382, 0.64254761, 0.66460596, 0.90463896, 0.82071459, 0.55779443, 0.50253799, 0.92254254, 0.79242431, 0.51361153, 0.69373072, 0.70653914, 1.0859093};