name="IMODE CEC20";
dim=15;
bound=5;
testID=8;
(*--------*)
min=0.;
max=25.011744;
median=0.;
mean=4.5341484;
std=9.254003936188393;
(*--------*)
data={0., 0., 0., 0., 0., 0., 0., 21.500241, 25.011744, 0., 0., 25.011744, 21.500241, 0., 0., 0., 21.500241, 0., 0., 21.500241, 0., 0., 0., 0., 0., 0., 0., 0., 0., 0.};