name="IMODE CEC20";
dim=15;
bound=2;
testID=3;
(*--------*)
min=15.566977;
max=16.942741;
median=16.015004;
mean=16.0238474;
std=0.342859028374999;
(*--------*)
data={15.74085, 16.942741, 16.195327, 15.982588, 16.015004, 15.957692, 15.783819, 15.74085, 16.877881, 16.114507, 15.566977, 15.783819, 16.027648, 16.015004, 16.089637, 15.567293, 15.783819, 15.820171, 15.820171, 16.60744, 16.433, 16.057844, 15.820171, 16.133471, 15.704497, 16.254793, 16.035185, 15.566977, 16.160241, 16.116005};