name="IMODE CEC20";
dim=15;
bound=3;
testID=5;
(*--------*)
min=1.4633298;
max=22.621916;
median=6.70142225;
mean=7.310785176666667;
std=4.172335944386452;
(*--------*)
data={1.4633298, 6.2819952, 10.105717, 11.256774, 10.641678, 22.621916, 10.261835, 11.412891, 2.3021725, 9.1107488, 6.4381208, 7.2769627, 4.1359728, 9.1107582, 3.2971311, 6.2820038, 5.4431492, 3.4532493, 5.4431624, 10.105717, 3.1410142, 2.4582896, 6.1258863, 7.9596866, 8.4280393, 6.9647237, 8.2719169, 6.1258861, 2.302172, 11.100656};