name="IMODE CEC20";
dim=15;
bound=1;
testID=3;
(*--------*)
min=15.566977;
max=17.104555;
median=16.123989;
mean=16.1850491;
std=0.3801234555206896;
(*--------*)
data={16.077407, 16.392314, 15.978523, 17.104555, 16.010315, 15.957692, 16.353678, 15.566977, 15.942132, 15.783819, 16.307344, 16.133471, 16.544922, 15.820171, 16.450797, 16.8141, 15.74085, 16.152396, 16.057844, 15.957692, 15.74085, 16.864506, 16.452308, 16.337759, 16.156462, 16.416739, 16.732912, 16.114507, 15.566977, 16.021454};