name="IMODE CEC20";
dim=15;
bound=5;
testID=5;
(*--------*)
min=2.3021719;
max=10.261835;
median=6.28200355;
mean=5.978353483333333;
std=2.254588556899959;
(*--------*)
data={3.4532492, 3.2971317, 3.9798542, 9.9495999, 7.1208454, 2.3021719, 5.1309273, 7.5891979, 6.2820034, 4.604302, 10.261835, 6.4381213, 6.1258862, 6.5942389, 2.3034464, 7.2769629, 6.2820037, 8.115786, 8.4280345, 6.4381213, 7.2769541, 3.453241, 2.3021722, 10.261835, 4.1359727, 7.4330804, 6.1258863, 6.2820039, 5.9697688, 4.135971};