name="IMODE CEC20";
dim=15;
bound=0;
testID=2;
(*--------*)
min=0.12491218;
max=8.9818902;
median=2.4016128;
mean=2.634834506333333;
std=2.0405582589342983;
(*--------*)
data={2.3599754, 0.24982436, 2.4016128, 4.636676, 4.7199508, 2.3599754, 0.20818697, 0.20818697, 2.4016128, 0.16654958, 2.4432502, 4.5950386, 0.16654958, 8.9818902, 2.5681624, 2.4432502, 0.16654958, 4.5950386, 2.526525, 0.12491218, 2.4016128, 2.4016128, 4.6783134, 2.4016128, 4.6783134, 2.4016128, 4.5950386, 0.20818697, 4.5534012, 2.4016128};