name="IMODE CEC20";
dim=15;
bound=1;
testID=6;
(*--------*)
min=0.27188957;
max=1.3067344;
median=0.718171425;
mean=0.7543838866666666;
std=0.2483891100688918;
(*--------*)
data={0.70400073, 1.0385993, 0.36046587, 0.63405149, 0.85881318, 1.028094, 0.73234212, 0.61870757, 0.57108225, 1.0173014, 0.60306012, 0.52166006, 0.27188957, 0.52060498, 1.0532525, 0.5072992, 0.35755151, 0.60513918, 0.90272895, 0.75321065, 0.96203178, 0.62877724, 1.3067344, 0.66538187, 0.88316465, 0.99271901, 0.99077341, 0.62480427, 0.88529364, 1.0319817};