name="IMODE CEC20";
dim=15;
bound=5;
testID=2;
(*--------*)
min=0.12491218;
max=12.398322;
median=4.574219899999999;
mean=4.554122601999999;
std=3.3497239107260035;
(*--------*)
data={4.6783134, 4.6783134, 2.4432502, 2.4432502, 6.8301018, 0.24982436, 4.5117638, 2.4848876, 8.0114706, 7.9281958, 4.5534012, 0.16654958, 2.4016128, 10.204896, 4.5950386, 2.3599754, 4.5950386, 6.8717392, 12.398322, 0.24982436, 0.12491218, 10.163259, 2.4848876, 2.4432502, 6.7884644, 10.079984, 4.636676, 4.636676, 2.4432502, 0.16654958};