name="IMODE CEC20";
dim=15;
bound=2;
testID=8;
(*--------*)
min=0.;
max=20.903572;
median=0.;
mean=0.6967857333333334;
std=3.8164526389444626;
(*--------*)
data={0., 0., 0., 0., 0., 0., 0., 20.903572, 0., 0., 0., 0., 0., 0., 0., 0., 0., 0., 0., 0., 0., 0., 0., 0., 0., 0., 0., 0., 0., 0.};