name="IMODE CEC20";
dim=15;
bound=2;
testID=5;
(*--------*)
min=2.3021726;
max=13.402813;
median=6.282003850000001;
mean=6.699208146666669;
std=3.115429480175971;
(*--------*)
data={13.09059, 3.6093668, 3.4532476, 3.2971314, 10.105717, 6.2820039, 7.2769593, 6.1258859, 8.9546243, 13.402813, 5.1309272, 6.594239, 6.2820038, 3.453249, 8.2719087, 2.3021726, 4.4482078, 10.1057, 11.100675, 6.282003, 11.365156, 3.9798499, 4.4482083, 4.2920908, 3.609366, 3.297129, 6.4381213, 6.4381207, 10.417932, 7.1208451};