name="IMODE CEC20";
dim=15;
bound=5;
testID=3;
(*--------*)
min=15.566977;
max=16.593631;
median=16.057844;
mean=16.043011166666666;
std=0.28492169320371974;
(*--------*)
data={15.566977, 16.057844, 15.646298, 16.54159, 16.215203, 15.566977, 16.432311, 16.116005, 16.337759, 16.010315, 16.054149, 16.280843, 15.982588, 16.089637, 16.389076, 16.035185, 16.054149, 15.646298, 16.057844, 15.978523, 16.010315, 15.566977, 16.089637, 16.089637, 16.080919, 15.704497, 16.253526, 16.195327, 15.646298, 16.593631};