name="IMODE CEC20";
dim=15;
bound=2;
testID=6;
(*--------*)
min=0.25798748;
max=1.1135875;
median=0.708135645;
mean=0.7088953136666668;
std=0.22138777112163432;
(*--------*)
data={0.85220602, 1.1135875, 0.9294926, 0.40522126, 0.92868359, 1.0038802, 0.47375283, 0.60526832, 0.79111405, 0.70964868, 0.64737681, 0.5728626, 0.70662261, 0.25798748, 0.76352683, 0.46375533, 0.89911208, 0.80655719, 0.37916221, 0.45534337, 0.61725101, 0.88602369, 0.56343268, 0.58986415, 0.66428678, 0.44200719, 0.83185874, 0.93754658, 1.0645842, 0.90484283};