name="IMODE CEC20";
dim=15;
bound=5;
testID=9;
(*--------*)
min=0.000022904416;
max=100.;
median=100.;
mean=86.66669157471955;
std=34.574525775270416;
(*--------*)
data={100., 100., 0.00022596197, 100., 100., 100., 100., 100., 100., 100., 0.00032464265, 100., 100., 100., 100., 100., 100., 100., 100., 0.000022904416, 100., 100., 100., 100., 100., 100., 100., 0.00017373255, 100., 100.};