name="IMODE CEC20";
dim=15;
bound=2;
testID=2;
(*--------*)
min=0.083274791;
max=8.0114706;
median=1.3257185800000002;
mean=1.9602438723666669;
std=2.256355471893445;
(*--------*)
data={2.3599754, 2.4016128, 0.29146176, 0.083274791, 2.4432502, 0.20818697, 2.3599754, 2.4432502, 0.24982436, 2.4432502, 0.16654958, 4.5117638, 4.5950386, 4.5950386, 4.5534012, 0.20818697, 0.24982436, 0.20818697, 0.16654958, 2.4016128, 0.24982436, 0.24982436, 2.3599754, 2.4016128, 0.12491218, 7.9281958, 8.0114706, 0.16654958, 0.20818697, 0.16654958};