name="iCMAES-ILS CEC13";
dim=30;
bound=3;
testID=14;
(*--------*)
min=357.4997;
max=1359.9209999999998;
median=863.3074;
mean=868.7635921568627;
std=203.75986254665355;
(*--------*)
data={862.5025, 1028.254, 696.6254, 627.5905, 549.0422, 681.0966, 873.9271, 796.7311, 357.4997, 1041.432, 989.0037, 806.7543000000001, 634.6495, 1112.2849999999999, 870.3386999999999, 1048.384, 1067.164, 865.3867, 918.7837, 1061.9, 899.3498999999999, 669.4501, 787.1245, 1183.361, 1017.0459999999999, 853.9747, 571.1269, 537.7907, 1359.9209999999998, 1068.301, 1155.464, 683.5761, 802.7381999999999, 912.8221, 1300.901, 1073.631, 730.3306, 1168.653, 860.192, 863.3074, 907.248, 699.4761, 975.818, 596.4295, 933.6551999999999, 867.3831, 662.544, 776.1798, 800.3911, 845.1311000000001, 854.2754};