name="iCMAES-ILS CEC13";
dim=30;
bound=0;
testID=18;
(*--------*)
min=33.32149;
max=45.94186;
median=35.8155;
mean=36.32584823529412;
std=2.4994241811799016;
(*--------*)
data={35.67351, 36.28596, 37.99805, 35.69603, 36.901489999999995, 36.506859999999996, 34.32375, 36.14286, 36.40107, 36.624880000000005, 45.94186, 37.16196, 35.33931, 36.01781, 38.08773, 34.49547, 36.85022, 35.70331, 36.23299, 35.07061, 35.96437, 34.22367, 35.8155, 38.637570000000004, 34.876870000000004, 36.37941, 36.74678, 43.14976, 35.81631, 44.3155, 36.55871, 37.58442, 35.43803, 35.70661, 35.191069999999996, 34.13068, 35.151849999999996, 33.32149, 35.530300000000004, 33.36578, 34.95781, 33.3365, 35.14491, 36.74363, 35.62176, 33.723079999999996, 35.17899, 35.75289, 35.884170000000005, 33.89025, 41.02386};