name="iCMAES-ILS CEC13";
dim=30;
bound=1;
testID=6;
(*--------*)
min=6.325630000000001*^-9;
max=0.25158990000000003;
median=8.180641*^-9;
mean=0.004933143152649609;
std=0.035229631508837;
(*--------*)
data={7.125501*^-9, 7.291666*^-9, 7.240413000000001*^-9, 6.325630000000001*^-9, 9.462627*^-9, 6.391273*^-9, 7.296021*^-9, 7.889784*^-9, 8.268715000000001*^-9, 8.991559*^-9, 9.080964*^-9, 7.604579*^-9, 7.924946*^-9, 8.019097000000002*^-9, 8.257137000000001*^-9, 8.039283*^-9, 7.922391*^-9, 8.93175*^-9, 8.583359*^-9, 8.515091*^-9, 8.312347000000002*^-9, 6.758901*^-9, 8.638694*^-9, 7.083292000000001*^-9, 8.637928000000001*^-9, 8.027506*^-9, 8.772305*^-9, 9.346105*^-9, 8.280112000000001*^-9, 7.36508*^-9, 8.518471*^-9, 6.915379*^-9, 8.542881*^-9, 7.151185*^-9, 9.049781*^-9, 7.336285000000001*^-9, 6.660501000000001*^-9, 8.438985*^-9, 8.296441*^-9, 7.138924000000001*^-9, 0.25158990000000003, 9.474555000000001*^-9, 8.690037*^-9, 8.614083000000002*^-9, 6.857759*^-9, 6.9799330000000004*^-9, 8.201350000000001*^-9, 8.180641*^-9, 9.270231000000002*^-9, 7.955081*^-9, 8.128571000000002*^-9};