name="iCMAES-ILS CEC13";
dim=30;
bound=0;
testID=12;
(*--------*)
min=8.156752*^-9;
max=3.979836;
median=1.989918;
mean=1.655272931781195;
std=1.1822501642019996;
(*--------*)
data={1.989918, 2.984877, 3.979836, 1.989918, 2.984877, 0.9949591, 2.05978, 0.00006251795000000001, 0.0032193520000000004, 3.561954*^-6, 1.036051, 0.9949591, 0.9949591, 2.984877, 8.156752*^-9, 0.9949591, 0.9950641, 0.9949591, 8.865425*^-9, 2.984877, 1.989918, 9.72129*^-9, 1.989918, 5.5393990000000005*^-6, 9.228273000000001*^-9, 0.9949591, 1.989921, 2.984878, 2.984883, 2.657424, 1.989918, 1.989918, 0.9949591, 0.9949591, 1.2045929999999999*^-6, 1.989918, 0.9949621000000001, 0.9949591, 1.989918, 3.979836, 3.979836, 0.9949591, 8.973159000000001*^-9, 2.985251, 0.9949591, 2.050036, 1.989918, 2.984877, 1.989918, 2.984877, 2.984877};