name="iCMAES-ILS CEC13";
dim=30;
bound=2;
testID=4;
(*--------*)
min=5.6215560000000006*^-9;
max=9.708316*^-9;
median=7.693377000000001*^-9;
mean=7.6839791372549*^-9;
std=1.0062158629397972*^-9;
(*--------*)
data={8.295562000000001*^-9, 8.358959*^-9, 7.796025*^-9, 8.27224*^-9, 8.272827*^-9, 6.994072*^-9, 9.110414000000001*^-9, 7.543617*^-9, 8.306571*^-9, 6.301149*^-9, 8.014886000000001*^-9, 6.999373000000001*^-9, 9.358905*^-9, 6.340162*^-9, 9.32626*^-9, 7.204790000000001*^-9, 8.417467*^-9, 6.817966000000001*^-9, 5.6215560000000006*^-9, 7.893802*^-9, 6.9454650000000005*^-9, 7.926828*^-9, 7.05652*^-9, 8.788417000000001*^-9, 5.940340000000001*^-9, 6.7399540000000005*^-9, 9.708316*^-9, 6.385569000000001*^-9, 8.020213*^-9, 6.2696020000000006*^-9, 9.515967*^-9, 7.040704*^-9, 7.693377000000001*^-9, 7.532688*^-9, 7.720029*^-9, 8.44867*^-9, 8.223545*^-9, 7.54172*^-9, 7.020952000000001*^-9, 6.330838*^-9, 7.563035000000001*^-9, 8.859489*^-9, 6.9484700000000005*^-9, 6.272937*^-9, 9.43131*^-9, 7.406728000000001*^-9, 6.816548000000001*^-9, 8.297001*^-9, 8.331078*^-9, 7.288748000000001*^-9, 8.571275000000001*^-9};