name="iCMAES-ILS CEC13";
dim=30;
bound=2;
testID=14;
(*--------*)
min=154.1239;
max=1479.516;
median=802.6154999999999;
mean=793.8683019607842;
std=219.62245076381194;
(*--------*)
data={799.1069, 925.9392999999999, 429.68489999999997, 1073.1779999999999, 431.77079999999995, 1111.408, 846.891, 867.8654, 553.2524000000001, 716.8443, 1147.589, 671.8691, 838.401, 154.1239, 693.9041, 839.7311, 565.7413, 797.411, 841.7058000000001, 963.5910000000001, 979.6039000000001, 886.0117, 1479.516, 1005.3140000000001, 697.3457999999999, 802.6154999999999, 793.4013, 960.9992, 635.6457, 707.6612, 926.4558, 1086.9750000000001, 667.1317, 760.9245, 865.2941999999999, 534.4767, 587.6123, 450.49840000000006, 899.0467000000001, 891.397, 786.3838999999999, 520.0115000000001, 597.2851999999999, 1059.412, 697.8095, 907.4737000000001, 902.4934999999999, 693.6739, 816.3113, 775.9537, 842.5402999999999};