name="iCMAES-ILS CEC13";
dim=30;
bound=2;
testID=8;
(*--------*)
min=20.70363;
max=21.05155;
median=20.95952;
mean=20.942754313725484;
std=0.06164274806511801;
(*--------*)
data={20.92195, 20.955149999999996, 20.98582, 20.97484, 20.924239999999998, 20.915789999999998, 20.90938, 20.79319, 20.92745, 20.96463, 20.992160000000002, 20.70363, 20.92239, 20.85454, 21.008270000000003, 20.87816, 20.98867, 20.885910000000003, 21.027079999999998, 20.99005, 21.05155, 20.96096, 20.917949999999998, 20.943870000000004, 20.96297, 20.968140000000002, 20.96256, 20.96521, 20.95233, 20.911830000000002, 20.979480000000002, 20.91255, 20.927220000000002, 20.998540000000002, 20.805229999999998, 20.90618, 20.982349999999997, 20.983990000000002, 20.8554, 20.9793, 20.99559, 20.92275, 20.99357, 20.95952, 21.026229999999998, 20.96165, 20.922130000000003, 20.95026, 20.96571, 20.9876, 20.94455};