name="iCMAES-ILS CEC13";
dim=30;
bound=4;
testID=2;
(*--------*)
min=5.3628490000000005*^-9;
max=9.523871*^-9;
median=7.655715000000001*^-9;
mean=7.716261372549017*^-9;
std=1.0391672452894955*^-9;
(*--------*)
data={8.219542000000001*^-9, 8.784448*^-9, 7.833007*^-9, 7.57367*^-9, 8.973996*^-9, 6.1753080000000004*^-9, 7.655715000000001*^-9, 6.210568000000001*^-9, 6.983651*^-9, 9.467444*^-9, 8.661794*^-9, 9.523871*^-9, 8.286166*^-9, 7.775196000000001*^-9, 9.187879*^-9, 7.973425*^-9, 7.766629*^-9, 8.820178000000001*^-9, 5.3628490000000005*^-9, 8.381833000000002*^-9, 7.45341*^-9, 8.234299*^-9, 7.074836000000001*^-9, 7.613776000000001*^-9, 8.966784*^-9, 7.399546*^-9, 6.467356*^-9, 8.736891*^-9, 8.369298000000001*^-9, 6.4391010000000006*^-9, 5.908678*^-9, 6.953269*^-9, 8.858601*^-9, 8.729832999999999*^-9, 7.349595*^-9, 8.683755*^-9, 8.510547000000002*^-9, 6.400984*^-9, 6.759212*^-9, 6.084151000000001*^-9, 7.014157*^-9, 5.942764000000001*^-9, 7.1039330000000004*^-9, 8.558629*^-9, 7.391116*^-9, 8.748829000000001*^-9, 7.588618*^-9, 8.909382000000002*^-9, 7.474948*^-9, 6.665661*^-9, 7.520202*^-9};