name="iCMAES-ILS CEC13";
dim=30;
bound=1;
testID=9;
(*--------*)
min=6.883841*^-9;
max=6.67304;
median=4.693267;
mean=4.4882511569977215;
std=1.4031979010048579;
(*--------*)
data={2.820902, 3.83631, 4.081158, 3.819395, 4.896697, 4.650969, 6.883841*^-9, 4.724235, 4.693267, 4.537167, 5.446846, 5.53706, 5.190592, 4.462808, 4.046494, 6.485289, 5.926016, 4.860915, 1.504491, 5.510889, 6.67304, 3.062854, 4.576118, 2.571874, 5.518133, 2.252567, 6.321985, 2.878, 5.789197, 3.733079, 2.679427, 5.036083, 2.420661, 4.646527, 5.410779, 3.683178, 5.584568, 4.970546, 5.421055, 3.47297, 4.979253, 4.278329, 4.623675, 6.532906, 2.078971, 5.690318, 4.56059, 5.897935, 6.216834, 4.78515, 5.522707};