name="iCMAES-ILS CEC13";
dim=30;
bound=3;
testID=6;
(*--------*)
min=6.080473*^-9;
max=14.58647;
median=0.1379942;
mean=2.6493587250274953;
std=4.850155851785206;
(*--------*)
data={0.1230951, 7.738536*^-9, 6.3111490000000006*^-9, 0.17575000000000002, 0.15341470000000001, 5.906723, 4.002007, 6.080473*^-9, 0.013434980000000001, 0.8611165000000001, 0.08880288, 14.42385, 6.987159*^-9, 8.627470000000001*^-9, 9.617968, 0.1292303, 7.777154*^-9, 0.004593506, 13.75643, 14.37462, 0.09610774, 8.21253*^-9, 2.638386, 0.013275110000000001, 0.16435770000000002, 8.264935*^-9, 8.874877*^-9, 10.12748, 3.03197, 0.1423395, 8.312054000000001*^-9, 4.21302, 9.223751999999999*^-9, 0.2836018, 0.0108255, 13.952100000000002, 8.327276*^-9, 8.956238*^-9, 0.03184004, 0.2334063, 14.20153, 0.34276080000000003, 0.12790870000000001, 6.307691, 8.009493*^-9, 14.58647, 0.48613890000000004, 0.1379942, 0.1770529, 0.18000270000000002, 8.699135*^-9};