name="iCMAES-ILS CEC13";
dim=30;
bound=1;
testID=19;
(*--------*)
min=0.7807608;
max=3.384948;
median=2.284757;
mean=2.0910313039215684;
std=0.6708263441816223;
(*--------*)
data={2.62021, 2.37172, 3.344302, 1.243128, 2.284757, 1.431691, 2.615409, 2.858056, 2.527943, 2.810791, 0.8028597, 1.382349, 1.86603, 2.320814, 2.613039, 1.003856, 0.7807608, 1.27452, 2.714697, 2.575572, 2.036753, 1.285309, 2.02248, 2.628764, 3.055717, 1.790624, 2.353882, 2.011311, 2.132032, 1.44434, 2.893699, 2.106812, 1.204835, 2.641375, 2.376815, 1.663458, 2.579545, 2.536963, 2.377193, 2.727422, 2.312993, 1.391503, 2.89103, 2.457934, 2.004587, 1.692367, 1.330834, 1.210644, 1.432988, 3.384948, 1.220935};