name="iCMAES-ILS CEC13";
dim=30;
bound=0;
testID=25;
(*--------*)
min=229.66639999999998;
max=248.5511;
median=239.88830000000002;
mean=239.67858235294116;
std=5.109343207838199;
(*--------*)
data={237.04809999999998, 237.744, 242.11109999999996, 247.1943, 239.88830000000002, 246.05419999999998, 232.81900000000002, 240.0324, 236.1427, 246.83380000000002, 229.66639999999998, 237.30859999999998, 234.79260000000002, 241.53500000000003, 235.0151, 239.69490000000002, 241.13899999999998, 246.671, 246.332, 245.77939999999998, 242.597, 241.511, 235.2363, 242.02400000000003, 231.5023, 247.84359999999998, 237.58530000000002, 243.4983, 237.7031, 239.2194, 230.24360000000001, 244.94090000000003, 235.0605, 233.2013, 243.63800000000003, 233.6774, 235.02100000000002, 234.9903, 239.09449999999998, 231.806, 248.5511, 233.751, 242.40249999999997, 245.31119999999999, 235.0227, 245.34699999999998, 242.7398, 237.1894, 243.88770000000002, 241.0917, 244.1179};