name="iCMAES-ILS CEC13";
dim=30;
bound=0;
testID=7;
(*--------*)
min=7.0481350000000005*^-9;
max=0.38184330000000005;
median=9.800551*^-9;
mean=0.03271587221281197;
std=0.07326676434427029;
(*--------*)
data={9.956875000000001*^-9, 8.324092*^-9, 8.476041*^-9, 8.082531*^-9, 0.2584497, 9.273221*^-9, 9.160099*^-9, 9.749425000000002*^-9, 0.042963579999999994, 8.562895*^-9, 7.0481350000000005*^-9, 8.236063*^-9, 0.1297173, 8.552232*^-9, 9.66124*^-9, 9.431845*^-9, 8.702589*^-9, 9.403632000000001*^-9, 0.009497971, 0.04009341, 9.361121*^-9, 0.00022702950000000002, 8.059712*^-9, 0.008399615000000001, 8.321664*^-9, 1.172141*^-6, 0.38184330000000005, 8.180099000000001*^-9, 0.05384562, 9.712706*^-6, 9.616654*^-7, 9.895656000000001*^-9, 0.1181047, 0.1482832, 0.1397417, 0.04584186, 9.423801*^-9, 0.04234624, 9.800551*^-9, 7.92774*^-9, 9.622702*^-9, 7.148806000000001*^-9, 0.02668885, 8.227900999999999*^-9, 0.03917105, 0.000017934500000000003, 0.01426243, 0.010483800000000001, 8.203435*^-9, 9.546907*^-9, 0.1585181};