name="iCMAES-ILS CEC13";
dim=30;
bound=3;
testID=20;
(*--------*)
min=12.60014;
max=14.99999;
median=14.50966;
mean=14.359831764705884;
std=0.6303889859339417;
(*--------*)
data={14.50971, 12.982689999999998, 14.50971, 14.508080000000001, 14.998769999999999, 14.97906, 14.99929, 14.48441, 14.49997, 14.4761, 14.99423, 14.50967, 14.5, 14.50966, 13.657779999999999, 14.99999, 14.01869, 13.452630000000001, 12.944500000000001, 13.724499999999999, 12.60014, 14.480550000000001, 14.96772, 14.49636, 14.5097, 14.99995, 14.152249999999999, 14.99777, 14.50965, 14.50972, 14.99884, 14.97401, 14.50972, 14.07445, 14.50972, 14.99995, 13.000020000000001, 14.50972, 14.50966, 14.50048, 13.60576, 14.50972, 13.555340000000001, 14.50968, 14.99995, 13.53175, 14.07412, 14.999880000000001, 14.95363, 14.999960000000002, 13.541810000000002};