name="iCMAES-ILS CEC13";
dim=30;
bound=3;
testID=18;
(*--------*)
min=33.43307;
max=166.63889999999998;
median=35.731860000000005;
mean=41.68167215686274;
std=24.682867495209408;
(*--------*)
data={33.62334, 35.42483, 34.33495, 35.46157, 35.85069, 38.38391, 37.006969999999995, 34.68445, 46.39126, 39.77742, 34.238119999999995, 36.44254, 36.2264, 35.00924, 34.29641, 34.57178, 34.722, 33.43307, 166.63889999999998, 35.69, 34.35593, 34.82127, 45.503640000000004, 43.880610000000004, 34.61399, 34.44671, 34.88257, 37.098710000000004, 35.731860000000005, 34.62887, 37.8228, 36.01862, 45.766980000000004, 37.04407, 35.09574, 34.48571, 38.28649, 34.6516, 36.14553, 34.50163, 156.4496, 38.43337, 34.93418, 40.20075, 36.583420000000004, 37.2959, 39.34547, 34.947919999999996, 34.951789999999995, 43.611810000000006, 37.019890000000004};