name="iCMAES-ILS CEC13";
dim=30;
bound=0;
testID=9;
(*--------*)
min=0.0029663800000000002;
max=7.111618;
median=4.506726;
mean=4.315158223137256;
std=1.5712290761462675;
(*--------*)
data={4.020511, 5.2449, 5.628775, 3.291568, 5.140328, 5.420395, 1.962035, 3.475851, 7.111618, 6.113948, 1.247194, 2.089446, 2.446586, 6.169279, 4.415064, 4.210461, 3.83749, 3.834141, 6.051272, 2.80805, 2.779555, 4.910293, 4.09821, 5.648537, 4.224414, 5.527167, 4.561687, 5.292898, 5.965712, 6.54669, 2.403058, 4.093467, 2.787414, 4.64765, 2.917322, 5.255227, 6.510524, 3.045037, 3.131571, 3.195124, 5.832668, 5.494975, 2.217765, 5.548137, 5.877566, 6.437594, 5.264924, 2.205181, 4.506726, 0.0029663800000000002, 4.624098};