name="iCMAES-ILS CEC13";
dim=30;
bound=2;
testID=10;
(*--------*)
min=5.0109069999999995*^-9;
max=9.787249*^-9;
median=7.861722*^-9;
mean=7.648746764705884*^-9;
std=9.225743557737033*^-10;
(*--------*)
data={8.359168000000001*^-9, 6.432019*^-9, 8.366297*^-9, 8.151414000000001*^-9, 8.111688*^-9, 7.2575850000000004*^-9, 7.350273*^-9, 6.853319*^-9, 7.874466000000001*^-9, 5.882626*^-9, 8.394559*^-9, 7.792062*^-9, 8.609518000000001*^-9, 6.8797050000000005*^-9, 6.964872*^-9, 7.278549*^-9, 8.612504*^-9, 7.955117000000002*^-9, 5.754807*^-9, 6.399405*^-9, 7.445344000000001*^-9, 7.128311000000001*^-9, 6.4674630000000005*^-9, 8.832486*^-9, 7.861722*^-9, 8.252437*^-9, 6.432621*^-9, 8.252616*^-9, 8.222009999999999*^-9, 9.787249*^-9, 8.204661*^-9, 7.535228000000001*^-9, 5.0109069999999995*^-9, 6.945881000000001*^-9, 8.768607*^-9, 7.061031*^-9, 7.363329000000001*^-9, 7.1250270000000004*^-9, 7.870903*^-9, 8.587029*^-9, 8.399672*^-9, 8.785992*^-9, 8.211477000000001*^-9, 7.753023*^-9, 8.25556*^-9, 8.050525000000001*^-9, 8.966831000000001*^-9, 6.881997000000001*^-9, 8.077397*^-9, 7.0961590000000005*^-9, 7.172637*^-9};