name="iCMAES-ILS CEC13";
dim=30;
bound=4;
testID=28;
(*--------*)
min=100.;
max=300.;
median=300.;
mean=252.94117647058823;
std=85.68066567545002;
(*--------*)
data={300., 300., 300., 300., 300., 100., 100., 300., 300., 300., 300., 300., 100., 300., 300., 100., 300., 300., 300., 300., 300., 300., 300., 300., 100., 300., 100., 100., 300., 100., 300., 300., 300., 100., 300., 300., 300., 300., 300., 300., 300., 300., 300., 300., 300., 300., 100., 100., 300., 300., 100.};