name="iCMAES-ILS CEC13";
dim=30;
bound=1;
testID=11;
(*--------*)
min=0.9949591;
max=4.974835;
median=1.989918;
mean=2.2764722490196085;
std=0.9490430816336496;
(*--------*)
data={0.9949591, 4.974796, 0.9949591, 1.989954, 1.989918, 0.9949591, 2.984877, 2.015497, 1.989918, 1.989918, 0.9949591, 1.989918, 1.989968, 1.989972, 2.984877, 0.9949591, 1.989918, 1.989918, 1.989918, 1.989918, 1.989935, 2.984877, 2.996445, 0.9949591, 2.984877, 1.989918, 1.989918, 1.989918, 4.974835, 2.993333, 2.984878, 1.989918, 1.990629, 1.989918, 0.9949591, 1.001596, 3.979836, 2.984914, 1.989918, 1.989918, 2.984877, 2.074652, 2.984957, 1.989918, 1.391673, 2.984877, 2.984877, 3.134806, 0.994961, 2.984877, 3.98003};