name="iCMAES-ILS CEC13";
dim=30;
bound=4;
testID=12;
(*--------*)
min=9.066078*^-9;
max=3.980308;
median=0.9949785000000001;
mean=1.5657540562183974;
std=1.123670599909356;
(*--------*)
data={0.9949591, 0.9949599, 2.984877, 0.9949591, 0.9949591, 1.989918, 9.47582*^-9, 1.989918, 3.979836, 0.995993, 0.9949591, 1.001417, 0.9949591, 1.99007, 3.980308, 3.979836, 0.01672961, 0.9949591, 0.9949593999999999, 0.9949591, 3.979836, 1.989918, 1.989918, 1.989918, 0.9949591, 1.989918, 9.101758*^-9, 0.9949629, 2.984877, 9.066078*^-9, 1.989918, 1.989918, 0.9949591, 0.9949591, 0.9949591, 9.657687*^-9, 2.984877, 1.989918, 9.925994*^-9, 2.984877, 2.984877, 9.91091*^-9, 0.9949591, 0.9949591, 1.989918, 1.989918, 0.9949591, 1.989918, 0.23186510000000002, 0.9949785000000001, 2.984877};