name="iCMAES-ILS CEC13";
dim=30;
bound=1;
testID=13;
(*--------*)
min=0.1241804;
max=4.534442;
median=1.991218;
mean=2.304596780392157;
std=0.9865313716644715;
(*--------*)
data={2.984877, 2.984877, 3.979837, 1.989918, 0.9949591, 2.984889, 2.985313, 0.9949591, 1.989918, 1.989918, 1.991218, 2.005405, 2.984877, 0.9949591, 1.989918, 1.990198, 0.9949591, 2.985221, 2.042549, 1.109486, 4.534442, 2.984877, 0.9952109, 1.989918, 2.990533, 2.111887, 1.989918, 3.074031, 2.984877, 2.024827, 1.989918, 1.989918, 2.984877, 1.989918, 3.991115, 1.499241, 1.989918, 1.989918, 2.985391, 3.984305, 3.982274, 2.105505, 1.989918, 0.9949591, 0.9949591, 3.348153, 2.985748, 3.980566, 0.9949599, 1.989918, 0.1241804};