name="iCMAES-ILS CEC13";
dim=30;
bound=2;
testID=2;
(*--------*)
min=6.109819*^-9;
max=9.608094*^-9;
median=7.784528*^-9;
mean=7.850682725490194*^-9;
std=9.040147912355656*^-10;
(*--------*)
data={6.410770000000001*^-9, 6.109819*^-9, 7.250808000000001*^-9, 8.559592000000001*^-9, 6.842897*^-9, 6.391575*^-9, 8.029532*^-9, 8.643905*^-9, 9.386799*^-9, 7.35337*^-9, 9.259055000000001*^-9, 8.151911*^-9, 9.138803*^-9, 7.91431*^-9, 7.57568*^-9, 9.324114*^-9, 8.080740000000001*^-9, 7.646041000000001*^-9, 8.784108*^-9, 7.325026000000001*^-9, 7.366744*^-9, 8.284908*^-9, 7.373834000000001*^-9, 9.608094*^-9, 7.681260000000001*^-9, 7.965468*^-9, 8.09104*^-9, 6.910297000000001*^-9, 8.502043000000001*^-9, 7.91832*^-9, 7.045494*^-9, 8.000038000000001*^-9, 8.080496000000001*^-9, 7.781391000000001*^-9, 9.096352*^-9, 7.111306000000001*^-9, 7.640079000000001*^-9, 7.318921*^-9, 6.6814960000000005*^-9, 8.859006000000002*^-9, 9.275624*^-9, 6.688286*^-9, 9.328175*^-9, 7.128352*^-9, 7.311828000000001*^-9, 7.973173*^-9, 7.784528*^-9, 7.591030000000001*^-9, 6.416002*^-9, 6.696709000000001*^-9, 8.69567*^-9};