name="iCMAES-ILS CEC13";
dim=30;
bound=2;
testID=20;
(*--------*)
min=12.20454;
max=15.;
median=14.50964;
mean=14.385366078431373;
std=0.6464484302218652;
(*--------*)
data={14.99954, 14.93406, 12.85155, 14.499310000000001, 14.509129999999999, 15., 13.96171, 14.50004, 14.50971, 14.29715, 14.50972, 14.5094, 14.50972, 14.5, 14.50965, 14.50971, 12.79604, 12.86092, 14.99938, 14.046890000000001, 14.99725, 14.87259, 14.50953, 14.99892, 14.49981, 14.50972, 13.58518, 14.509730000000001, 14.50971, 14.022179999999999, 14.97589, 14.50542, 14.808019999999999, 14.999960000000002, 12.20454, 12.981670000000001, 14.45239, 14.97586, 13.99427, 13.95616, 14.99987, 14.99866, 14.50971, 14.49944, 14.50972, 14.5, 14.494679999999999, 14.50964, 14.999960000000002, 14.92569, 14.02387};