name="iCMAES-ILS CEC13";
dim=30;
bound=3;
testID=23;
(*--------*)
min=284.23699999999997;
max=1678.1390000000001;
median=633.6492;
mean=717.0803862745097;
std=321.333012011154;
(*--------*)
data={447.4877, 1004.0389999999999, 558.1938, 446.35519999999997, 935.1952000000001, 294.2558, 601.5418000000001, 478.9621, 587.4862, 1040.602, 908.0455000000001, 298.5028, 595.2338, 413.82969999999995, 313.9066, 455.89250000000004, 852.4535000000001, 918.6202, 867.7242, 470.5853, 1678.1390000000001, 304.1187, 914.1410999999999, 703.7614, 975.8705000000001, 955.7900999999999, 474.5773, 411.45550000000003, 915.9947000000001, 776.9703, 1015.4920000000001, 1482.429, 995.5104, 789.8653999999999, 1171.0130000000001, 508.5901, 991.2796999999999, 284.23699999999997, 1043.643, 511.86220000000003, 608.45, 496.13329999999996, 633.6492, 460.0739, 1354.806, 510.72170000000006, 422.9579, 999.7262, 303.22589999999997, 753.2506, 634.4517};