name="iCMAES-ILS CEC13";
dim=30;
bound=4;
testID=14;
(*--------*)
min=21.910400000000003;
max=1125.183;
median=780.2411000000001;
mean=646.1683060784314;
std=365.2322692312426;
(*--------*)
data={845.2715, 307.4519, 379.8757, 349.5553, 983.0591999999999, 1067.359, 48.99637, 802.2959000000001, 1119.785, 951.5971000000001, 693.2741, 62.835390000000004, 726.7312000000001, 970.7021, 1117.645, 860.2785000000001, 327.8315, 826.5568, 928.4582, 1089.882, 21.910400000000003, 915.4736, 1089.0839999999998, 42.28977999999999, 922.712, 835.4879999999999, 587.9696, 838.4445, 1059.9350000000002, 880.0319999999999, 1125.183, 454.858, 719.1116, 63.99597, 799.141, 22.397, 168.1346, 291.6622, 363.2847, 23.59646, 968.5857000000001, 161.8837, 729.9592, 780.2411000000001, 508.24490000000003, 920.9732, 1004.7029999999999, 735.5703, 610.9157, 808.0446999999999, 41.31694};