name="iCMAES-ILS CEC13";
dim=30;
bound=0;
testID=22;
(*--------*)
min=51.67884;
max=1196.1999999999998;
median=541.9164000000001;
mean=525.4457570588235;
std=365.2560673170263;
(*--------*)
data={77.43395, 801.7241, 516.3328, 136.2167, 200.4824, 885.9007999999999, 178.89870000000002, 885.5076, 708.7986, 94.6601, 697.5326, 712.5536999999999, 541.9164000000001, 287.36920000000003, 208.99830000000003, 84.71984, 51.67884, 101.48049999999999, 1075.3870000000002, 790.3978000000001, 122.88699999999999, 1196.1999999999998, 83.01624000000001, 722.1077, 946.6546, 1012.149, 900.6081999999999, 180.571, 832.9694, 97.56057999999999, 1107.567, 789.4626, 183.5817, 255.51569999999998, 219.8856, 722.2786, 59.22024999999999, 208.26590000000002, 366.66270000000003, 842.5566999999999, 1163.246, 794.1945, 285.60249999999996, 748.766, 780.4611, 110.0913, 537.1496999999999, 1064.984, 84.70561000000001, 773.0228999999999, 567.7996};