name="iCMAES-ILS CEC13";
dim=30;
bound=0;
testID=11;
(*--------*)
min=7.214914000000001*^-9;
max=5.969754;
median=1.989918;
mean=2.290533931687563;
std=1.3905334260995137;
(*--------*)
data={4.974795, 1.989918, 1.989918, 4.974795, 2.984877, 0.9949607, 2.825017*^-8, 2.984877, 2.984877, 1.989918, 0.9950041000000001, 0.9954452, 1.989918, 0.9949591, 1.989918, 5.969754, 2.984881, 3.979836, 0.9949591, 1.989918, 7.214914000000001*^-9, 1.989969, 3.979836, 4.298405, 0.017482960000000002, 7.641662000000001*^-9, 1.989918, 0.9949591, 2.984877, 1.989918, 1.991283, 1.989918, 2.984877, 4.974795, 1.989918, 2.984877, 2.984877, 1.989918, 3.979836, 1.991908, 2.984877, 1.989918, 2.984882, 1.989918, 0.9949591, 3.979894, 2.056887, 1.2958920000000001*^-8, 0.9949591, 1.989918, 1.989918};