name="iCMAES-ILS CEC13";
dim=30;
bound=4;
testID=5;
(*--------*)
min=7.296712000000001*^-9;
max=9.992996000000001*^-9;
median=9.569025000000001*^-9;
mean=9.385033980392159*^-9;
std=5.843691889193848*^-10;
(*--------*)
data={9.830253*^-9, 9.525032*^-9, 9.68559*^-9, 9.613496*^-9, 9.692599*^-9, 9.664801000000002*^-9, 9.262168000000001*^-9, 9.821617*^-9, 9.895466000000002*^-9, 8.875997999999999*^-9, 9.914185*^-9, 9.593772*^-9, 9.489282*^-9, 9.649695*^-9, 7.296712000000001*^-9, 9.906291*^-9, 7.884598000000002*^-9, 9.714908*^-9, 9.424504*^-9, 9.874914000000001*^-9, 9.609671*^-9, 9.2825*^-9, 9.606149000000001*^-9, 8.978449*^-9, 9.987600000000001*^-9, 9.429682*^-9, 8.870689*^-9, 9.881481000000002*^-9, 9.904763000000002*^-9, 9.436793*^-9, 9.569025000000001*^-9, 9.516599*^-9, 9.040191*^-9, 9.992996000000001*^-9, 9.578803000000001*^-9, 9.457152000000002*^-9, 9.868209000000002*^-9, 9.013117*^-9, 9.152720000000001*^-9, 8.398767*^-9, 9.416443*^-9, 8.860677000000002*^-9, 8.801137000000001*^-9, 8.27605*^-9, 9.923242*^-9, 9.757862*^-9, 9.677970000000001*^-9, 9.465299*^-9, 9.950351*^-9, 9.375226*^-9, 7.941239000000002*^-9};