name="iCMAES-ILS CEC13";
dim=30;
bound=2;
testID=16;
(*--------*)
min=0.02691265;
max=2.546507;
median=0.4444362;
mean=0.5417798743137255;
std=0.3973997466852757;
(*--------*)
data={0.3170294, 0.8746051, 0.592299, 1.3563, 1.19598, 0.2824686, 0.2826942, 0.31123330000000005, 1.149991, 0.38681750000000004, 0.5977607, 0.38447110000000007, 0.2639038, 0.08885805, 0.3476997, 0.039769290000000006, 0.43094020000000005, 0.35681690000000005, 0.7931493000000001, 0.8767436000000001, 0.5090295, 0.5077462, 0.7022728, 0.4916567, 0.3370961, 0.3531069, 0.32765780000000005, 0.48755040000000005, 0.4444362, 0.576679, 0.37479660000000004, 0.2998585, 0.3992646, 0.45598700000000003, 0.35190570000000004, 0.48291649999999997, 0.8997858000000001, 0.5345553, 0.3563288, 0.6341841, 0.41373220000000005, 0.5191802, 0.02691265, 2.546507, 0.5944848, 0.3731704, 0.43505550000000004, 1.038274, 0.1632874, 0.609728, 0.45409620000000006};