name="iCMAES-ILS CEC13";
dim=30;
bound=2;
testID=19;
(*--------*)
min=0.751077;
max=3.032465;
median=2.088146;
mean=2.0248879941176474;
std=0.6673782272917504;
(*--------*)
data={2.754448, 2.423684, 1.433325, 1.729526, 2.342147, 1.157042, 1.809969, 1.580074, 2.485632, 2.589716, 1.947736, 1.937683, 2.212368, 0.9193134000000001, 2.84994, 1.974703, 2.875552, 2.652914, 2.586154, 1.908387, 1.976952, 1.139625, 1.126029, 2.054088, 2.384704, 0.8307091, 0.8590674, 2.529178, 2.722037, 2.952907, 2.088146, 1.167664, 2.159155, 2.454659, 2.907301, 1.5054, 3.032465, 1.808949, 2.089344, 1.187363, 2.42994, 1.441219, 1.236046, 2.577365, 1.96534, 2.474788, 2.935854, 2.772703, 0.9143898, 0.751077, 2.62451};