name="iCMAES-ILS CEC13";
dim=30;
bound=4;
testID=18;
(*--------*)
min=32.70544;
max=49.04865;
median=35.3778;
mean=36.40073705882352;
std=3.2335467889735527;
(*--------*)
data={34.61244, 40.70612, 36.840579999999996, 38.54446, 34.86637, 33.766600000000004, 36.23997, 49.04865, 35.065149999999996, 36.75164, 38.203649999999996, 35.323389999999996, 37.15392, 35.63265, 37.19215, 35.1089, 37.14317, 36.474920000000004, 37.64756, 34.17022, 33.99929, 32.70544, 34.85171, 36.63722, 35.35002, 34.77215, 35.65401, 34.93137, 44.447630000000004, 37.009660000000004, 34.5064, 33.58157, 35.3778, 34.86694, 35.23874, 38.2936, 34.43556, 33.663940000000004, 36.16048, 36.16296, 34.13009, 36.15293, 36.74864, 33.72929, 45.99787, 37.50461, 43.583299999999994, 33.059599999999996, 34.97856, 33.37026, 34.043440000000004};