name="iCMAES-ILS CEC13";
dim=30;
bound=0;
testID=13;
(*--------*)
min=8.849271*^-9;
max=4.529525;
median=1.989921;
mean=2.1606580633107706;
std=1.1039907449734838;
(*--------*)
data={0.008222901000000001, 2.984877, 1.989918, 2.984877, 1.989963, 2.984877, 3.980277, 0.9949591, 2.984877, 2.273408, 0.9949591, 2.984877, 0.9949600000000001, 0.9949824, 1.989918, 0.9949954999999999, 2.987375, 2.984877, 0.9949591, 0.008783019, 4.005641, 0.9949591, 2.984877, 4.529525, 1.989918, 1.989919, 1.99877, 0.9949593999999999, 1.989918, 2.409949, 0.9949624, 3.147228, 2.984877, 0.9949591, 2.038987, 8.849271*^-9, 2.984877, 2.984877, 2.984877, 2.685277, 3.979836, 1.989921, 1.208708, 1.989918, 3.979836, 1.66644, 1.989918, 1.989918, 0.9949591, 1.989918, 3.61789};