name="iCMAES-ILS CEC13";
dim=30;
bound=3;
testID=3;
(*--------*)
min=6.193137*^-9;
max=1.5342839999999998*^-6;
median=9.091562*^-9;
mean=4.634777566666666*^-8;
std=2.191972654492206*^-7;
(*--------*)
data={9.277147*^-9, 8.538951000000002*^-9, 9.492737*^-9, 8.559267000000001*^-9, 9.866648*^-9, 1.6372860000000002*^-8, 7.695685*^-9, 9.474778000000001*^-9, 9.101146*^-9, 9.943411*^-9, 7.711513*^-9, 6.193137*^-9, 9.656284*^-9, 9.651961*^-9, 9.85534*^-9, 9.727959000000001*^-9, 7.338365*^-9, 9.582471*^-9, 3.923093*^-7, 9.264232*^-9, 8.412342000000001*^-9, 8.578575*^-9, 9.417927000000002*^-9, 9.434962000000001*^-9, 8.428150000000001*^-9, 9.82785*^-9, 8.764105000000002*^-9, 7.417552*^-9, 9.867574*^-9, 8.462832*^-9, 8.508246*^-9, 8.962314*^-9, 7.533750000000001*^-9, 8.152322000000001*^-9, 9.160753*^-9, 9.271777*^-9, 8.149196999999999*^-9, 9.095670000000002*^-9, 9.091562*^-9, 9.396319000000001*^-9, 1.5342839999999998*^-6, 7.532154*^-9, 7.401051*^-9, 8.473885*^-9, 9.750858*^-9, 9.588160000000001*^-9, 7.979239*^-9, 7.889701*^-9, 8.162126000000001*^-9, 8.365819999999999*^-9, 8.762594*^-9};