name="iCMAES-ILS CEC13";
dim=30;
bound=1;
testID=8;
(*--------*)
min=20.81692;
max=21.01269;
median=20.961669999999998;
mean=20.94936803921569;
std=0.03676754895391364;
(*--------*)
data={20.88494, 20.935760000000002, 20.974159999999998, 20.95774, 20.96302, 20.961669999999998, 20.967950000000002, 20.97177, 20.98725, 20.93859, 20.98578, 20.89237, 21.011400000000002, 20.984289999999998, 21.01269, 20.967730000000003, 20.984370000000002, 20.89819, 20.96089, 20.81692, 20.96211, 20.92698, 20.937009999999997, 20.976390000000002, 20.9123, 20.9812, 20.97241, 20.95151, 20.97721, 20.90107, 20.977700000000002, 20.96669, 20.9295, 20.8799, 20.91668, 20.920930000000002, 20.98334, 20.965950000000003, 20.91139, 20.97345, 20.964260000000003, 20.90011, 20.97712, 20.94261, 20.97229, 20.95816, 20.942980000000002, 20.97013, 20.93093, 20.94044, 20.937540000000002};