name="iCMAES-ILS CEC13";
dim=30;
bound=3;
testID=19;
(*--------*)
min=0.6731153000000001;
max=3.01164;
median=2.162948;
mean=2.1131670568627445;
std=0.6265361158807977;
(*--------*)
data={2.889658, 2.776241, 2.483638, 2.13898, 2.382737, 2.133701, 1.114658, 2.224624, 2.928783, 2.700235, 0.9550609, 2.803867, 2.579891, 0.9485087000000001, 3.011431, 1.535474, 3.01164, 2.613468, 2.283292, 1.721023, 0.6731153000000001, 1.824692, 1.929975, 1.107865, 1.720073, 2.3983, 2.758693, 2.763453, 2.794923, 1.725397, 2.593138, 2.76993, 1.588162, 2.681139, 1.897234, 2.413204, 1.551046, 2.422498, 2.162948, 1.729816, 2.634617, 0.970392, 1.992802, 2.085135, 2.817663, 1.054824, 1.653606, 2.007407, 1.579923, 2.028699, 2.20394};