name="iCMAES-ILS CEC13";
dim=30;
bound=4;
testID=16;
(*--------*)
min=0.014791110000000001;
max=2.09554;
median=0.34407380000000004;
mean=0.3878955423529412;
std=0.3714609115443675;
(*--------*)
data={0.41843510000000006, 0.05706866, 0.02140106, 0.1273285, 0.02272877, 0.039908320000000004, 0.43377730000000003, 0.7429944, 0.4989835, 0.02970579, 0.3615224, 0.9821730000000001, 0.014791110000000001, 0.33572850000000004, 0.9073161000000001, 0.3826087, 0.5617332, 2.09554, 0.2934358, 0.01771559, 0.6748337000000001, 0.03651909, 0.46522240000000004, 0.44709250000000006, 0.5526769, 0.07870799, 0.053506090000000006, 0.29913439999999997, 0.3935267, 0.3698486, 0.33356800000000003, 0.4203072, 0.4280554000000001, 0.037151329999999996, 0.4263178, 0.39221890000000004, 1.09268, 0.0486843, 0.04861912, 0.8146242000000001, 0.6384254, 0.144044, 0.8588687, 0.3353535, 0.34407380000000004, 0.3434685, 0.2967551, 0.7034557000000001, 0.2685491, 0.02049355, 0.07099489};