name="iCMAES-ILS CEC13";
dim=30;
bound=1;
testID=5;
(*--------*)
min=6.909158*^-9;
max=9.986022000000001*^-9;
median=9.490924000000001*^-9;
mean=9.358079705882355*^-9;
std=6.091772158100891*^-10;
(*--------*)
data={7.45015*^-9, 8.962308*^-9, 8.937781*^-9, 9.490924000000001*^-9, 9.879935*^-9, 9.738530000000001*^-9, 9.446129000000002*^-9, 9.943204*^-9, 9.883108000000001*^-9, 9.780236000000001*^-9, 9.565632000000001*^-9, 9.664716000000001*^-9, 8.553455*^-9, 9.30403*^-9, 9.686417*^-9, 9.874469*^-9, 8.282754000000001*^-9, 9.986022000000001*^-9, 9.411605*^-9, 9.840579*^-9, 8.007531*^-9, 9.531397*^-9, 9.365369*^-9, 9.971641000000001*^-9, 9.276002*^-9, 9.333225*^-9, 9.303653000000002*^-9, 9.699763000000001*^-9, 9.724587*^-9, 9.770558*^-9, 9.268900000000001*^-9, 9.271738*^-9, 9.797377*^-9, 9.554058*^-9, 9.242885*^-9, 9.58531*^-9, 9.583214000000001*^-9, 8.982091000000002*^-9, 6.909158*^-9, 9.088793000000001*^-9, 9.275885000000001*^-9, 9.570970000000002*^-9, 9.910475*^-9, 9.658886*^-9, 9.186334000000001*^-9, 9.246839*^-9, 8.986961000000002*^-9, 9.950293*^-9, 9.310025*^-9, 9.444452*^-9, 9.771711*^-9};