name="iCMAES-ILS CEC13";
dim=30;
bound=1;
testID=18;
(*--------*)
min=32.9257;
max=169.3052;
median=35.62879;
mean=39.30924529411765;
std=18.871321783708563;
(*--------*)
data={35.61575, 39.62317, 36.26787, 35.39774, 35.83144, 38.27722, 36.69907, 35.62879, 34.27179, 42.71312, 34.99721, 35.56437, 37.137950000000004, 36.20291, 36.16816, 46.08462, 33.19981, 42.21419, 46.33324, 41.55877, 33.530069999999995, 32.9257, 34.75766, 36.922419999999995, 36.494930000000004, 34.30402, 33.02323, 33.12608, 34.09447, 35.45318, 36.677659999999996, 35.7351, 33.94014, 35.25329, 35.0015, 42.76419, 34.01751, 33.73829, 35.61097, 169.3052, 37.5241, 35.03175, 35.77302, 34.898579999999995, 35.2368, 38.23276, 37.32062, 46.5668, 38.67232, 34.8399, 34.21206};