name="iCMAES-ILS CEC13";
dim=30;
bound=1;
testID=20;
(*--------*)
min=13.17005;
max=15.;
median=14.50971;
mean=14.55330568627451;
std=0.4297574721921885;
(*--------*)
data={14.99999, 14.078230000000001, 14.0742, 14.05197, 14.999979999999999, 14.50971, 14.50965, 14.99975, 14.97941, 14.99999, 14.99192, 13.84708, 13.17005, 14.5096, 14.50037, 15., 14.996179999999999, 14.50972, 14.999970000000001, 14.01943, 14.73699, 14.50971, 14.499899999999998, 15., 14.136679999999998, 14.99994, 14.991710000000001, 14.99717, 14.50971, 14.47157, 14.500010000000001, 14.99763, 14.029069999999999, 14.50888, 14.50972, 14.00971, 14.448170000000001, 14.50964, 15., 14.50972, 14.50638, 13.908339999999999, 14.999960000000002, 14.015789999999999, 14.99995, 14.20109, 14.738629999999999, 15., 14.155949999999999, 15., 14.069370000000001};