name="iCMAES-ILS CEC13";
dim=30;
bound=4;
testID=19;
(*--------*)
min=0.6756152000000001;
max=2.86722;
median=2.189065;
mean=2.057314133333334;
std=0.5883785463621646;
(*--------*)
data={1.492321, 2.848106, 2.387979, 2.690198, 2.310682, 0.6756152000000001, 1.294084, 2.023856, 2.41788, 2.748423, 1.142092, 2.182982, 1.201435, 1.50488, 2.315557, 2.590394, 2.86722, 2.649191, 1.435965, 2.562654, 2.636986, 1.342416, 1.30516, 1.963537, 2.130068, 2.455133, 2.497237, 2.535081, 2.189065, 2.635138, 2.024545, 1.046812, 1.180013, 2.444714, 2.373355, 1.792852, 2.756212, 1.037288, 2.607102, 2.70707, 2.062219, 2.396628, 2.304555, 2.149876, 0.9770686, 1.869562, 1.485284, 2.141, 1.72391, 2.438256, 2.373364};