name="iCMAES-ILS CEC13";
dim=30;
bound=1;
testID=14;
(*--------*)
min=45.72696;
max=1163.9379999999999;
median=856.8987999999999;
mean=761.9190719607842;
std=284.20007430483184;
(*--------*)
data={886.1126, 660.2572, 1074.117, 485.96320000000003, 930.9149, 1137.534, 409.83520000000004, 65.07051, 1163.9379999999999, 381.31469999999996, 935.4958999999999, 929.0258, 256.2958, 866.2066, 1097.831, 791.2053000000001, 678.9259999999999, 380.6544, 1003.185, 799.4015, 945.7727, 938.1546999999999, 1000.6060000000001, 935.151, 800.8921, 45.72696, 485.0059, 1023.274, 1004.2199999999999, 918.8713, 856.8987999999999, 942.7752999999999, 791.6412, 280.0709, 892.7726, 658.9883, 922.8329, 692.5696, 302.2532, 1098.8739999999998, 741.1843, 782.7815, 334.35269999999997, 541.4373, 861.7796999999999, 671.1225, 527.5549, 1005.9670000000001, 837.6995000000001, 1149.717, 933.6401999999999};