name="iCMAES-ILS CEC13";
dim=30;
bound=1;
testID=10;
(*--------*)
min=5.854226*^-9;
max=8.814678000000001*^-9;
median=7.829564000000001*^-9;
mean=7.727845647058823*^-9;
std=6.915957084465989*^-10;
(*--------*)
data={7.2352200000000006*^-9, 6.8117080000000004*^-9, 5.995106*^-9, 8.551546*^-9, 8.135873*^-9, 7.168932*^-9, 6.832006*^-9, 7.453486*^-9, 8.27552*^-9, 8.298461*^-9, 7.831393*^-9, 8.565491*^-9, 8.743783*^-9, 6.846432*^-9, 8.081146000000002*^-9, 7.824198*^-9, 7.440633000000001*^-9, 8.305745*^-9, 7.829564000000001*^-9, 7.452759000000002*^-9, 7.506923*^-9, 8.224044*^-9, 8.339376*^-9, 7.385281000000001*^-9, 8.516304000000001*^-9, 8.052393000000001*^-9, 7.774844*^-9, 6.879534*^-9, 8.140650000000001*^-9, 5.854226*^-9, 8.481335000000001*^-9, 8.277711*^-9, 7.606512000000001*^-9, 8.117892*^-9, 7.104605*^-9, 8.058132*^-9, 6.563104000000001*^-9, 7.092777*^-9, 7.309749000000001*^-9, 8.246633*^-9, 8.314567000000001*^-9, 7.49004*^-9, 7.784186*^-9, 8.814678000000001*^-9, 8.417276*^-9, 7.841564*^-9, 8.732187*^-9, 7.963963*^-9, 7.057776*^-9, 6.854383000000001*^-9, 7.638481*^-9};