name="iCMAES-ILS CEC13";
dim=30;
bound=4;
testID=20;
(*--------*)
min=13.71055;
max=15.;
median=14.50964;
mean=14.504096274509806;
std=0.39594007928453406;
(*--------*)
data={14.50887, 14.21434, 13.910499999999999, 13.71055, 14.99999, 14.50967, 14.999979999999999, 14.5, 14.99999, 14.49924, 14.99957, 14.509620000000002, 14.49941, 14.50967, 14.50966, 14.999979999999999, 14.9451, 14.15174, 14.46491, 14.05743, 14.50964, 14.50972, 14.131499999999999, 14.50972, 13.86625, 14.99663, 14.10728, 14.05787, 14.99752, 14.5, 14.50972, 13.98011, 14.999960000000002, 15., 14.50972, 14.99929, 13.99121, 13.72547, 14.50861, 14.50971, 14.00277, 13.766110000000001, 14.5097, 14.999450000000001, 14.50901, 14.50972, 14.97777, 14.99999, 14.508650000000001, 14.99625, 14.50934};