name="iCMAES-ILS CEC13";
dim=30;
bound=2;
testID=18;
(*--------*)
min=33.17889;
max=50.733990000000006;
median=35.644149999999996;
mean=37.02033352941176;
std=4.209109286757388;
(*--------*)
data={33.628, 34.072939999999996, 35.88592, 34.78839, 35.554610000000004, 34.63008, 35.749399999999994, 35.00079, 35.81757, 50.733990000000006, 37.93961, 35.82543, 34.55584, 34.84258, 35.06497, 34.85173, 35.14656, 41.33454999999999, 49.963319999999996, 34.81113, 38.44884, 37.15488, 38.53092, 34.77408, 37.70035, 35.38543, 35.644149999999996, 33.62405, 36.790440000000004, 35.087630000000004, 36.75081, 35.265080000000005, 36.7688, 34.410599999999995, 35.5207, 37.50179, 35.51238, 39.13434, 34.94175, 33.57402, 36.78378, 35.34392, 50.669380000000004, 36.43992, 35.85552, 48.42596999999999, 42.39328999999999, 35.84791, 33.17889, 36.26868, 34.1113};