name="iCMAES-ILS CEC13";
dim=30;
bound=1;
testID=2;
(*--------*)
min=5.363642*^-9;
max=9.278812000000001*^-9;
median=7.65688*^-9;
mean=7.568320039215688*^-9;
std=9.698524723049166*^-10;
(*--------*)
data={9.107955000000002*^-9, 8.817252*^-9, 8.85201*^-9, 7.074451*^-9, 7.457516000000001*^-9, 7.377002*^-9, 8.065021*^-9, 8.942733*^-9, 7.511917000000001*^-9, 6.199119*^-9, 7.4002350000000006*^-9, 6.906553*^-9, 7.240797*^-9, 6.453673*^-9, 8.837984000000001*^-9, 7.65688*^-9, 8.02984*^-9, 7.907135000000001*^-9, 6.583503000000001*^-9, 7.763116*^-9, 6.172527*^-9, 6.983113000000001*^-9, 6.3853840000000006*^-9, 6.899486*^-9, 7.707969*^-9, 7.915366000000001*^-9, 8.574377*^-9, 8.594066*^-9, 7.760777000000001*^-9, 8.999517000000001*^-9, 6.25841*^-9, 6.548693*^-9, 8.605001*^-9, 7.838743*^-9, 8.257178*^-9, 7.65457*^-9, 5.843274*^-9, 8.061788*^-9, 6.535649*^-9, 6.049789*^-9, 8.130736*^-9, 7.832914*^-9, 5.363642*^-9, 6.9283440000000005*^-9, 7.595215*^-9, 9.278812000000001*^-9, 8.047988*^-9, 6.299147*^-9, 7.419059*^-9, 8.258684000000002*^-9, 8.999412*^-9};