name="iCMAES-ILS CEC13";
dim=30;
bound=3;
testID=9;
(*--------*)
min=2.082854;
max=7.20259;
median=4.875096;
mean=4.724313784313725;
std=1.4448598586813646;
(*--------*)
data={4.775032, 5.700041, 5.675533, 5.474214, 3.579346, 5.730358, 5.25751, 2.368448, 3.904728, 4.975461, 2.728138, 5.238444, 7.097109, 2.502833, 4.994144, 4.634543, 4.63803, 3.634954, 6.060648, 3.754723, 6.954334, 5.287462, 5.976658, 4.875096, 6.555307, 2.639327, 6.48986, 4.487989, 4.716461, 2.545398, 4.944506, 2.123642, 2.082854, 4.972443, 2.553314, 4.140907, 3.019897, 4.985921, 7.073014, 5.188729, 2.092808, 7.20259, 5.168864, 4.6408, 6.896299, 6.618558, 4.701237, 4.074173, 4.357286, 6.14032, 4.709712};