name="iCMAES-ILS CEC13";
dim=30;
bound=3;
testID=10;
(*--------*)
min=4.897560000000001*^-9;
max=9.347058000000001*^-9;
median=7.751181000000001*^-9;
mean=7.72560754901961*^-9;
std=1.0683568719467912*^-9;
(*--------*)
data={8.218113*^-9, 8.263453000000001*^-9, 6.2948630000000005*^-9, 7.272137*^-9, 6.777667000000001*^-9, 8.734464*^-9, 4.897560000000001*^-9, 7.623802*^-9, 6.693252000000001*^-9, 8.753376*^-9, 6.694021*^-9, 7.663618*^-9, 7.708311*^-9, 8.526635000000002*^-9, 7.027353*^-9, 7.218612*^-9, 6.457834000000001*^-9, 7.785422*^-9, 9.24277*^-9, 5.956149*^-9, 7.487885*^-9, 7.601192000000001*^-9, 7.128996*^-9, 8.967447999999999*^-9, 6.650951*^-9, 6.136134000000001*^-9, 9.347058000000001*^-9, 6.437501000000001*^-9, 7.247930000000001*^-9, 8.752699*^-9, 8.811413000000001*^-9, 6.0580160000000005*^-9, 5.8295920000000006*^-9, 7.630008*^-9, 6.477907*^-9, 9.077875000000002*^-9, 8.169277*^-9, 7.994695*^-9, 8.436531*^-9, 7.598414000000001*^-9, 8.57953*^-9, 8.800035*^-9, 8.338751000000001*^-9, 8.745971000000002*^-9, 8.868576*^-9, 9.261445*^-9, 8.860139000000001*^-9, 8.595701*^-9, 7.995246*^-9, 7.751181000000001*^-9, 8.558476*^-9};