name="iCMAES-ILS CEC13";
dim=30;
bound=0;
testID=3;
(*--------*)
min=5.623903000000001*^-9;
max=0.005159372000000001;
median=9.168652*^-9;
mean=0.00010121363431907847;
std=0.0007224495501718661;
(*--------*)
data={9.383676*^-9, 9.44892*^-9, 0.005159372000000001, 7.842614*^-9, 9.740195*^-9, 8.152614*^-9, 8.253319*^-9, 8.900967*^-9, 8.855225000000001*^-9, 9.775674000000001*^-9, 9.285017*^-9, 9.923352*^-9, 9.387524000000002*^-9, 8.817584000000001*^-9, 6.243307*^-9, 6.448763*^-9, 7.447996*^-9, 9.521023*^-9, 8.314078000000001*^-9, 8.104715*^-9, 9.43798*^-9, 8.997111*^-9, 9.681537000000002*^-9, 9.772772000000001*^-9, 1.345112*^-6, 9.232143*^-9, 9.524396*^-9, 5.623903000000001*^-9, 9.168652*^-9, 7.956381000000001*^-9, 7.845439000000001*^-9, 9.458711*^-9, 6.5279970000000005*^-9, 9.884161000000001*^-9, 9.067916*^-9, 9.030519999999999*^-9, 9.003196000000001*^-9, 7.536822999999999*^-7, 9.968047*^-9, 8.570851*^-9, 8.803192*^-9, 9.541642*^-9, 9.976599*^-9, 9.227873000000001*^-9, 9.04318*^-9, 8.233526*^-9, 9.653327000000002*^-9, 9.929607*^-9, 9.880865000000001*^-9, 9.072149*^-9, 8.595737*^-9};