name="iCMAES-ILS CEC13";
dim=30;
bound=3;
testID=11;
(*--------*)
min=8.823328000000001*^-9;
max=5.026622;
median=2.036802;
mean=2.386497167222464;
std=1.368850966625839;
(*--------*)
data={1.989918, 1.993763, 3.979836, 0.9949591, 1.006084, 9.599707000000001*^-9, 8.982949*^-9, 1.989918, 9.865245*^-9, 2.984877, 0.00006797488, 3.979836, 3.979841, 8.823328000000001*^-9, 2.984877, 2.984878, 1.989918, 1.989918, 3.058495, 1.989918, 2.984877, 2.984877, 1.989926, 0.9949591, 2.984877, 2.036802, 9.594439*^-9, 2.984877, 3.114605, 1.989919, 0.00043080660000000004, 2.98576, 3.979836, 1.98992, 0.9949595000000001, 4.974795, 1.989981, 2.984877, 1.989918, 2.992621, 2.984877, 1.990035, 2.984877, 5.026622, 1.989918, 3.979836, 4.974795, 2.984884, 3.979836, 3.979836, 1.989918};