name="iCMAES-ILS CEC13";
dim=30;
bound=1;
testID=25;
(*--------*)
min=228.8583;
max=251.07330000000002;
median=240.1708;
mean=240.12608823529405;
std=4.726328111235911;
(*--------*)
data={245.33200000000002, 240.8105, 240.90460000000002, 242.96269999999998, 240.1708, 236.86470000000003, 238.4527, 233.4803, 236.28640000000001, 242.78240000000002, 244.7011, 238.5183, 251.07330000000002, 239.0409, 228.8583, 237.8647, 236.9736, 233.835, 240.85320000000002, 245.83759999999998, 238.6444, 234.6209, 243.58689999999999, 246.0873, 235.4879, 236.5767, 240.6175, 245.49949999999998, 243.09159999999997, 235.7806, 241.69770000000003, 246.9701, 238.42829999999998, 237.69369999999998, 239.6297, 239.77810000000002, 245.1418, 246.93200000000002, 245.9188, 232.137, 242.0506, 242.28480000000002, 243.85989999999998, 242.9695, 235.8235, 246.3713, 244.1811, 235.89630000000002, 232.4124, 232.5021, 238.1554};