name="iCMAES-ILS CEC13";
dim=30;
bound=1;
testID=15;
(*--------*)
min=20.20355;
max=711.39;
median=272.297;
mean=287.6489037254902;
std=167.23188711203161;
(*--------*)
data={266.4664, 197.2417, 485.30430000000007, 402.2874, 185.54600000000002, 583.9617, 711.39, 269.75169999999997, 261.30740000000003, 21.910400000000003, 277.5388, 292.7121, 164.2536, 292.3159, 361.0881, 657.4296999999999, 148.5521, 280.0838, 152.89170000000001, 145.8526, 154.69029999999998, 583.7672, 158.61430000000001, 324.4864, 394.90630000000004, 375.5263, 153.02370000000002, 290.58820000000003, 491.03409999999997, 25.83435, 279.35249999999996, 140.3071, 391.4366, 282.825, 303.5888, 259.5236, 499.5299, 136.9926, 168.1568, 577.8735, 600.5651, 162.8692, 155.1978, 188.0927, 170.5061, 275.519, 272.297, 380.5878, 29.14539, 20.20355, 265.1675};