name="iCMAES-ILS CEC13";
dim=30;
bound=4;
testID=13;
(*--------*)
min=7.496871*^-9;
max=4.385436;
median=1.989918;
mean=1.8229296477351664;
std=0.9942142968290911;
(*--------*)
data={2.984877, 8.814861000000002*^-9, 1.989918, 1.989918, 1.989918, 2.175774, 2.984877, 0.9949591, 1.990518, 0.9949591, 0.9949591, 0.9949623000000001, 1.989918, 1.989918, 1.990094, 2.19851, 0.9970585000000001, 8.331445000000002*^-9, 3.19113, 1.989918, 1.989927, 2.984877, 0.9949591, 9.850285*^-9, 0.9949591, 0.9949591, 0.9949591, 0.9949971, 3.407784, 1.989918, 3.979836, 0.9949591, 1.989918, 1.989926, 0.9949591, 0.994961, 1.989918, 1.989918, 1.989918, 2.984877, 0.9949591, 1.989918, 7.496871*^-9, 2.984877, 1.989918, 2.985916, 1.989918, 2.984877, 4.385436, 1.989918, 0.9949591};