name="iCMAES-ILS CEC13";
dim=30;
bound=4;
testID=9;
(*--------*)
min=0.01386072;
max=7.383851;
median=4.441141;
mean=4.347671041568627;
std=1.6163605937223793;
(*--------*)
data={4.336637, 4.441141, 3.531392, 7.230324, 5.525629, 6.208735, 4.288665, 3.823409, 3.944783, 5.432187, 3.117834, 3.513759, 3.845013, 1.265723, 4.551857, 6.216635, 7.383851, 1.969693, 0.01386072, 2.231351, 4.692326, 5.789308, 5.168267, 3.649362, 7.036917, 6.435995, 0.3441594, 4.959453, 4.070681, 2.388206, 3.020391, 3.211446, 2.548819, 4.869035, 7.347181, 4.805937, 3.01326, 3.300627, 4.957477, 5.352049, 4.89399, 4.789067, 3.339015, 5.689247, 4.112591, 4.250957, 5.241582, 4.147345, 5.398308, 4.877771, 5.157975};