name="iCMAES-ILS CEC13";
dim=30;
bound=0;
testID=14;
(*--------*)
min=41.80301;
max=1165.7379999999998;
median=715.5489;
mean=647.0144143137256;
std=326.4223299081264;
(*--------*)
data={1165.7379999999998, 1120.3300000000002, 902.5242999999999, 1035.5780000000002, 622.4154000000001, 927.6714000000001, 830.5607, 182.31820000000002, 706.1001, 700.5694, 495.8903, 459.40500000000003, 298.0679, 851.8837, 41.80301, 1086.466, 497.7699, 245.48359999999997, 58.99472, 831.0513000000001, 994.0994999999999, 746.8196, 944.8147, 403.7325, 1008.5, 992.6718, 715.5489, 889.7274, 934.0717, 712.4809, 485.3643, 747.7438000000001, 472.165, 685.5918, 1015.2270000000001, 728.4431, 152.9319, 151.5574, 296.222, 832.0382000000001, 836.0768999999999, 796.6624, 295.0037, 1053.911, 181.13410000000002, 220.52999999999997, 171.2914, 892.8416000000001, 415.01120000000003, 190.7213, 974.1791};