name="iCMAES-ILS CEC13";
dim=30;
bound=3;
testID=8;
(*--------*)
min=20.69932;
max=21.10064;
median=20.944950000000002;
mean=20.94112058823529;
std=0.07120118356914462;
(*--------*)
data={21.00146, 20.971709999999998, 21.01905, 20.91122, 20.95869, 20.910600000000002, 20.995620000000002, 20.89404, 20.98216, 21.00759, 21.02749, 20.94278, 20.95051, 20.974469999999997, 20.94086, 20.9384, 20.96225, 20.888659999999998, 20.99366, 20.99124, 20.98058, 20.923750000000002, 20.69932, 21.01713, 20.90802, 20.94089, 20.995020000000004, 20.944950000000002, 20.920260000000003, 20.831960000000002, 20.991439999999997, 20.965090000000004, 21.03258, 20.93709, 21.01177, 20.93083, 20.92912, 20.90793, 20.969859999999997, 20.92065, 20.978309999999997, 20.88579, 20.9066, 21.10064, 20.94173, 20.79901, 20.786820000000002, 20.81356, 20.979519999999997, 20.973190000000002, 20.81128};