name="iCMAES-ILS CEC13";
dim=30;
bound=0;
testID=6;
(*--------*)
min=5.97833*^-9;
max=0.2130506;
median=8.431447000000001*^-9;
mean=0.016136193117219196;
std=0.05146075709469154;
(*--------*)
data={8.46111*^-9, 7.985172*^-9, 8.694142*^-9, 8.976981*^-9, 9.948535000000001*^-9, 7.617612000000001*^-9, 9.143153999999999*^-9, 9.117462*^-9, 6.691748*^-9, 8.984172*^-9, 8.211111*^-9, 8.600294*^-9, 0.18209560000000002, 8.102576*^-9, 9.311353000000001*^-9, 9.776604000000002*^-9, 0.2130506, 6.751165000000001*^-9, 9.24563*^-9, 6.462485*^-9, 7.200644*^-9, 8.391676000000001*^-9, 7.842638*^-9, 6.006324000000001*^-9, 8.03205*^-9, 8.309308*^-9, 7.2955770000000004*^-9, 6.018396*^-9, 9.400628*^-9, 6.962587000000001*^-9, 9.938255000000001*^-9, 7.1953360000000005*^-9, 0.08698307, 8.991419*^-9, 8.431447000000001*^-9, 6.942208*^-9, 8.788197*^-9, 8.316054*^-9, 0.1977616, 7.728155000000001*^-9, 9.060713*^-9, 8.284878000000002*^-9, 9.582530000000001*^-9, 0.1430546, 9.483588*^-9, 9.197043000000002*^-9, 8.087234000000002*^-9, 5.97833*^-9, 9.266999000000001*^-9, 7.991947000000001*^-9, 8.172712*^-9};