name="iCMAES-ILS CEC13";
dim=30;
bound=0;
testID=8;
(*--------*)
min=20.73344;
max=21.05328;
median=20.9395;
mean=20.94035941176471;
std=0.06372192729074543;
(*--------*)
data={20.92559, 20.965220000000002, 20.961370000000002, 20.90693, 20.96783, 20.977700000000002, 20.9495, 20.95308, 20.9737, 20.961409999999997, 20.86116, 20.83625, 20.955720000000003, 21.025, 20.97654, 21.01754, 21.05328, 20.884610000000002, 21.02955, 20.85559, 20.85545, 20.97477, 20.92784, 20.89668, 20.85266, 20.886339999999997, 20.99428, 20.73344, 20.9703, 20.9315, 20.982029999999998, 20.83412, 21.017860000000002, 20.90365, 21.000130000000002, 20.931320000000003, 21.04273, 20.924930000000003, 20.88571, 20.93095, 20.91282, 21.05299, 20.8961, 20.898560000000003, 20.9395, 20.90304, 20.935419999999997, 20.98972, 21.00097, 20.91843, 20.996519999999997};