name="iCMAES-ILS CEC13";
dim=30;
bound=0;
testID=10;
(*--------*)
min=5.00326*^-9;
max=8.954232*^-9;
median=7.806436*^-9;
mean=7.615501725490198*^-9;
std=8.256085198624125*^-10;
(*--------*)
data={7.658317*^-9, 8.263614000000001*^-9, 8.450374000000001*^-9, 8.249163*^-9, 7.105243*^-9, 6.038678*^-9, 8.283579*^-9, 7.299802*^-9, 7.987981*^-9, 6.9168850000000006*^-9, 6.602602*^-9, 7.760113*^-9, 7.453256*^-9, 8.708871*^-9, 8.074372000000001*^-9, 7.808562*^-9, 6.8233670000000005*^-9, 7.842358*^-9, 8.475498*^-9, 8.258051*^-9, 7.680329*^-9, 7.901539*^-9, 8.243508000000001*^-9, 8.411851000000002*^-9, 8.954232*^-9, 6.5114960000000005*^-9, 7.903669*^-9, 6.9420890000000005*^-9, 7.445138000000001*^-9, 6.112602*^-9, 8.238435000000002*^-9, 8.222829000000002*^-9, 7.075120000000001*^-9, 7.806436*^-9, 8.291093000000001*^-9, 6.707885*^-9, 6.203253000000001*^-9, 7.721161*^-9, 6.769160000000001*^-9, 6.892883000000001*^-9, 8.58808*^-9, 8.177960000000001*^-9, 8.238991*^-9, 7.51938*^-9, 7.803600000000001*^-9, 7.4500310000000005*^-9, 6.517514000000001*^-9, 8.306323000000002*^-9, 5.00326*^-9, 7.875947*^-9, 8.814108*^-9};