name="iCMAES-ILS CEC13";
dim=30;
bound=2;
testID=26;
(*--------*)
min=200.0106;
max=300.;
median=200.0309;
mean=220.5638901960784;
std=39.752389219126215;
(*--------*)
data={200.0248, 300., 200.0168, 200.02939999999998, 200.03060000000002, 200.03799999999998, 200.04520000000002, 200.0229, 300., 200.0337, 200.0413, 200.0309, 200.0191, 300., 200.05790000000002, 300., 300., 200.0202, 200.0111, 200.0258, 200.0429, 200.0272, 200.0328, 200.0162, 200.0308, 200.01129999999998, 200.0198, 200.0251, 200.0212, 200.01289999999997, 300., 200.0167, 200.0401, 200.0314, 285.8323, 200.0106, 200.0252, 273.1582, 200.01839999999999, 200.0313, 300., 200.02499999999998, 288.65569999999997, 200.03700000000003, 200.01280000000003, 200.04070000000002, 200.01699999999997, 200.04919999999998, 200.0383, 300., 200.03060000000002};