name="iCMAES-ILS CEC13";
dim=30;
bound=2;
testID=7;
(*--------*)
min=7.313974*^-9;
max=0.2127177;
median=9.508372000000001*^-9;
mean=0.01929654573495565;
std=0.048906123337352884;
(*--------*)
data={9.708377000000001*^-9, 9.190174*^-9, 9.901912*^-9, 8.068698*^-9, 0.06805151000000001, 9.123307*^-9, 8.986319000000001*^-9, 8.838557*^-9, 9.277588*^-9, 9.241941000000002*^-9, 9.847603*^-9, 9.697201*^-9, 8.710355*^-9, 9.627986*^-9, 9.830371*^-9, 9.721467000000001*^-9, 9.980866000000002*^-9, 0.06526693, 9.282263000000001*^-9, 8.685892000000001*^-9, 9.987492*^-9, 0.12288310000000001, 8.00662*^-9, 9.337978*^-9, 9.241194*^-9, 9.858602*^-9, 0.06404773, 9.129849000000001*^-9, 9.425127*^-9, 9.593495000000001*^-9, 9.758926000000001*^-9, 8.882649000000001*^-9, 0.03004236, 9.223620000000002*^-9, 9.429329*^-9, 0.1837848, 7.603277000000001*^-9, 9.79416*^-9, 8.950823*^-9, 0.0392211, 0.02531195, 8.505572000000001*^-9, 8.625847000000001*^-9, 8.970451000000002*^-9, 7.313974*^-9, 7.879386000000001*^-9, 0.1684073, 0.004388986, 0.2127177, 9.735118*^-9, 9.508372000000001*^-9};