name="iCMAES-ILS CEC13";
dim=30;
bound=1;
testID=26;
(*--------*)
min=200.0087;
max=300.;
median=200.036;
mean=221.79877843137257;
std=41.44264711370311;
(*--------*)
data={200.01250000000002, 200.01479999999998, 200.01639999999998, 200.0429, 200.0276, 300., 200.01440000000002, 300., 200.03760000000003, 300., 210.4451, 200.02460000000002, 200.0697, 200.01350000000002, 200.02800000000002, 200.0157, 200.04420000000002, 300., 200.0708, 200.036, 200.01790000000003, 200.045, 200.01540000000003, 200.03060000000002, 200.0515, 200.0243, 300., 200.0235, 300., 200.03199999999998, 200.0308, 200.01139999999998, 300., 200.1802, 200.0115, 300., 200.04659999999998, 200.0277, 200.02239999999998, 300., 200.01950000000002, 200.03660000000002, 200.0087, 200.0247, 200.04979999999998, 200.0368, 200.02339999999998, 200.0363, 200.01730000000003, 300., 300.};