name="iCMAES-ILS CEC13";
dim=30;
bound=4;
testID=11;
(*--------*)
min=0.9949591;
max=5.969754;
median=1.989918;
mean=2.4444372490196082;
std=1.2508050531648538;
(*--------*)
data={2.984877, 1.989918, 2.984877, 1.989918, 0.9949591, 1.989918, 4.179392, 2.98653, 1.989918, 4.974795, 2.984877, 3.979836, 1.989918, 2.984877, 2.984877, 1.989918, 1.989918, 3.979836, 1.989918, 3.979836, 0.9956384, 1.002597, 1.081063, 1.989972, 1.989918, 0.9949596, 2.984877, 1.989918, 0.9949591, 1.989943, 2.984877, 1.989918, 0.9949882000000001, 3.979836, 0.9950367999999999, 3.979836, 0.9949615, 1.989918, 0.9949592000000002, 4.974795, 1.989939, 2.984877, 2.984877, 1.989918, 0.9949591, 1.989918, 0.9949597000000001, 1.989918, 4.974795, 1.990501, 5.969754};