name="iCMAES-ILS CEC13";
dim=30;
bound=2;
testID=15;
(*--------*)
min=173.6139;
max=815.1393;
median=400.6289;
mean=396.1236176470588;
std=123.77909888463515;
(*--------*)
data={404.72650000000004, 310.3904, 299.843, 387.3066, 423.34319999999997, 436.5899, 267.3221, 394.8646, 285.256, 815.1393, 299.6871, 579.9252, 592.6373, 430.8226, 588.984, 173.6139, 402.9933, 409.65540000000004, 407.46479999999997, 380.1426, 270.5902, 283.3239, 270.2591, 417.0269, 788.2422, 448.924, 287.4215, 389.6379, 393.71770000000004, 287.5341, 420.6437, 404.19419999999997, 287.804, 400.6289, 389.7908, 405.8456, 274.008, 597.1360999999999, 420.8065, 301.3567, 462.9917, 429.3952, 282.4093, 395.00280000000004, 506.6337, 281.57529999999997, 407.4871, 296.1149, 433.19419999999997, 276.0234, 401.8771};