name="iCMAES-ILS CEC13";
dim=30;
bound=1;
testID=3;
(*--------*)
min=7.164949*^-9;
max=0.00008208166000000001;
median=8.979486*^-9;
mean=1.6644246877254903*^-6;
std=0.000011490635395065532;
(*--------*)
data={7.989252*^-9, 9.360349*^-9, 9.113436*^-9, 9.873118*^-9, 8.873572*^-9, 8.184701*^-9, 8.979486*^-9, 9.902860000000001*^-9, 7.994303000000001*^-9, 9.698177*^-9, 8.088001000000001*^-9, 7.164949*^-9, 9.637696*^-9, 8.466261*^-9, 8.244863000000001*^-9, 8.315395*^-9, 8.471701*^-9, 8.649*^-9, 9.723282*^-9, 9.338365*^-9, 9.948249*^-9, 8.235832000000001*^-9, 8.546728*^-9, 9.476701*^-9, 8.421698*^-9, 8.979825*^-9, 9.018752*^-9, 8.411987*^-9, 8.925721*^-9, 9.698535*^-9, 9.575313*^-9, 7.965838*^-9, 8.614677000000001*^-9, 8.233431*^-9, 8.226619*^-9, 9.135078999999999*^-9, 9.029102*^-9, 8.787308*^-9, 9.288486000000001*^-9, 8.448321999999999*^-9, 7.448986*^-9, 9.718759000000002*^-9, 9.165812000000002*^-9, 9.394347000000001*^-9, 7.763935*^-9, 8.160576000000002*^-9, 9.624985*^-9, 0.00008208166000000001, 9.685412*^-9, 2.370254*^-6, 9.745292*^-9};