name="iCMAES-ILS CEC13";
dim=30;
bound=2;
testID=22;
(*--------*)
min=175.0489;
max=1192.9080000000001;
median=707.7045;
mean=663.1397882352941;
std=295.9178094321953;
(*--------*)
data={919.1425, 948.4228999999999, 1133.0910000000001, 788.0402, 270.6506, 246.483, 1192.9080000000001, 240.45999999999998, 255.40210000000002, 175.0489, 627.1175999999999, 233.03889999999998, 707.7045, 851.808, 727.1761, 712.3619, 935.3192999999999, 400.05649999999997, 1090.9489999999998, 356.4705, 1093.623, 251.0186, 973.5448, 960.6994, 899.8181999999999, 621.8675000000001, 666.4735000000001, 657.8812, 622.0187, 320.8095, 337.7163, 619.4597, 604.6458, 753.7073, 333.0558, 888.1451000000001, 449.60120000000006, 217.7851, 845.8318999999999, 680.1894, 372.331, 249.1335, 967.9128999999999, 843.0518, 419.9624, 713.2764, 1002.9820000000001, 770.1324999999999, 832.5528999999999, 1135.381, 903.8693000000001};