name="iCMAES-ILS CEC13";
dim=30;
bound=2;
testID=25;
(*--------*)
min=200.;
max=200.0381;
median=200.;
mean=200.00325098039218;
std=0.008231242252513586;
(*--------*)
data={200., 200., 200.00369999999998, 200., 200.0057, 200., 200., 200.012, 200., 200.00079999999997, 200.00369999999998, 200.0115, 200., 200., 200., 200., 200.03449999999998, 200., 200., 200., 200., 200., 200., 200., 200., 200., 200., 200.00619999999998, 200.00170000000003, 200., 200., 200., 200., 200., 200., 200., 200., 200., 200., 200.0381, 200., 200., 200.0282, 200.0035, 200.002, 200.0032, 200., 200., 200.00900000000001, 200., 200.002};