name="iCMAES-ILS CEC13";
dim=30;
bound=2;
testID=13;
(*--------*)
min=6.415872000000001*^-9;
max=6.720842;
median=1.989918;
mean=2.2488334809604775;
std=1.3768723476449358;
(*--------*)
data={2.9851, 1.989918, 3.979836, 1.728427, 2.987939, 2.062699, 0.9949591, 1.989918, 2.393165, 0.9949591, 1.2987930000000001*^-8, 4.153312, 0.9949591, 6.415872000000001*^-9, 1.989918, 2.984879, 0.9949592000000002, 2.984877, 9.580571000000002*^-9, 1.991518, 6.720842, 2.984877, 3.986216, 0.9949591, 2.984877, 3.979836, 2.985387, 6.345802, 0.9949591, 0.9949591, 1.989918, 0.9949591, 2.984877, 1.990209, 0.9949591, 1.989918, 2.998616, 3.52116, 2.172817, 0.9949602000000001, 1.989918, 2.984877, 2.984877, 2.984877, 0.9949591, 0.9949591, 0.9949591, 2.984877, 1.989918, 1.989918, 1.989918};