name="iCMAES-ILS CEC13";
dim=30;
bound=1;
testID=28;
(*--------*)
min=100.;
max=300.;
median=300.;
mean=233.33333333333334;
std=95.21904571390466;
(*--------*)
data={300., 100., 100., 100., 300., 300., 100., 100., 100., 300., 300., 300., 100., 300., 100., 100., 300., 100., 300., 300., 300., 300., 300., 300., 100., 300., 100., 300., 300., 300., 300., 300., 300., 300., 100., 300., 300., 100., 300., 300., 300., 300., 300., 300., 100., 100., 300., 300., 300., 300., 100.};