name="iCMAES-ILS CEC13";
dim=30;
bound=3;
testID=17;
(*--------*)
min=31.77091;
max=38.528620000000004;
median=34.42425;
mean=34.38017078431371;
std=1.6095695130063108;
(*--------*)
data={31.77091, 32.29211, 33.47874, 35.18652, 35.60531, 34.014359999999996, 32.13746, 34.49747, 34.60007, 38.528620000000004, 34.66531, 33.50254, 35.35765, 35.52698, 34.60531, 34.70471, 34.26902, 33.24928, 34.762460000000004, 33.45031, 36.66668, 35.6753, 33.45092, 33.00862, 36.57443, 37.10973, 38.21022, 33.65422, 32.480940000000004, 31.880190000000002, 32.52794, 32.908719999999995, 34.093140000000005, 36.4306, 37.09421, 35.93043, 33.624939999999995, 34.53297, 34.57034, 34.84779, 34.7204, 32.48881, 32.355779999999996, 32.45762, 33.07337, 33.75489, 33.30912, 36.63283, 34.42425, 34.11554, 34.578630000000004};