name="iCMAES-ILS CEC13";
dim=30;
bound=2;
testID=12;
(*--------*)
min=8.582665*^-9;
max=5.730611;
median=1.989922;
mean=2.3844254632986677;
std=1.4034663878882885;
(*--------*)
data={0.994993, 5.730611, 2.984877, 2.984877, 1.989918, 2.011363, 1.989918, 9.833833*^-9, 4.974795, 0.9949591, 1.989922, 0.9949591, 3.979836, 1.989918, 2.984877, 1.40902, 3.979836, 1.989955, 1.989918, 0.9949591, 1.989918, 0.9949591, 1.989939, 4.974795, 1.989918, 1.989918, 0.9949591, 1.989918, 2.984882, 2.984877, 3.979836, 1.989918, 2.996985, 2.984877, 1.997263, 1.990935, 4.974795, 0.9949593000000001, 4.974795, 0.9949591, 2.984877, 0.9959196000000001, 2.987624, 1.989918, 0.9949591, 9.81554*^-9, 4.974795, 1.989918, 2.984935, 8.582665*^-9, 3.979836};