name="iCMAES-ILS CEC13";
dim=30;
bound=3;
testID=4;
(*--------*)
min=4.154231*^-9;
max=9.544010000000001*^-9;
median=7.630584*^-9;
mean=7.587748470588236*^-9;
std=1.0032756661772347*^-9;
(*--------*)
data={7.649589*^-9, 8.350945*^-9, 6.516742*^-9, 6.3205630000000005*^-9, 8.367005000000001*^-9, 7.709506*^-9, 7.613088*^-9, 7.035865000000001*^-9, 7.317764000000001*^-9, 9.544010000000001*^-9, 8.639664*^-9, 7.747683*^-9, 8.539707*^-9, 7.5587*^-9, 7.579555000000001*^-9, 4.154231*^-9, 7.921935*^-9, 7.606316*^-9, 6.88249*^-9, 8.215831*^-9, 7.138457*^-9, 8.681703000000001*^-9, 7.804528000000001*^-9, 6.84323*^-9, 7.969777*^-9, 8.309949*^-9, 7.324785000000001*^-9, 5.541589000000001*^-9, 7.181074*^-9, 8.948251*^-9, 7.231782000000001*^-9, 8.617325*^-9, 6.273539000000001*^-9, 8.484246*^-9, 7.759153000000001*^-9, 9.068013000000001*^-9, 8.082469*^-9, 7.61692*^-9, 7.880843*^-9, 8.341589000000001*^-9, 6.751856*^-9, 5.737341*^-9, 7.415975000000001*^-9, 6.612351000000001*^-9, 8.516249*^-9, 7.630584*^-9, 7.065039*^-9, 7.973483*^-9, 9.378438*^-9, 6.218009000000001*^-9, 7.305436000000001*^-9};