name="iCMAES-ILS CEC13";
dim=30;
bound=2;
testID=11;
(*--------*)
min=7.892853*^-9;
max=6.964713;
median=2.984877;
mean=2.5391466301690024;
std=1.3086462125526976;
(*--------*)
data={1.989918, 0.9972017, 0.9949591, 2.984877, 3.979836, 1.990127, 1.989918, 0.9949591, 2.984877, 3.979841, 2.984877, 3.979836, 3.979836, 1.990132, 1.989918, 2.984877, 1.989919, 1.989918, 0.9949591, 2.067029, 3.979836, 2.984877, 2.044942, 2.984877, 3.979841, 1.98993, 1.989918, 3.979836, 2.984877, 2.994857, 0.9949623000000001, 9.159263*^-9, 3.979836, 2.984877, 2.984877, 2.984877, 2.991523, 1.990153, 7.892853*^-9, 6.964713, 3.979836, 0.9949591, 3.979836, 2.984877, 2.984877, 3.979836, 1.989918, 1.990037, 1.989918, 6.21567*^-7, 0.9949591};