name="iCMAES-ILS CEC13";
dim=30;
bound=4;
testID=4;
(*--------*)
min=4.761508*^-9;
max=9.040918*^-9;
median=7.445585000000001*^-9;
mean=7.337890843137256*^-9;
std=9.750035235533125*^-10;
(*--------*)
data={7.820068*^-9, 8.080654*^-9, 8.076312000000001*^-9, 6.798862*^-9, 6.924422*^-9, 9.040918*^-9, 8.077589000000001*^-9, 6.092556*^-9, 6.049171000000001*^-9, 7.279653*^-9, 4.761508*^-9, 7.928470000000001*^-9, 8.15908*^-9, 7.071840000000001*^-9, 7.038523*^-9, 8.020975*^-9, 8.462573*^-9, 7.560381*^-9, 8.022456*^-9, 8.317446000000001*^-9, 7.440642000000001*^-9, 5.738658*^-9, 6.098563000000001*^-9, 7.445585000000001*^-9, 7.357395000000001*^-9, 8.398348*^-9, 6.917254*^-9, 6.671540000000001*^-9, 7.364499000000001*^-9, 7.415809000000001*^-9, 7.445628000000001*^-9, 5.0889210000000006*^-9, 6.0587450000000005*^-9, 8.214654*^-9, 7.698033*^-9, 8.737841*^-9, 8.180229000000001*^-9, 6.400618*^-9, 5.665198000000001*^-9, 6.83641*^-9, 8.473827*^-9, 7.101929*^-9, 8.003941*^-9, 7.2468810000000004*^-9, 8.633772000000002*^-9, 5.9533970000000004*^-9, 7.77009*^-9, 6.348265*^-9, 7.880917000000001*^-9, 8.316112*^-9, 7.745275000000001*^-9};