name="iCMAES-ILS CEC13";
dim=30;
bound=0;
testID=5;
(*--------*)
min=8.426099*^-9;
max=9.969797*^-9;
median=9.444654*^-9;
mean=9.371548823529413*^-9;
std=4.273843461226771*^-10;
(*--------*)
data={9.354729000000001*^-9, 8.866356*^-9, 8.870996000000001*^-9, 9.380091000000001*^-9, 9.671131000000001*^-9, 9.084449*^-9, 9.62087*^-9, 9.601827*^-9, 8.890518*^-9, 9.806349*^-9, 9.657506000000001*^-9, 9.282519000000002*^-9, 9.338107000000002*^-9, 9.593084*^-9, 8.803977*^-9, 9.803031000000002*^-9, 9.710123*^-9, 9.825467*^-9, 9.619742000000002*^-9, 8.448190000000002*^-9, 9.504842*^-9, 9.330862*^-9, 8.527760000000002*^-9, 9.807467000000001*^-9, 9.872787000000002*^-9, 9.668153*^-9, 9.033426*^-9, 9.969797*^-9, 8.426099*^-9, 9.766957*^-9, 8.923581000000001*^-9, 9.878199000000001*^-9, 9.376620000000001*^-9, 9.655584*^-9, 9.213219000000001*^-9, 9.351789*^-9, 9.924904*^-9, 8.569221000000001*^-9, 9.745821*^-9, 9.871191000000001*^-9, 9.444654*^-9, 8.940515*^-9, 8.754559000000001*^-9, 9.65742*^-9, 8.8742*^-9, 9.229152*^-9, 9.216571000000001*^-9, 9.763259000000001*^-9, 9.093003*^-9, 9.631486000000001*^-9, 9.696830000000001*^-9};