name="iCMAES-ILS CEC13";
dim=30;
bound=4;
testID=10;
(*--------*)
min=5.418727*^-9;
max=9.347929000000001*^-9;
median=7.612221*^-9;
mean=7.503595117647058*^-9;
std=9.939763005975073*^-10;
(*--------*)
data={6.8096350000000005*^-9, 8.094892000000001*^-9, 9.102239000000001*^-9, 7.503746*^-9, 6.825126*^-9, 7.709521*^-9, 7.061461000000001*^-9, 7.219338*^-9, 6.8293820000000005*^-9, 8.933191000000001*^-9, 7.134310000000001*^-9, 6.10155*^-9, 5.418727*^-9, 8.038449*^-9, 8.136645*^-9, 7.194425*^-9, 6.500297*^-9, 7.764727*^-9, 7.854231000000001*^-9, 6.291677000000001*^-9, 7.2913890000000005*^-9, 5.496787*^-9, 6.951697000000001*^-9, 7.846033*^-9, 8.590511*^-9, 8.457014*^-9, 8.554778000000002*^-9, 6.425356000000001*^-9, 9.009644*^-9, 9.095592*^-9, 6.357189*^-9, 9.181776*^-9, 8.124095000000001*^-9, 7.866878000000001*^-9, 5.813193000000001*^-9, 6.727772*^-9, 7.788097*^-9, 8.019057*^-9, 8.129789000000001*^-9, 8.322893000000002*^-9, 8.370557*^-9, 6.713809000000001*^-9, 7.612221*^-9, 5.713696*^-9, 7.585148*^-9, 6.644711000000001*^-9, 9.347929000000001*^-9, 6.924068000000001*^-9, 7.201714*^-9, 7.918103000000002*^-9, 8.078286000000001*^-9};