name="iCMAES-ILS CEC13";
dim=30;
bound=0;
testID=4;
(*--------*)
min=6.030109000000001*^-9;
max=9.165536*^-9;
median=7.550512000000001*^-9;
mean=7.568134588235295*^-9;
std=8.80493882183157*^-10;
(*--------*)
data={6.468779*^-9, 6.086651000000001*^-9, 8.441485*^-9, 7.613024000000001*^-9, 7.647374*^-9, 6.041185*^-9, 7.003960000000001*^-9, 6.7256610000000004*^-9, 6.302266*^-9, 8.946303*^-9, 8.040986000000001*^-9, 8.663298*^-9, 7.024933*^-9, 7.189971*^-9, 7.434118*^-9, 6.459213*^-9, 7.200830000000001*^-9, 7.584389*^-9, 8.463149*^-9, 7.534092000000001*^-9, 7.267209000000001*^-9, 8.002212000000001*^-9, 7.672837000000001*^-9, 8.649036000000002*^-9, 8.486517*^-9, 6.548232*^-9, 8.875086*^-9, 8.38556*^-9, 8.837977*^-9, 8.004899999999999*^-9, 6.231474000000001*^-9, 7.550512000000001*^-9, 8.531208*^-9, 7.577609*^-9, 7.661626000000001*^-9, 7.157106*^-9, 7.141875*^-9, 8.880871000000002*^-9, 7.294706*^-9, 7.293046000000001*^-9, 6.030109000000001*^-9, 6.04683*^-9, 9.165536*^-9, 9.091033*^-9, 7.706081*^-9, 6.847692000000001*^-9, 7.180298*^-9, 8.36994*^-9, 7.128323000000001*^-9, 7.550201000000001*^-9, 7.937555*^-9};