name="iCMAES-ILS CEC13";
dim=30;
bound=0;
testID=2;
(*--------*)
min=5.64347*^-9;
max=9.426223000000001*^-9;
median=7.948234000000001*^-9;
mean=7.912214196078431*^-9;
std=9.492903753542224*^-10;
(*--------*)
data={8.297572000000002*^-9, 6.439905000000001*^-9, 8.733370000000002*^-9, 8.59615*^-9, 9.178685*^-9, 8.302617*^-9, 6.938282*^-9, 7.103496*^-9, 8.985551*^-9, 9.159812*^-9, 8.241525*^-9, 7.846016*^-9, 6.7919270000000004*^-9, 7.314229*^-9, 5.64347*^-9, 9.321938*^-9, 8.579113*^-9, 7.658860000000001*^-9, 8.829253*^-9, 7.874338*^-9, 7.024436*^-9, 7.875175*^-9, 8.717448*^-9, 5.7219*^-9, 8.304826000000001*^-9, 7.560206*^-9, 8.11731*^-9, 6.4734650000000005*^-9, 9.426223000000001*^-9, 8.968776999999999*^-9, 7.351986000000001*^-9, 7.763989*^-9, 7.174572000000001*^-9, 7.207747000000001*^-9, 8.886393*^-9, 7.948234000000001*^-9, 8.676323*^-9, 7.320594*^-9, 6.7468070000000005*^-9, 7.059809*^-9, 8.934037000000001*^-9, 9.062197*^-9, 7.905475000000001*^-9, 9.153254000000001*^-9, 6.4537100000000005*^-9, 8.443468*^-9, 7.981251000000001*^-9, 8.534931000000001*^-9, 6.963199000000001*^-9, 8.368506*^-9, 7.560567*^-9};