name="iCMAES-ILS CEC13";
dim=30;
bound=1;
testID=16;
(*--------*)
min=0.005401548;
max=1.690311;
median=0.3692646;
mean=0.3863438742745097;
std=0.3177282762352945;
(*--------*)
data={0.37472940000000005, 0.5295652, 0.5391831, 0.6157932, 0.021149900000000003, 0.17463900000000002, 0.42815380000000003, 0.46059140000000004, 0.21862550000000003, 0.24977760000000002, 0.4197975, 0.32407210000000003, 0.5117316, 0.3494514, 0.02343444, 0.3966217, 0.43872289999999997, 0.8514559, 0.0345404, 0.3769722, 0.7659627000000001, 0.4290026, 0.5228801, 0.4220744, 0.038201809999999996, 0.352677, 0.10591500000000001, 0.116061, 0.03917027, 0.6895257, 0.22140620000000003, 0.3450782, 0.3262322, 0.4122133, 0.2733612, 0.6975121, 0.8765729000000001, 1.235868, 0.37867880000000004, 0.31154970000000004, 0.3453578, 0.005401548, 0.6127011000000001, 0.3692646, 0.02073512, 0.01017757, 1.690311, 0.30400900000000003, 0.01632256, 0.01149147, 0.41881440000000003};