name="iCMAES-ILS CEC13";
dim=30;
bound=3;
testID=13;
(*--------*)
min=8.233963*^-9;
max=8.079374;
median=1.990775;
mean=2.3717036123118613;
std=1.4337460632781558;
(*--------*)
data={1.989918, 1.99117, 3.979836, 1.989918, 5.282148, 1.990009, 9.933868*^-9, 1.989918, 2.984877, 1.989918, 1.989918, 1.994322, 1.98992, 0.994962, 8.233963*^-9, 2.063323, 3.979836, 0.9949591, 1.989918, 2.984877, 3.986444, 0.9949591, 3.979836, 1.007383, 2.986456, 1.989918, 8.079374, 2.01047, 2.984877, 2.142256, 2.984877, 9.737088000000001*^-9, 1.989918, 0.9949591, 2.984877, 2.984877, 0.9949591, 1.989918, 1.990775, 1.989918, 0.9949591, 1.000975, 2.984877, 4.75248, 0.9951547000000001, 2.024264, 1.989918, 2.984877, 2.984877, 3.979836, 4.027868};