name="iCMAES-ILS CEC13";
dim=30;
bound=1;
testID=17;
(*--------*)
min=28.76199;
max=38.82783;
median=34.26363;
mean=34.42047686274509;
std=1.7931535232115405;
(*--------*)
data={31.84345, 36.509640000000005, 34.37082, 35.29714, 35.15596, 34.44806, 33.574709999999996, 33.403800000000004, 32.84876, 33.66763, 36.14483, 38.25573, 32.989959999999996, 34.74808, 33.62189, 33.21001, 35.62437, 36.01687, 32.97665, 32.71172, 35.0507, 34.09364, 33.56472, 33.05427, 34.21634, 34.26366, 32.59051, 36.67903, 33.3951, 34.63843, 34.41354, 33.84391, 33.805299999999995, 34.26363, 28.76199, 35.55661, 38.56739, 35.74929, 37.84088, 32.40797, 36.39079, 33.42937, 34.29703, 34.27901, 33.739819999999995, 34.31765, 38.82783, 33.34574, 33.80062, 35.986869999999996, 32.8526};