name="iCMAES-ILS CEC13";
dim=30;
bound=2;
testID=1;
(*--------*)
min=5.227671*^-9;
max=9.166579000000002*^-9;
median=7.1813290000000006*^-9;
mean=7.259354431372545*^-9;
std=8.148131740185173*^-10;
(*--------*)
data={6.891035*^-9, 7.559633*^-9, 7.586389*^-9, 6.551649*^-9, 6.435239*^-9, 7.330005*^-9, 6.958191000000001*^-9, 5.227671*^-9, 6.425085*^-9, 6.544042000000001*^-9, 6.992226*^-9, 6.7171370000000005*^-9, 7.80409*^-9, 6.278656*^-9, 8.929295*^-9, 6.906338*^-9, 9.166579000000002*^-9, 6.6063140000000006*^-9, 8.545538000000001*^-9, 7.860165*^-9, 6.855194000000001*^-9, 6.436739*^-9, 6.219859*^-9, 7.01099*^-9, 8.306545*^-9, 7.726263*^-9, 7.611239000000001*^-9, 6.6182*^-9, 7.80812*^-9, 6.60962*^-9, 6.333053*^-9, 6.6826790000000004*^-9, 8.083958000000001*^-9, 7.003777000000001*^-9, 7.894287000000002*^-9, 8.551394000000001*^-9, 7.587350000000001*^-9, 8.253924*^-9, 6.228793*^-9, 8.638168000000002*^-9, 7.664666*^-9, 6.484352000000001*^-9, 8.007469*^-9, 6.842238000000001*^-9, 6.489969000000001*^-9, 7.1813290000000006*^-9, 7.226522000000001*^-9, 7.482719000000001*^-9, 7.358320000000001*^-9, 7.591969*^-9, 8.122094000000002*^-9};