name="iCMAES-ILS CEC13";
dim=30;
bound=1;
testID=1;
(*--------*)
min=5.460788*^-9;
max=8.945893*^-9;
median=7.150712000000001*^-9;
mean=7.20400674509804*^-9;
std=8.930511025567764*^-10;
(*--------*)
data={7.685244*^-9, 7.409297*^-9, 7.767821*^-9, 8.264132000000001*^-9, 5.982571*^-9, 8.837334*^-9, 7.393438*^-9, 7.982576*^-9, 6.038636000000001*^-9, 8.945893*^-9, 7.937674000000002*^-9, 7.871725*^-9, 5.851056*^-9, 7.745217*^-9, 5.670215*^-9, 6.3947150000000005*^-9, 6.174022*^-9, 6.447216000000001*^-9, 7.145522*^-9, 8.26607*^-9, 7.517132000000001*^-9, 6.896740000000001*^-9, 7.11044*^-9, 5.5774400000000005*^-9, 5.583885000000001*^-9, 5.460788*^-9, 6.540381*^-9, 7.075583*^-9, 6.910373*^-9, 8.080529*^-9, 6.891446000000001*^-9, 8.282807*^-9, 6.9567760000000004*^-9, 7.652742*^-9, 7.915633*^-9, 7.947466000000001*^-9, 6.6003950000000006*^-9, 7.404268000000001*^-9, 7.150712000000001*^-9, 7.055044*^-9, 7.000405*^-9, 7.693961*^-9, 8.633912000000001*^-9, 6.308186000000001*^-9, 8.365347*^-9, 8.091511000000002*^-9, 6.194607000000001*^-9, 7.878196*^-9, 6.505578*^-9, 7.261094000000001*^-9, 7.050593000000001*^-9};