name="iCMAES-ILS CEC13";
dim=30;
bound=1;
testID=22;
(*--------*)
min=40.02585;
max=1101.336;
median=618.5708;
mean=533.2534654901962;
std=332.1469992124398;
(*--------*)
data={1033.202, 717.4378, 836.2692, 114.67, 862.8676, 378.3249, 389.8013, 822.5891, 780.6256999999999, 777.5919, 909.6610999999999, 913.5396999999999, 809.6729, 176.43519999999998, 141.5137, 355.43580000000003, 816.9307999999999, 164.0916, 40.02585, 795.0311, 176.5492, 696.5785999999999, 238.89109999999997, 43.48406, 833.1004999999999, 813.5653, 189.7233, 183.6539, 618.5708, 747.6913999999999, 892.5357, 721.7309, 425.3887, 155.9649, 825.1020000000001, 62.861830000000005, 203.18529999999998, 853.9334, 573.4945, 495.2227, 106.99270000000001, 126.7527, 824.4213, 969.4628, 196.8267, 1101.336, 410.7347, 778.6451999999999, 105.0411, 105.8787, 882.8894999999999};