name="iCMAES-ILS CEC13";
dim=30;
bound=0;
testID=20;
(*--------*)
min=11.22609;
max=15.;
median=14.5031;
mean=14.30087235294118;
std=0.6233796503659331;
(*--------*)
data={13.94684, 15., 14.5, 14.50911, 14.50972, 14.50971, 14.5, 14.50946, 13.85904, 15., 13.48587, 14.019440000000001, 14.50874, 13.70795, 14.5, 14.509559999999999, 11.22609, 14.999979999999999, 14.5, 14.96678, 14.50958, 13.703959999999999, 14.5031, 14.498940000000001, 14.50972, 14.509689999999999, 14.074739999999998, 14.017809999999999, 14.47348, 14.50968, 13.87422, 14.50971, 14.53722, 14.5, 14.31682, 15., 13.99845, 14.5, 14.509350000000001, 14.502790000000001, 12.64684, 13.43682, 14.50972, 14.5097, 14.491069999999999, 14.509369999999999, 13.888259999999999, 14.50966, 14.50971, 14.50971, 14.996080000000001};