name="iCMAES-ILS CEC13";
dim=30;
bound=3;
testID=22;
(*--------*)
min=221.5519;
max=1322.9789999999998;
median=756.1987;
mean=750.7489098039216;
std=249.37957154270933;
(*--------*)
data={822.827, 708.005, 512.4971, 644.0993, 995.7307000000001, 1322.9789999999998, 593.4442, 486.61589999999995, 936.2302, 831.9019000000001, 662.5841, 1234.188, 601.0166, 438.3194, 1088.436, 1041.6799999999998, 1051.45, 847.6679, 853.392, 820.6419000000001, 565.6085, 221.5519, 703.7081, 648.2634, 756.1987, 495.3698, 732.2272, 419.1877, 245.55859999999998, 423.2572, 747.2723, 905.287, 954.1917, 921.1995999999999, 1000.7379999999999, 796.2108, 387.6583, 510.96209999999996, 742.7325, 351.5901, 1188.2299999999998, 962.8914, 766.4063, 472.9827, 821.6607, 950.2370000000001, 743.2419, 619.3644, 913.5839000000001, 976.1528000000001, 850.9636};