name="iCMAES-ILS CEC13";
dim=30;
bound=3;
testID=21;
(*--------*)
min=100.;
max=300.;
median=200.;
mean=201.9629568627451;
std=42.38006393930173;
(*--------*)
data={200., 300., 200., 200., 200., 300., 100., 200., 200., 200., 200., 200., 200.0004, 200., 200., 200., 200., 200., 100., 100., 300., 300., 200., 200., 200., 200., 200., 200., 200., 200., 200., 200., 200., 200., 200., 200., 200., 300., 200., 200.0358, 200.0305, 200., 200., 200., 200., 200., 100., 200., 200., 200., 200.0441};