name="iCMAES-ILS CEC13";
dim=30;
bound=3;
testID=5;
(*--------*)
min=8.055256*^-9;
max=9.993232000000002*^-9;
median=9.499766*^-9;
mean=9.406487411764703*^-9;
std=3.9636669758390043*^-10;
(*--------*)
data={9.565231*^-9, 8.491923000000001*^-9, 9.499766*^-9, 9.509650000000001*^-9, 9.744260000000001*^-9, 8.990187000000001*^-9, 9.7188*^-9, 9.42193*^-9, 9.761399000000002*^-9, 9.431201*^-9, 9.299551*^-9, 9.153176*^-9, 9.518653000000001*^-9, 9.203594*^-9, 9.741069*^-9, 8.055256*^-9, 9.649527000000002*^-9, 9.834375000000001*^-9, 9.689105*^-9, 9.792685000000001*^-9, 9.993232000000002*^-9, 9.409433*^-9, 9.797109000000002*^-9, 9.614550000000001*^-9, 9.236656*^-9, 9.434145*^-9, 8.887898*^-9, 9.620102*^-9, 9.555797000000001*^-9, 9.204709*^-9, 8.901959000000001*^-9, 9.243949000000002*^-9, 9.311674000000001*^-9, 8.887728*^-9, 9.888974*^-9, 9.585263*^-9, 9.407086*^-9, 8.841263*^-9, 9.568919*^-9, 9.734056000000001*^-9, 9.66057*^-9, 9.430345000000002*^-9, 9.701246*^-9, 9.968563*^-9, 9.8374*^-9, 9.249101*^-9, 9.726988000000001*^-9, 9.178718*^-9, 9.259541*^-9, 8.841273*^-9, 8.681273*^-9};