name="iCMAES-ILS CEC13";
dim=30;
bound=3;
testID=28;
(*--------*)
min=100.;
max=300.;
median=300.;
mean=241.1764705882353;
std=92.03579866168442;
(*--------*)
data={100., 300., 100., 300., 300., 300., 300., 100., 100., 100., 100., 100., 300., 100., 300., 300., 300., 300., 300., 300., 300., 300., 300., 300., 300., 300., 300., 300., 100., 300., 100., 300., 300., 300., 300., 100., 300., 300., 300., 100., 300., 100., 300., 300., 100., 300., 300., 300., 100., 300., 300.};