name="iCMAES-ILS CEC13";
dim=30;
bound=4;
testID=23;
(*--------*)
min=101.55330000000001;
max=629.1693;
median=274.6462;
mean=280.43045882352936;
std=129.6679538583904;
(*--------*)
data={162.0899, 613.7138, 180.5463, 187.9119, 185.2274, 443.20769999999993, 291.2972, 101.55330000000001, 505.677, 295.8136, 304.4355, 346.959, 481.46659999999997, 116.85650000000001, 175.7485, 150.1848, 312.8746, 204.58660000000003, 291.4515, 284.8498, 312.8977, 164.2149, 259.695, 295.7845, 324.9601, 188.4379, 319.4185, 274.6462, 304.3351, 464.19870000000003, 170.0155, 199.7837, 280.2588, 143.2461, 304.1589, 487.8239, 629.1693, 517.4517, 167.4247, 143.30339999999998, 183.4248, 412.0913, 211.5326, 139.1045, 235.3815, 423.9514, 158.2426, 190.1094, 149.9023, 349.423, 261.1139};