name="iCMAES-ILS CEC13";
dim=30;
bound=0;
testID=17;
(*--------*)
min=32.26066;
max=43.40155;
median=34.37027;
mean=34.652315490196074;
std=1.9065662616875536;
(*--------*)
data={36.5772, 32.95892, 35.09787, 34.93388, 34.21564, 34.96778, 36.0022, 34.121269999999996, 33.13953, 34.37027, 34.76626, 34.69684, 32.35367, 34.31143, 36.92736, 36.26753, 35.58462, 32.41467, 34.0642, 35.398869999999995, 35.832950000000004, 33.51488, 36.745689999999996, 37.4364, 32.87751, 33.1261, 35.69675, 36.53407, 32.79718, 34.513349999999996, 33.66643, 32.71788, 33.91607, 32.573370000000004, 33.56757, 34.71291, 34.106519999999996, 32.26066, 33.278729999999996, 32.584050000000005, 35.94532, 33.83811, 34.682970000000005, 33.10414, 37.39207, 34.7155, 33.625099999999996, 33.00339, 43.40155, 34.78027, 37.15059};