name="iCMAES-ILS CEC13";
dim=30;
bound=3;
testID=2;
(*--------*)
min=4.600358000000001*^-9;
max=9.541727000000001*^-9;
median=7.784621*^-9;
mean=7.739654490196078*^-9;
std=1.082856504264704*^-9;
(*--------*)
data={9.099207*^-9, 6.806672000000001*^-9, 8.423842*^-9, 7.824823*^-9, 8.271525*^-9, 4.600358000000001*^-9, 8.732094*^-9, 7.047369*^-9, 5.769975*^-9, 8.539582*^-9, 6.794838000000001*^-9, 8.935901*^-9, 6.652076000000001*^-9, 7.407482*^-9, 8.826673*^-9, 7.784621*^-9, 7.469932*^-9, 8.876421000000001*^-9, 7.850448000000001*^-9, 7.10886*^-9, 7.505527000000001*^-9, 7.922757*^-9, 7.952224000000001*^-9, 9.327612000000001*^-9, 7.455992*^-9, 7.904979*^-9, 6.95405*^-9, 8.442872*^-9, 8.124354000000001*^-9, 7.729204000000001*^-9, 6.273518000000001*^-9, 7.620324*^-9, 9.522785000000001*^-9, 7.145884*^-9, 9.153782*^-9, 8.406707000000001*^-9, 5.5053300000000005*^-9, 9.541727000000001*^-9, 7.67801*^-9, 8.809087000000001*^-9, 9.321238*^-9, 6.453523*^-9, 8.561935*^-9, 6.820036000000001*^-9, 7.523269*^-9, 7.428042*^-9, 5.642955*^-9, 8.225613*^-9, 8.209252*^-9, 7.712917000000001*^-9, 7.024175*^-9};