name="iCMAES-ILS CEC13";
dim=30;
bound=2;
testID=21;
(*--------*)
min=100.;
max=300.;
median=200.;
mean=192.16120784313728;
std=44.007697035490686;
(*--------*)
data={300., 200., 200., 200., 200., 200., 100., 100., 200., 200., 200., 300., 200., 200., 200.0591, 200., 200., 200., 200., 100., 100., 200., 200., 200., 100.1619, 200., 200., 200., 100., 200.0006, 200., 200., 200., 200., 300., 200., 200., 200., 200., 200., 200., 200., 200., 200., 200., 200., 200., 100., 200., 200., 200.};