name="iCMAES-ILS CEC13";
dim=30;
bound=4;
testID=15;
(*--------*)
min=28.535249999999998;
max=628.1423;
median=293.2181;
mean=318.40325;
std=131.248516676484;
(*--------*)
data={172.8273, 156.026, 360.1248, 28.535249999999998, 273.5466, 175.92159999999998, 404.37640000000005, 303.8532, 160.7467, 392.6418, 415.8938, 546.4106, 156.07070000000002, 159.19129999999998, 288.4394, 288.4629, 533.7764, 295.6744, 298.0235, 410.9388, 156.1625, 287.804, 628.1423, 279.7709, 290.8509, 274.0066, 488.3932, 379.5061, 278.0869, 145.7901, 139.8894, 604.6452, 459.4913, 269.7964, 279.81980000000004, 299.7734, 157.49530000000001, 375.5267, 406.41420000000005, 287.71360000000004, 398.4444, 399.19980000000004, 423.3238, 293.2181, 289.96819999999997, 274.5557, 392.1221, 465.97470000000004, 293.68089999999995, 158.1765, 539.3412999999999};