name="iCMAES-ILS CEC13";
dim=30;
bound=3;
testID=1;
(*--------*)
min=4.494743*^-9;
max=9.192653*^-9;
median=7.270828*^-9;
mean=7.136148725490197*^-9;
std=9.75989507024683*^-10;
(*--------*)
data={7.385071000000001*^-9, 6.693957000000001*^-9, 6.990123*^-9, 7.250695000000001*^-9, 4.803487*^-9, 8.518579000000002*^-9, 7.1823510000000004*^-9, 5.999028*^-9, 7.2242150000000006*^-9, 5.566172*^-9, 6.673333000000001*^-9, 8.53718*^-9, 7.316381000000001*^-9, 7.152090000000001*^-9, 8.013083*^-9, 4.494743*^-9, 5.212974*^-9, 7.981924*^-9, 8.180672*^-9, 6.605721*^-9, 7.383921000000001*^-9, 8.290109*^-9, 7.825857*^-9, 6.3161050000000005*^-9, 6.4318950000000006*^-9, 7.669308000000001*^-9, 7.392621*^-9, 7.442816*^-9, 6.7272830000000005*^-9, 6.683132*^-9, 5.030919*^-9, 6.266029*^-9, 6.564661000000001*^-9, 7.474052000000001*^-9, 7.270828*^-9, 7.479243*^-9, 7.0943920000000006*^-9, 7.79413*^-9, 6.618582*^-9, 9.192653*^-9, 7.605525000000001*^-9, 8.635937*^-9, 8.476423000000002*^-9, 7.228611000000001*^-9, 7.457347000000002*^-9, 7.182666000000001*^-9, 7.49252*^-9, 6.308452*^-9, 7.414213*^-9, 7.660729*^-9, 7.750847*^-9};