name="iCMAES-ILS CEC13";
dim=30;
bound=4;
testID=17;
(*--------*)
min=31.818279999999998;
max=38.25186;
median=34.29051;
mean=34.708224117647056;
std=1.565418273073591;
(*--------*)
data={34.29051, 34.07412, 33.69598, 36.52008, 36.33287, 37.93617, 37.84955, 35.8457, 35.23511, 34.213589999999996, 33.26256, 36.17044, 33.9675, 35.72021, 35.05563, 37.274029999999996, 37.55074, 36.8805, 34.25776, 34.455960000000005, 33.74695, 33.193619999999996, 34.09179, 32.48807, 33.61623, 34.69663, 34.55731, 35.898979999999995, 32.47591, 33.93938, 33.99884, 34.49703, 34.22065, 36.593399999999995, 34.53394, 33.150059999999996, 33.112539999999996, 38.25186, 33.09392, 36.90889, 33.32459, 32.630210000000005, 33.711929999999995, 34.2236, 33.77512, 34.71358, 34.488240000000005, 35.32441, 32.87239, 31.818279999999998, 35.58207};