name="iCMAES-ILS CEC13";
dim=30;
bound=4;
testID=22;
(*--------*)
min=141.9078;
max=1150.7659999999998;
median=377.1096;
mean=517.9211901960783;
std=339.78653808510444;
(*--------*)
data={1039.742, 241.96, 176.1363, 266.2712, 262.3083, 194.3273, 289.8635, 676.2622, 221.99239999999998, 377.1096, 507.8165, 162.9174, 794.5304, 264.26500000000004, 215.4038, 513.0371, 163.0671, 297.5396, 199.09539999999998, 141.9078, 205.53949999999998, 986.4646, 241.3045, 222.0968, 157.2926, 857.8557, 956.4843, 622.1143999999999, 794.6042, 183.8297, 1078.6899999999998, 1042.89, 898.8320999999999, 513.5105, 190.7112, 1150.7659999999998, 748.7352, 178.173, 1086.6480000000001, 677.5861, 958.7973, 148.545, 755.0716, 627.6697, 260.3361, 158.8507, 243.32699999999997, 820.7746, 1094.5249999999999, 699.8289, 846.5735000000001};