name="iCMAES-ILS CEC13";
dim=30;
bound=1;
testID=12;
(*--------*)
min=7.861558000000001*^-9;
max=5.969754;
median=1.989918;
mean=2.298050075347901;
std=1.207509851348637;
(*--------*)
data={2.985042, 1.989918, 1.989918, 0.9949591, 1.989918, 0.9949591, 3.488139*^-8, 3.979836, 1.989918, 2.984878, 0.9953286000000001, 2.984877, 0.9949591, 0.9949591, 3.979836, 1.989918, 3.979836, 5.969754, 2.984877, 2.984877, 2.984877, 1.989918, 4.974795, 2.984877, 0.9949591, 0.9949591, 0.9969123, 2.984877, 2.984877, 2.984877, 3.979836, 1.989918, 0.9949591, 2.984877, 1.604536, 0.9949591, 1.989918, 1.989918, 1.98993, 2.984877, 1.989932, 3.979836, 1.989931, 3.163095, 7.861558000000001*^-9, 1.989945, 0.9949591, 1.989918, 1.989918, 2.984877, 1.989918};