name="iCMAES-ILS CEC13";
dim=30;
bound=3;
testID=7;
(*--------*)
min=7.164692*^-9;
max=0.1751929;
median=9.668125000000001*^-9;
mean=0.012246078825693825;
std=0.035368619293910615;
(*--------*)
data={0.004739606, 8.600616*^-9, 0.1751929, 9.737437*^-9, 9.799499000000001*^-9, 9.284516000000001*^-9, 8.065103000000001*^-9, 8.481719000000001*^-9, 8.309345*^-7, 8.970509*^-9, 8.086926000000001*^-9, 0.000015323920000000002, 8.350726*^-9, 8.89852*^-9, 9.016076*^-9, 9.879451*^-9, 9.273057*^-9, 9.860359*^-9, 0.12446950000000001, 9.700353000000001*^-9, 8.947956*^-9, 8.683158000000001*^-9, 0.06711273000000001, 0.005489053000000001, 8.538248*^-9, 9.742807000000001*^-9, 0.0008312739000000001, 9.668125000000001*^-9, 7.164692*^-9, 9.462115000000001*^-9, 7.451904*^-7, 0.08786645, 9.169849*^-9, 8.044859000000002*^-9, 9.498311*^-9, 7.820091*^-9, 9.831090000000001*^-9, 9.870833*^-9, 9.094719*^-9, 8.922789*^-9, 0.09998067000000001, 0.0028427730000000003, 0.03693339, 9.899939*^-9, 9.784185000000001*^-9, 8.518075*^-9, 9.391325*^-9, 7.826836*^-9, 0.019074439999999998, 9.735668*^-9, 8.544948*^-9};