name="iCMAES-ILS CEC13";
dim=30;
bound=3;
testID=26;
(*--------*)
min=200.0085;
max=300.0138;
median=200.0362;
mean=223.51350784313726;
std=39.16302800248644;
(*--------*)
data={200.0223, 200.0143, 200.0243, 200.0572, 200.02300000000002, 282.6585, 275.48490000000004, 200.02599999999998, 200.0536, 200.04420000000002, 200.03730000000002, 200.0085, 278.2551, 200.0247, 200.04590000000002, 200.0165, 288.3516, 278.0849, 200.03099999999998, 200.0091, 200.04879999999997, 200.047, 300., 200.0178, 200.0152, 200.0273, 200.0441, 300., 200.01000000000002, 200.01440000000002, 200.0409, 299.09979999999996, 200.02100000000002, 300., 200.03250000000003, 200.0106, 200.0479, 200.0196, 255.86440000000002, 200.01489999999998, 200.0161, 200.0151, 289.1194, 200.0502, 277.04110000000003, 200.0186, 200.0201, 200.0362, 274.1941, 300.0138, 200.0151};