name="iCMAES-ILS CEC13";
dim=30;
bound=4;
testID=25;
(*--------*)
min=200.0001;
max=254.72100000000003;
median=240.39700000000002;
mean=239.21751960784312;
std=9.264561052592176;
(*--------*)
data={239.34669999999997, 244.99179999999998, 246.1415, 240.7609, 241.547, 239.5359, 241.3364, 234.5047, 236.0043, 240.3228, 243.3147, 244.19819999999999, 242.3093, 254.72100000000003, 239.26479999999998, 238.7381, 244.5845, 240.77779999999998, 240.76170000000002, 238.1734, 246.8714, 236.5526, 242.89849999999998, 240.325, 200.0091, 229.8018, 243.55889999999997, 240.39700000000002, 243.5832, 235.5521, 243.1427, 242.5553, 237.27800000000002, 238.16320000000002, 247.5396, 243.4616, 200.0001, 240.36810000000003, 245.2886, 237.27779999999998, 240.9838, 233.0727, 240.09550000000002, 237.08049999999997, 237.9299, 243.07500000000002, 239.90040000000002, 245.9241, 229.2179, 251.6813, 235.17229999999998};