name="iCMAES-ILS CEC13";
dim=30;
bound=2;
testID=6;
(*--------*)
min=6.5787120000000006*^-9;
max=7.253318;
median=9.877427000000002*^-9;
mean=0.4289166705037085;
std=1.3245751238219885;
(*--------*)
data={0.1388916, 3.901296, 0.08364001, 0.000046046460000000004, 0.02487133, 8.016466*^-9, 6.5787120000000006*^-9, 8.832776000000002*^-9, 0.1194671, 0.1869284, 9.490613000000001*^-9, 8.902299*^-9, 7.676491000000001*^-9, 0.000014236080000000001, 8.605373000000001*^-9, 1.0247189999999999*^-7, 7.984446*^-9, 4.517687, 7.012702000000001*^-9, 8.207995000000001*^-9, 9.068798*^-9, 9.587336000000001*^-9, 7.445836*^-9, 7.826529*^-9, 9.877427000000002*^-9, 2.541902, 7.521542*^-9, 0.05127327, 0.000029841090000000004, 0.21250680000000002, 0.1608554, 8.968427*^-9, 8.018987*^-9, 8.814320000000001*^-9, 8.909413000000002*^-9, 9.226167000000001*^-9, 0.014957739999999999, 0.20392030000000003, 0.00002890383, 0.19240440000000003, 1.405647, 8.120517*^-9, 0.269596, 0.281123, 9.041597*^-9, 7.580242*^-9, 7.141564*^-9, 7.253318, 7.300664000000001*^-9, 0.1702633, 0.14408220000000002};