name="iCMAES-ILS CEC13";
dim=30;
bound=3;
testID=15;
(*--------*)
min=278.2848;
max=952.6628000000001;
median=439.0253;
mean=518.710962745098;
std=168.77299818332426;
(*--------*)
data={569.4402, 412.4689, 435.9948, 952.6628000000001, 390.0535, 417.5343, 303.0636, 489.274, 278.2848, 290.828, 404.5142, 403.8509, 825.9646999999999, 579.3553, 401.6768, 884.4808, 398.8905, 763.9966000000001, 560.4745, 402.73060000000004, 600.26, 802.6838, 743.6101, 414.4177, 600.8706, 392.04810000000003, 411.02809999999994, 402.2245, 581.1304, 411.0637, 426.94190000000003, 456.3345, 580.7381, 425.89119999999997, 731.8261, 402.2037, 447.2757, 418.2154, 461.5722, 282.5653, 805.9315, 791.74, 595.2781, 439.0253, 524.1073, 818.4115, 398.7799, 422.184, 568.5493, 399.8285, 531.9828};