name="iCMAES-ILS CEC13";
dim=30;
bound=4;
testID=3;
(*--------*)
min=5.43879*^-9;
max=1.463428*^-6;
median=8.703021*^-9;
mean=5.496569549019609*^-8;
std=2.3749279962374342*^-7;
(*--------*)
data={8.738438000000001*^-9, 8.177222*^-9, 9.102807999999999*^-7, 7.235283*^-9, 9.807479000000002*^-9, 8.914423*^-9, 9.567607*^-9, 8.989119000000002*^-9, 8.778992000000001*^-9, 8.493325000000001*^-9, 9.120256*^-9, 9.9841*^-9, 6.656344*^-9, 9.028420000000001*^-9, 9.790392000000001*^-9, 8.209298000000002*^-9, 9.660986*^-9, 9.069081000000001*^-9, 8.292632*^-9, 8.848965*^-9, 6.384078*^-9, 7.97833*^-9, 9.931784000000001*^-9, 8.703021*^-9, 7.805988*^-9, 5.43879*^-9, 8.301339000000002*^-9, 9.760289*^-9, 9.028117*^-9, 8.847748*^-9, 1.463428*^-6, 8.532715*^-9, 7.209365000000001*^-9, 7.491679*^-9, 8.355383*^-9, 8.363187999999999*^-9, 8.366641*^-9, 7.035283*^-9, 1.2261560000000001*^-8, 7.92005*^-9, 9.038319*^-9, 8.491020000000001*^-9, 7.28754*^-9, 2.1237650000000002*^-8, 5.708935000000001*^-9, 8.413119*^-9, 9.769131*^-9, 8.309689000000001*^-9, 9.421854*^-9, 7.360627000000001*^-9, 9.426076*^-9};