name="iCMAES-ILS CEC13";
dim=30;
bound=1;
testID=23;
(*--------*)
min=98.58655;
max=687.4114999999999;
median=188.9673;
mean=256.79569509803923;
std=136.75007744988747;
(*--------*)
data={365.3509, 283.9966, 231.20180000000002, 414.91110000000003, 180.9717, 687.4114999999999, 305.6488, 98.58655, 306.7327, 319.2488, 129.88649999999998, 197.56640000000002, 372.5377, 157.7362, 186.08100000000002, 601.6246, 153.08509999999998, 286.2649, 381.7099, 159.7405, 163.4155, 188.9673, 190.2329, 383.0552, 173.2156, 174.9521, 191.4514, 188.61190000000002, 143.3383, 152.4316, 160.5849, 165.18679999999998, 158.36239999999998, 141.1606, 241.4667, 147.77499999999998, 131.659, 564.1306, 349.7502, 485.6927, 312.71819999999997, 499.0714, 172.90509999999998, 155.4768, 153.3861, 173.4219, 305.9549, 200.84029999999998, 152.4604, 470.9957, 183.6157};