name="iCMAES-ILS CEC13";
dim=30;
bound=4;
testID=8;
(*--------*)
min=20.60096;
max=21.0586;
median=20.969929999999998;
mean=20.948204509803926;
std=0.07293391036585724;
(*--------*)
data={21.0586, 21.01592, 21.003539999999997, 20.88523, 20.98041, 21.015839999999997, 20.892940000000003, 20.94391, 21.00951, 20.991490000000002, 20.97148, 21.00372, 20.98018, 20.97379, 20.93956, 20.85427, 20.96798, 20.8489, 20.89814, 21.010930000000002, 20.60096, 20.969929999999998, 21.009050000000002, 20.898, 20.972240000000003, 20.95264, 20.984769999999997, 21.001829999999998, 20.979860000000002, 20.883539999999996, 20.82873, 20.9859, 21.03235, 20.88825, 20.95305, 20.908859999999997, 20.92228, 20.93065, 20.98099, 20.98113, 20.95977, 20.98646, 20.98885, 20.86497, 20.96076, 20.86942, 20.9983, 21.032000000000004, 20.898310000000002, 20.94142, 20.946820000000002};