name="iCMAES-ILS CEC13";
dim=30;
bound=4;
testID=6;
(*--------*)
min=4.677635000000001*^-9;
max=0.1473411;
median=8.043261*^-9;
mean=0.006315899322599963;
std=0.028201544410588215;
(*--------*)
data={6.242375*^-9, 9.402184000000001*^-9, 9.162064000000002*^-9, 7.915364*^-9, 7.492121*^-9, 8.820752*^-9, 9.506135000000001*^-9, 9.57193*^-9, 7.766154000000001*^-9, 9.274729000000002*^-9, 6.526696000000001*^-9, 8.098511000000002*^-9, 7.21578*^-9, 7.938339*^-9, 6.6314950000000006*^-9, 8.144716000000002*^-9, 7.600055000000001*^-9, 7.447656000000001*^-9, 6.003098*^-9, 7.355172*^-9, 5.814428000000001*^-9, 8.475243000000001*^-9, 7.390443000000001*^-9, 0.13647240000000002, 5.817958*^-9, 8.466214000000002*^-9, 8.704958*^-9, 6.8278460000000005*^-9, 6.6363500000000006*^-9, 5.327391000000001*^-9, 7.208433000000001*^-9, 0.1473411, 8.757038*^-9, 0.03829699, 8.965257*^-9, 8.043261*^-9, 9.143557*^-9, 8.361156*^-9, 8.634690000000001*^-9, 4.677635000000001*^-9, 7.687223000000001*^-9, 9.872227000000002*^-9, 9.050155000000001*^-9, 9.476195000000001*^-9, 5.8369900000000005*^-9, 7.954032*^-9, 9.726934*^-9, 7.220456000000001*^-9, 8.486701*^-9, 8.484468*^-9, 6.290033000000001*^-9};