name="iCMAES-ILS CEC13";
dim=30;
bound=0;
testID=1;
(*--------*)
min=4.12792*^-9;
max=8.826004*^-9;
median=7.377938000000001*^-9;
mean=7.3322803529411754*^-9;
std=9.042232799741186*^-10;
(*--------*)
data={7.558232*^-9, 6.81844*^-9, 7.148465*^-9, 7.377938000000001*^-9, 5.800224*^-9, 8.39926*^-9, 8.313704*^-9, 6.812293000000001*^-9, 8.069756*^-9, 6.657479000000001*^-9, 8.267351*^-9, 8.358566*^-9, 7.0697400000000004*^-9, 7.825916000000001*^-9, 5.8829380000000006*^-9, 7.177606000000001*^-9, 7.744830000000001*^-9, 6.429124*^-9, 4.12792*^-9, 7.174738*^-9, 7.38416*^-9, 6.128462*^-9, 8.477166*^-9, 6.517019000000001*^-9, 7.066772000000001*^-9, 6.276701*^-9, 6.875122*^-9, 7.800481000000001*^-9, 7.690689000000001*^-9, 8.396826000000001*^-9, 7.095049000000001*^-9, 8.346158000000001*^-9, 6.797347000000001*^-9, 6.563803*^-9, 7.169044000000001*^-9, 8.117296000000001*^-9, 8.826004*^-9, 7.98145*^-9, 7.376134000000001*^-9, 7.416512*^-9, 7.064551*^-9, 7.514058*^-9, 6.9624900000000004*^-9, 7.636288*^-9, 7.802781*^-9, 7.524182*^-9, 5.585356*^-9, 8.807189*^-9, 7.3371500000000005*^-9, 8.574217000000001*^-9, 7.821321*^-9};