name="iCMAES-ILS CEC13";
dim=30;
bound=4;
testID=1;
(*--------*)
min=4.599672*^-9;
max=8.865694*^-9;
median=7.1849330000000005*^-9;
mean=6.990103078431372*^-9;
std=1.0053684933379967*^-9;
(*--------*)
data={6.238457000000001*^-9, 8.336115*^-9, 6.146771*^-9, 7.848873*^-9, 5.786217*^-9, 5.291979000000001*^-9, 5.752360000000001*^-9, 7.537284*^-9, 6.5537590000000004*^-9, 7.360427*^-9, 7.614407*^-9, 6.025587*^-9, 4.599672*^-9, 6.029729*^-9, 5.258128*^-9, 6.210036*^-9, 8.406296*^-9, 7.431896000000001*^-9, 6.708401000000001*^-9, 7.410076000000001*^-9, 7.41577*^-9, 8.865694*^-9, 6.705506*^-9, 7.870363*^-9, 7.726272*^-9, 6.710287000000001*^-9, 8.209611*^-9, 8.299043*^-9, 7.1849330000000005*^-9, 6.914485000000001*^-9, 7.028010000000001*^-9, 6.8194200000000004*^-9, 5.517493000000001*^-9, 6.716871000000001*^-9, 8.046702*^-9, 6.408786*^-9, 6.094573*^-9, 7.421940000000001*^-9, 7.663947000000001*^-9, 7.437753*^-9, 6.196987000000001*^-9, 7.490729*^-9, 6.309110000000001*^-9, 7.2647240000000006*^-9, 6.569460000000001*^-9, 7.910982*^-9, 8.276504*^-9, 8.478035000000001*^-9, 4.817056000000001*^-9, 8.010847*^-9, 7.566894*^-9};