name="iCMAES-ILS CEC13";
dim=30;
bound=0;
testID=16;
(*--------*)
min=0.017070270000000002;
max=1.9881;
median=0.42218220000000006;
mean=0.4274957503921569;
std=0.3127357491566621;
(*--------*)
data={0.29971359999999997, 0.42843960000000003, 0.5447101, 0.45705130000000005, 0.44756590000000007, 0.5297564, 0.32624270000000005, 0.08169285000000001, 0.44777480000000003, 0.5478414, 0.48156020000000005, 0.06374599, 0.4062585000000001, 0.4772511, 0.02904439, 0.42218220000000006, 0.4512589, 0.5218882, 0.2641951, 1.9881, 0.40424670000000007, 0.4830394, 0.48870500000000006, 0.359047, 0.18872650000000002, 0.3401945, 0.8293567, 0.01935862, 0.40808099999999997, 0.5019772, 0.3526946, 0.4205877, 0.5167635, 0.45988730000000005, 1.430438, 0.03730515, 0.2688783, 0.2701312, 0.017070270000000002, 0.4403292000000001, 0.33710060000000003, 0.2421084, 0.2571132, 0.3665181, 0.45505940000000006, 0.28935740000000004, 0.3916756, 0.4271438, 0.46262800000000004, 0.5513511000000001, 0.5691366000000001};