name="iCMAES-ILS CEC13";
dim=30;
bound=0;
testID=19;
(*--------*)
min=1.137619;
max=3.147039;
median=2.243346;
mean=2.202256235294119;
std=0.5086613207541768;
(*--------*)
data={2.644205, 3.065233, 2.426448, 2.277368, 1.444292, 3.005224, 2.197662, 2.627179, 2.400244, 2.421514, 2.040089, 2.303511, 2.561822, 2.206718, 1.444561, 2.22796, 2.403893, 2.0305, 1.815794, 2.045794, 2.276945, 2.575263, 2.085777, 1.765291, 2.197952, 1.137619, 1.513201, 1.614317, 2.683912, 2.276607, 2.051775, 2.1548, 2.262185, 2.841536, 2.85352, 1.62013, 1.639049, 2.878151, 1.340625, 2.936677, 1.572841, 2.243346, 1.933231, 2.062541, 2.811859, 1.376709, 3.147039, 2.257951, 1.304394, 2.749522, 2.560292};