name="iCMAES-ILS CEC13";
dim=30;
bound=2;
testID=17;
(*--------*)
min=32.557900000000004;
max=39.88593;
median=35.09664;
mean=35.191877450980385;
std=1.500511396665607;
(*--------*)
data={35.15313, 39.88593, 33.680150000000005, 35.33366, 36.62074, 34.8589, 34.16414, 34.78637, 33.66221, 35.462180000000004, 36.01402, 38.03016, 34.35282, 34.42313, 33.8063, 36.042, 35.49393, 36.611129999999996, 34.92363, 35.922869999999996, 37.39204, 33.45259, 36.27344, 37.21896, 34.41043, 33.67819, 36.42903, 36.78061, 36.17111, 33.4488, 34.52402, 33.80567, 35.194230000000005, 34.69537, 34.60322, 35.22003, 32.62124, 35.34153, 36.37813, 37.60035, 37.62819, 33.482240000000004, 33.26724, 34.81762, 33.67066, 35.82776, 34.67926, 32.557900000000004, 35.09664, 35.858979999999995, 33.43287};