name="iCMAES-ILS CEC13";
dim=30;
bound=2;
testID=3;
(*--------*)
min=6.6373590000000004*^-9;
max=5.149952*^-7;
median=9.113945*^-9;
mean=2.1348545333333334*^-8;
std=7.17849512425895*^-8;
(*--------*)
data={9.533369*^-9, 9.400657*^-9, 8.875164000000001*^-9, 7.2215030000000005*^-9, 8.748739*^-9, 7.665385*^-8, 5.149952*^-7, 9.920416*^-9, 7.614797*^-9, 9.720371000000001*^-9, 7.511556*^-9, 9.115949*^-9, 7.094060000000001*^-9, 7.800273*^-9, 9.523262000000001*^-9, 7.811059*^-8, 9.661209*^-9, 9.520664*^-9, 8.484223*^-9, 9.35853*^-9, 8.847831*^-9, 6.6373590000000004*^-9, 9.43539*^-9, 8.33283*^-9, 6.883551*^-9, 8.141622*^-9, 9.962741*^-9, 9.212447*^-9, 8.987188*^-9, 7.977161000000001*^-9, 9.592415*^-9, 8.195698*^-9, 9.506057000000001*^-9, 9.397363000000001*^-9, 9.283195*^-9, 9.97759*^-9, 8.879501*^-9, 9.113945*^-9, 7.176193*^-9, 9.937492000000001*^-9, 9.329498*^-9, 9.391138*^-9, 9.963548*^-9, 6.775809*^-9, 7.681348*^-9, 9.088722000000002*^-9, 8.773994000000001*^-9, 9.144458000000001*^-9, 8.283103000000002*^-9, 8.155654000000001*^-9, 7.846589*^-9};