name="iCMAES-ILS CEC13";
dim=30;
bound=3;
testID=16;
(*--------*)
min=0.0159943;
max=2.066122;
median=0.4170868;
mean=0.4835427129411765;
std=0.3100432138369407;
(*--------*)
data={0.4170868, 0.4464926, 0.26877860000000003, 0.398345, 0.40411530000000007, 0.3744082, 0.3200604, 0.4168991, 0.5100065, 0.7403883000000001, 0.4445817, 0.3546116, 0.3813246, 0.3792122, 0.38859020000000005, 0.6832062, 1.240885, 0.3797366, 0.27253, 0.40196740000000003, 0.370709, 0.4030498, 0.5110723, 0.4940028, 0.3865966, 0.5025756, 0.2898951, 0.43512360000000005, 0.058620359999999996, 0.5023624, 0.5811443, 0.5156328, 0.46849930000000006, 0.6539684000000001, 0.2612557, 0.4356419, 0.5936529, 0.41978669999999996, 1.061914, 0.3083312, 0.35410050000000004, 0.44432000000000005, 1.032454, 0.3257568, 0.42435530000000005, 2.066122, 0.5215653, 0.2049439, 0.30081460000000004, 0.0159943, 0.4931906};