name="iCMAES-ILS CEC13";
dim=30;
bound=2;
testID=23;
(*--------*)
min=134.4406;
max=683.9165;
median=344.0496;
mean=375.78750588235306;
std=138.42298893511642;
(*--------*)
data={300.2344, 451.77959999999996, 464.785, 338.28860000000003, 632.2108000000001, 345.72790000000003, 417.6958, 170.47650000000002, 417.575, 292.2835, 367.8734, 496.90529999999995, 338.0019, 579.8717, 297.4345, 287.2258, 292.4413, 464.8776, 162.0413, 426.1234, 134.4406, 162.4155, 169.1976, 541.713, 160.5291, 288.6981, 509.1298, 429.3696, 310.3879, 267.5967, 363.8607, 660.3116, 609.4779, 334.0885, 311.6132, 452.3445, 358.09639999999996, 391.8543, 424.31419999999997, 255.6632, 289.9706, 344.0496, 301.0906, 304.228, 483.28870000000006, 683.9165, 681.4646, 295.5401, 298.83000000000004, 299.4588, 504.3696};