name="iCMAES-ILS CEC13";
dim=30;
bound=0;
testID=23;
(*--------*)
min=94.226;
max=513.5535;
median=209.1365;
mean=245.31927254901953;
std=102.260707755159;
(*--------*)
data={196.8964, 209.1365, 276.6167, 403.64880000000005, 496.9111, 184.7358, 329.7417, 288.6876, 125.91239999999999, 168.1608, 513.5535, 411.6657, 199.7741, 178.8244, 144.0272, 94.226, 179.1935, 204.869, 164.6992, 166.29590000000002, 284.9002, 329.3614, 274.99699999999996, 119.4251, 100.5961, 243.3363, 285.6145, 149.5533, 171.0725, 321.73699999999997, 150.9146, 168.5892, 298.3911, 139.471, 288.3918, 175.41850000000002, 148.0837, 280.8923, 292.23150000000004, 158.416, 277.83500000000004, 266.98, 176.09189999999998, 160.8611, 191.1287, 329.87, 421.47490000000005, 458.8274, 307.9512, 347.14520000000005, 254.1481};