name="iCMAES-ILS CEC13";
dim=30;
bound=2;
testID=9;
(*--------*)
min=1.166622;
max=7.352881;
median=4.619691;
mean=4.429502725490196;
std=1.5911128807599297;
(*--------*)
data={2.34627, 4.549985, 6.205724, 4.853568, 3.139312, 4.247829, 3.19295, 5.088922, 5.684425, 6.30774, 2.612513, 3.319024, 5.846093, 3.040043, 6.84186, 1.349735, 2.375799, 6.336856, 3.667729, 6.09021, 4.231902, 6.249764, 4.634341, 5.109216, 5.290732, 7.352881, 2.061578, 2.17081, 4.08232, 2.394322, 3.324913, 5.691715, 5.820717, 4.884197, 4.183006, 2.684399, 5.148963, 7.114691, 1.166622, 5.072845, 4.512424, 2.27163, 5.559057, 4.087319, 5.445638, 5.048916, 1.99938, 4.619691, 6.326502, 4.087748, 6.179813};