name="iCMAES-ILS CEC13";
dim=30;
bound=0;
testID=26;
(*--------*)
min=200.00939999999997;
max=300.;
median=200.03220000000002;
mean=219.6318294117647;
std=40.08595994115792;
(*--------*)
data={300., 200.02179999999998, 200.0237, 200.01839999999999, 200.04110000000003, 200.0252, 200.0362, 300., 200.01850000000002, 300., 200.01190000000003, 200.06119999999999, 200.0136, 200.0151, 300., 200.0328, 300., 200.0143, 200.0409, 200.04240000000001, 200.0254, 200.0152, 200.04179999999997, 300., 200.0096, 200.0159, 200.1338, 200.03410000000002, 200.0511, 200.00939999999997, 200.02049999999997, 200.0145, 200.03289999999998, 300., 200.0515, 200.0409, 200.04680000000002, 200.03220000000002, 200.0312, 200.0159, 200.0223, 300., 200.0222, 200.014, 300., 200.0131, 200.0238, 300., 200.02909999999997, 200.02209999999997, 200.0369};