name="iCMAES-ILS CEC13";
dim=30;
bound=4;
testID=7;
(*--------*)
min=7.517188*^-9;
max=0.34763600000000006;
median=9.779636*^-9;
mean=0.019233551670992804;
std=0.056037777636066426;
(*--------*)
data={9.366146000000001*^-9, 0.01127308, 9.388306000000001*^-9, 8.988699*^-9, 9.307262000000001*^-9, 0.049065380000000006, 9.685442*^-9, 9.96837*^-9, 0.013327100000000001, 9.543783*^-9, 8.458653*^-9, 9.485023000000001*^-9, 0.005032971, 9.216884*^-9, 9.779636*^-9, 0.03962434, 0.02365074, 8.986303000000001*^-9, 8.745276000000002*^-9, 2.2272379999999998*^-8, 0.0686752, 0.00001694159, 9.759559*^-9, 9.693351*^-9, 1.1250649999999999*^-7, 8.569741000000002*^-9, 7.517188*^-9, 9.833705000000001*^-9, 0.08835764, 9.953728*^-9, 9.087555*^-9, 8.280006*^-9, 9.979786000000002*^-9, 0.07510552, 1.605034*^-6, 6.626109*^-8, 0.005663891, 7.994277000000001*^-9, 9.822039000000001*^-9, 9.018565000000002*^-9, 9.972919*^-9, 0.018965680000000002, 0.1625665, 9.416279*^-9, 8.704177*^-9, 9.155289000000001*^-9, 0.34763600000000006, 0.07194805, 8.881023000000001*^-9, 9.379599000000001*^-9, 9.618094*^-9};