name="iCMAES-ILS CEC13";
dim=30;
bound=4;
testID=26;
(*--------*)
min=200.00680000000003;
max=300.;
median=200.02849999999998;
mean=217.27990196078434;
std=37.68645590310392;
(*--------*)
data={200.0454, 200.0446, 300., 200.0385, 300., 200.0264, 200.02900000000002, 200.0116, 200.1992, 200.02659999999997, 200.02849999999998, 200.0349, 200.0133, 200.0535, 200.02749999999997, 200.0116, 284.6778, 200.08010000000002, 200.0264, 200.0219, 200.04209999999998, 200.02339999999998, 200.0312, 200.00680000000003, 300., 200.0481, 200.0731, 200.02870000000001, 200.0309, 300., 200.0167, 200.0166, 200.0276, 200.0122, 295.24379999999996, 200.0105, 200.02559999999997, 200.0163, 200.02439999999999, 200.0171, 300., 200.02689999999998, 200.03259999999997, 200.0163, 300., 200.03959999999998, 300., 200.01839999999999, 200.01129999999998, 200.02800000000002, 200.01000000000002};