name="iCMAES-ILS CEC13";
dim=30;
bound=1;
testID=7;
(*--------*)
min=7.636649000000001*^-9;
max=0.5449025;
median=1.6855500000000001*^-6;
mean=0.06795691232486055;
std=0.11305140026691006;
(*--------*)
data={8.384212*^-9, 9.774486*^-9, 9.617034*^-9, 9.684635000000001*^-9, 0.01480073, 0.19547810000000002, 9.715767000000001*^-9, 0.08467676, 8.661837000000001*^-9, 9.092823*^-9, 0.27793070000000003, 8.560492*^-9, 9.130586*^-9, 9.169698000000002*^-9, 9.937385000000002*^-9, 8.749581*^-9, 0.16654650000000001, 9.938767*^-9, 1.6855500000000001*^-6, 0.1443843, 8.233969000000001*^-9, 0.131877, 0.02208838, 0.021390250000000003, 0.1808698, 0.16771270000000002, 0.02041424, 9.637108*^-9, 9.418438000000001*^-9, 1.13282*^-6, 9.451744*^-9, 9.974255*^-9, 0.1929518, 0.01979755, 0.01691641, 0.10400890000000002, 0.353144, 0.01921861, 9.769249000000001*^-9, 0.06632168000000001, 9.537093000000001*^-9, 0.26952729999999997, 0.5449025, 9.910503*^-9, 8.874377000000002*^-9, 0.06754842, 0.14292020000000002, 7.273372*^-7, 7.636649000000001*^-9, 0.22478790000000004, 0.015584039999999999};