name="iCMAES-ILS CEC13";
dim=30;
bound=1;
testID=4;
(*--------*)
min=3.325501*^-9;
max=9.234908000000002*^-9;
median=7.4149870000000005*^-9;
mean=7.449987431372548*^-9;
std=1.136246755781635*^-9;
(*--------*)
data={7.4078430000000005*^-9, 8.732543000000001*^-9, 7.641961*^-9, 8.503052*^-9, 8.501334*^-9, 6.058781*^-9, 8.572019*^-9, 6.9039750000000004*^-9, 7.189263000000001*^-9, 7.557222*^-9, 7.358237000000001*^-9, 7.971882*^-9, 8.293185*^-9, 8.238051*^-9, 8.879526*^-9, 5.0268560000000005*^-9, 8.279371*^-9, 8.285688*^-9, 6.907939*^-9, 7.833814000000001*^-9, 8.178339*^-9, 8.20194*^-9, 7.265093000000001*^-9, 7.4149870000000005*^-9, 8.600084000000001*^-9, 8.758875*^-9, 8.89725*^-9, 8.477446*^-9, 7.56005*^-9, 6.94241*^-9, 5.775947*^-9, 7.058726000000001*^-9, 8.237361*^-9, 8.17116*^-9, 9.234908000000002*^-9, 7.239638000000001*^-9, 7.215011*^-9, 6.90529*^-9, 7.073680000000001*^-9, 3.325501*^-9, 6.556973000000001*^-9, 7.32393*^-9, 8.817385*^-9, 6.342261*^-9, 6.361288000000001*^-9, 7.158524*^-9, 5.665029*^-9, 7.934573*^-9, 6.5850590000000005*^-9, 5.5066200000000006*^-9, 7.021479000000001*^-9};