name="iCMAES-ILS CEC13";
dim=30;
bound=2;
testID=5;
(*--------*)
min=7.704435*^-9;
max=9.958607*^-9;
median=9.569126000000002*^-9;
mean=9.435974372549018*^-9;
std=4.2656014581144164*^-10;
(*--------*)
data={9.163981*^-9, 9.658805*^-9, 9.632515*^-9, 9.399724000000001*^-9, 7.704435*^-9, 9.222939000000001*^-9, 9.832857000000002*^-9, 9.018553000000001*^-9, 8.649857000000002*^-9, 9.117015000000001*^-9, 8.673251000000002*^-9, 8.965395*^-9, 9.574147*^-9, 9.838662*^-9, 9.919455*^-9, 9.958607*^-9, 9.113535*^-9, 9.007814*^-9, 9.671392000000002*^-9, 9.859163000000001*^-9, 9.58405*^-9, 9.547107*^-9, 9.201846*^-9, 9.271064000000001*^-9, 9.290533*^-9, 9.047363000000001*^-9, 9.804996*^-9, 9.857705*^-9, 9.264115000000001*^-9, 9.817909000000001*^-9, 9.569126000000002*^-9, 9.765453000000002*^-9, 8.563721*^-9, 9.641994000000001*^-9, 9.874375000000002*^-9, 9.658817000000002*^-9, 9.787604000000001*^-9, 9.886963000000001*^-9, 9.486506*^-9, 9.300268000000002*^-9, 9.126170000000001*^-9, 9.875826000000001*^-9, 9.563212*^-9, 9.659503000000002*^-9, 9.627129*^-9, 9.591441*^-9, 9.513538000000002*^-9, 9.397187000000001*^-9, 9.678042000000001*^-9, 9.361569*^-9, 9.637459*^-9};