name="iCMAES-ILS CEC13";
dim=30;
bound=3;
testID=12;
(*--------*)
min=9.820912*^-9;
max=5.969754;
median=1.989918;
mean=2.200565428859234;
std=1.2587954349535226;
(*--------*)
data={1.075325, 1.989918, 0.9949591, 1.989953, 2.984877, 3.979836, 2.984877, 0.9951262000000001, 1.989918, 0.9949591, 2.984877, 0.9949591, 9.820912*^-9, 1.201751, 0.9949591, 1.989918, 0.9949591, 2.984877, 2.984877, 0.9981545000000001, 2.984878, 5.969754, 0.01566654, 3.982416, 3.979836, 0.00019882200000000003, 0.9949591, 2.984877, 3.979836, 0.9949591, 1.111351, 1.003225, 2.98498, 2.984877, 3.979836, 1.990809, 1.989918, 1.989949, 3.979836, 2.984886, 3.380357, 1.989918, 1.989919, 1.989918, 1.920022, 1.989918, 2.308847, 0.9949591, 3.979836, 1.704138, 2.984877};