name="iCMAES-ILS CEC13";
dim=30;
bound=0;
testID=15;
(*--------*)
min=27.98619;
max=1166.8670000000002;
median=179.4702;
mean=231.50694745098045;
std=168.27685984879318;
(*--------*)
data={159.4735, 241.2035, 202.39029999999997, 163.1972, 149.69539999999998, 40.70765, 313.8486, 310.0759, 403.61039999999997, 384.0695, 168.9658, 279.8821, 269.42379999999997, 180.13049999999998, 167.94, 179.4702, 152.1229, 164.16740000000001, 163.0047, 156.3375, 310.9797, 138.68, 286.0704, 154.404, 27.98619, 187.8743, 1166.8670000000002, 340.6372, 469.27130000000005, 326.2908, 340.7779, 303.7864, 272.0121, 285.3393, 169.1201, 393.056, 146.8452, 173.5487, 164.5164, 60.008179999999996, 186.6441, 37.922090000000004, 282.5874, 311.8819, 163.6172, 282.6915, 168.2431, 175.58929999999998, 55.66147, 144.98409999999998, 29.24414};