name="jSO CEC17";
dim=50;
bound=0;
testID=29;
(*--------*)
min=334.129;
max=399.937;
median=361.67;
mean=362.52200000000005;
std=16.32519596084531;
(*--------*)
data={368.254, 344.273, 358.95, 353.198, 349.939, 354.212, 380.874, 368.499, 351.846, 337.299, 387.517, 378.015, 341.383, 364.686, 371.022, 372.276, 355.825, 349.404, 376.677, 390.413, 360.457, 368.013, 365.623, 360.472, 361.67, 334.129, 352.375, 374.856, 386.524, 337.244, 354.467, 365.51, 338.003, 382.732, 350.171, 379.371, 377.783, 358.416, 353.326, 370.381, 344.902, 340.932, 352.278, 341.145, 382.595, 336.462, 377.915, 399.937, 376.665, 378.612, 371.094};