name="jSO CEC17";
dim=50;
bound=1;
testID=7;
(*--------*)
min=60.1361;
max=73.5164;
median=66.1959;
mean=66.55960588235294;
std=3.0609926898580966;
(*--------*)
data={71.2194, 65.5461, 68.6847, 65.0115, 64.5316, 63.2409, 66.9022, 65.4517, 63.3125, 65.066, 65.7364, 62.6719, 66.7623, 73.5164, 66.524, 66.375, 66.1188, 65.1394, 60.9709, 68.4993, 68.025, 68.1227, 73.4006, 69.7009, 66.4451, 63.8242, 71.9466, 64.2092, 66.1959, 62.4225, 64.3393, 60.1361, 65.7881, 67.8543, 65.9816, 67.7705, 68.5379, 67.2194, 66.9634, 65.2952, 65.3447, 62.4088, 70.2317, 64.6882, 72.5013, 65.6186, 70.888, 67.5153, 62.2854, 66.4156, 71.1828};