name="jSO CEC17";
dim=50;
bound=3;
testID=26;
(*--------*)
min=930.962;
max=1353.92;
median=1209.59;
mean=1200.3121960784313;
std=72.03983831992396;
(*--------*)
data={1193.97, 1143.27, 1164.34, 1235.26, 1263.36, 1186.91, 1221.76, 1195.09, 1100.37, 1210.13, 1042.67, 1188.89, 1232.24, 1188.97, 1276.85, 1232.5, 1209.59, 1184.05, 1142.25, 1285.58, 930.962, 1177.72, 1274.49, 1165.07, 1182.47, 1210.78, 1271.1, 1216.71, 1262.37, 1166.34, 1177.68, 1255, 1192.48, 1136.41, 1215.47, 1063.77, 1211.13, 1231.02, 1246.58, 1256.14, 1115.11, 1177.7, 1241.34, 1165.77, 1294.26, 1353.34, 1214.62, 1233.44, 1353.92, 1183.63, 1141.05};