name="jSO CEC17";
dim=50;
bound=2;
testID=25;
(*--------*)
min=458.243;
max=562.572;
median=480.273;
mean=489.256411764706;
std=20.317597946781476;
(*--------*)
data={528.391, 480.235, 458.944, 491.889, 480.292, 480.258, 480.235, 480.261, 515.558, 480.235, 480.29, 480.261, 518.615, 458.243, 480.257, 480.279, 480.306, 528.315, 480.259, 480.278, 491.92, 518.566, 480.258, 480.279, 562.572, 480.244, 480.256, 516.805, 480.272, 480.244, 491.981, 480.257, 518.511, 491.844, 518.614, 480.286, 518.597, 480.288, 480.243, 477.379, 480.235, 480.28, 480.235, 518.627, 480.245, 480.273, 480.261, 458.334, 480.235, 480.279, 480.256};