name="jSO CEC17";
dim=50;
bound=4;
testID=6;
(*--------*)
min=0;
max=4.48105*^-6;
median=1.91771*^-7;
mean=4.3903868235294114*^-7;
std=7.760179017373619*^-7;
(*--------*)
data={4.79428*^-8, 0, 7.67085*^-7, 4.79428*^-8, 4.79428*^-8, 2.44954*^-6, 0, 1.91771*^-7, 1.62612*^-6, 1.91771*^-7, 4.79428*^-8, 0, 4.79428*^-8, 3.82319*^-7, 1.91771*^-7, 7.01034*^-7, 2.26252*^-6, 7.01034*^-7, 4.79428*^-8, 8.96393*^-7, 4.79428*^-8, 4.79428*^-8, 7.01034*^-7, 7.01034*^-7, 1.91771*^-7, 4.79428*^-8, 1.91771*^-7, 1.91771*^-7, 4.31485*^-7, 4.79428*^-8, 1.91771*^-7, 7.01034*^-7, 1.91771*^-7, 1.91771*^-7, 0, 4.31485*^-7, 4.79428*^-8, 0, 4.79428*^-8, 4.79428*^-8, 4.79428*^-8, 3.82319*^-7, 3.82319*^-7, 4.79428*^-8, 1.91771*^-7, 1.91771*^-7, 7.01034*^-7, 4.48105*^-6, 4.79428*^-8, 1.14534*^-7, 7.01034*^-7};