name="jSO CEC17";
dim=50;
bound=1;
testID=6;
(*--------*)
min=0;
max=9.53914*^-6;
median=1.91771*^-7;
mean=8.869947882352942*^-7;
std=1.5943219444164437*^-6;
(*--------*)
data={2.11876*^-6, 4.79428*^-8, 4.79428*^-8, 2.44954*^-6, 1.91771*^-7, 2.94976*^-6, 4.79428*^-8, 4.79428*^-8, 4.79428*^-8, 1.62612*^-6, 7.01034*^-7, 0, 7.67085*^-7, 1.91771*^-7, 0, 2.23249*^-6, 0, 4.79428*^-8, 4.79428*^-8, 0, 7.67085*^-7, 1.91771*^-7, 0, 1.91771*^-7, 4.79428*^-8, 4.31485*^-7, 0, 3.35964*^-6, 0, 1.52927*^-6, 0, 1.07871*^-7, 2.11876*^-6, 0, 4.79428*^-8, 2.52816*^-6, 4.79428*^-8, 4.79428*^-8, 7.01034*^-7, 1.92946*^-6, 7.01034*^-7, 3.68034*^-6, 1.62612*^-6, 4.79428*^-8, 9.53914*^-6, 1.91771*^-7, 4.79428*^-8, 4.79428*^-8, 1.35895*^-6, 1.91771*^-7, 1.91771*^-7};