name="jSO CEC17";
dim=50;
bound=4;
testID=10;
(*--------*)
min=2352.25;
max=3782.85;
median=3214.21;
mean=3192.7462745098037;
std=314.50678975157774;
(*--------*)
data={3325.82, 2763.03, 3317.59, 2952.51, 3378.91, 3684.25, 3159.28, 2855.75, 3517.47, 3369.99, 3440.86, 3738.08, 3214.21, 3031.77, 3420.55, 2892.62, 3757.36, 3326.44, 2947, 2956.42, 3207.63, 2892.51, 2782.69, 3366.18, 3296.44, 3031.45, 2651.36, 3329.8, 2883.18, 2919.03, 2944.25, 3388.99, 3274.23, 2352.25, 3084.69, 3673.32, 3303.59, 3412.99, 3434.64, 2948.15, 2982.69, 3416.71, 3593.1, 3563.36, 3159.63, 3782.85, 2810.63, 3189.58, 2722.37, 3118.57, 3263.29};