name="jSO CEC17";
dim=50;
bound=2;
testID=8;
(*--------*)
min=13.012;
max=28.1697;
median=20.8962;
mean=20.92244117647059;
std=2.87571295592425;
(*--------*)
data={13.012, 19.3168, 24.0728, 18.1546, 19.5232, 22.0739, 20.9788, 19.0429, 25.0718, 22.1163, 23.04, 24.892, 19.1076, 22.1136, 23.6785, 19.9129, 22.8853, 22.8919, 17.9123, 18.9056, 22.9646, 20.2334, 19.055, 20.916, 18.5698, 20.9173, 21.9041, 20.8962, 28.1697, 16.9144, 22.2958, 24.9879, 25.9782, 23.9072, 23.1793, 21.9071, 19.8213, 19.9165, 26.281, 21.8974, 18.0676, 15.9206, 18.9048, 19.0102, 19.9195, 17.5749, 17.9174, 18.1135, 18.9569, 20.6395, 22.6046};