name="jSO CEC17";
dim=50;
bound=4;
testID=17;
(*--------*)
min=75.0955;
max=493.218;
median=266.288;
mean=297.37651960784314;
std=95.55252609172405;
(*--------*)
data={212.6, 231.17, 353.95, 342.669, 242.916, 325.076, 257.973, 352.53, 228.7, 204.637, 266.027, 232.68, 191.405, 443.835, 315.794, 386.151, 362.566, 312.993, 232.212, 422.697, 457.522, 493.218, 244.191, 260.424, 393.891, 122.777, 476.868, 75.0955, 255.688, 411.516, 256.729, 229.879, 238.817, 435.006, 215.556, 377.279, 266.288, 394.798, 239.48, 409.174, 288.463, 274.937, 114.067, 369.162, 329.604, 409.296, 253.421, 294.331, 253.107, 222.981, 184.056};