name="jSO CEC17";
dim=50;
bound=1;
testID=16;
(*--------*)
min=129.724;
max=815.577;
median=495.836;
mean=492.2192745098039;
std=152.98755841990268;
(*--------*)
data={481.596, 579.841, 526.604, 366.856, 347.355, 657.812, 362.815, 506.647, 743.71, 428.268, 509.925, 690.417, 532.432, 495.836, 614.468, 771.244, 688.313, 706.358, 359.753, 256.888, 432.827, 480.059, 815.577, 530.61, 594.763, 685.912, 420.394, 595.13, 142.989, 488.643, 570.47, 566.141, 422.15, 571.928, 349.486, 262.063, 369.155, 701.572, 439.069, 370.632, 478.211, 497.655, 538.354, 355.545, 568, 653.393, 343.808, 129.724, 375.259, 352.146, 374.38};