name="jSO CEC17";
dim=50;
bound=5;
testID=4;
(*--------*)
min=8.03794;
max=142.305;
median=28.5127;
mean=57.97716745098045;
std=46.03385872295952;
(*--------*)
data={142.305, 28.5127, 97.4131, 28.5127, 28.5127, 28.5127, 142.305, 28.5127, 28.5127, 28.5127, 142.305, 28.5127, 28.5127, 114.012, 125.725, 122.697, 28.5127, 28.5127, 28.5127, 28.5127, 8.05549, 98.7209, 142.305, 28.5127, 125.725, 142.305, 28.5127, 28.5127, 28.5127, 28.5127, 8.07731, 97.4131, 28.5127, 28.5127, 97.4131, 28.5127, 28.5127, 28.5127, 122.697, 28.5127, 114.012, 28.5127, 28.5127, 28.5127, 28.5127, 122.697, 28.5127, 8.03794, 28.5127, 28.5127, 98.7209};