name="jSO CEC17";
dim=50;
bound=0;
testID=13;
(*--------*)
min=3.56549;
max=112.199;
median=39.8957;
mean=32.630217058823526;
std=19.982667565081027;
(*--------*)
data={41.226, 17.3996, 41.5529, 7.71412, 43.1072, 36.276, 38.2204, 14.6325, 8.35541, 47.0445, 8.62862, 39.7585, 41.4888, 9.96681, 3.56549, 39.8957, 11.1396, 8.24885, 45.6276, 45.1577, 42.0343, 11.2348, 11.1849, 46.1849, 39.5932, 5.77237, 41.3107, 40.421, 52.875, 12.2647, 8.65413, 35.824, 43.4046, 6.67543, 42.6398, 47.0986, 48.6316, 43.6719, 44.1335, 10.3725, 46.9077, 39.7206, 45.425, 47.6793, 9.2576, 43.2602, 8.39134, 112.199, 37.5308, 44.2062, 46.5751};