name="jSO CEC17";
dim=50;
bound=3;
testID=13;
(*--------*)
min=5.06028;
max=108.773;
median=11.1409;
mean=23.603023333333326;
std=21.009309931418848;
(*--------*)
data={46.5247, 6.70081, 9.79364, 12.0828, 10.4693, 8.10226, 10.8558, 7.52804, 40.6562, 47.5628, 12.4132, 45.8695, 11.8135, 41.394, 6.04883, 9.26885, 6.29684, 10.2999, 9.0597, 12.7216, 14.0975, 5.19029, 10.1543, 44.6843, 9.22302, 11.1409, 9.98675, 39.5469, 43.53, 7.37488, 42.8244, 6.50324, 8.4428, 56.5174, 8.67929, 41.7602, 5.31791, 37.5255, 45.8548, 7.4304, 18.9523, 10.6263, 46.0656, 42.5935, 108.773, 9.39739, 46.8238, 44.9276, 6.47857, 42.8088, 5.06028};