name="jSO CEC17";
dim=50;
bound=5;
testID=6;
(*--------*)
min=0;
max=4.30113*^-6;
median=1.91771*^-7;
mean=4.918785019607843*^-7;
std=7.108040167979585*^-7;
(*--------*)
data={1.11563*^-6, 1.52927*^-6, 4.79428*^-8, 1.14534*^-7, 7.01034*^-7, 0, 1.11563*^-6, 1.35895*^-6, 1.6373*^-6, 1.91771*^-7, 4.79428*^-8, 0, 3.82319*^-7, 1.91771*^-7, 7.01034*^-7, 7.01034*^-7, 1.91771*^-7, 0, 4.30113*^-6, 1.52927*^-6, 0, 1.14534*^-7, 4.79428*^-8, 0, 9.82633*^-7, 4.79428*^-8, 4.79428*^-8, 8.96393*^-7, 8.96393*^-7, 3.82319*^-7, 4.79428*^-8, 4.79428*^-8, 4.79428*^-8, 7.67085*^-7, 1.91771*^-7, 1.91771*^-7, 4.79428*^-8, 4.31485*^-7, 4.79428*^-8, 4.79428*^-8, 7.01034*^-7, 4.79428*^-8, 1.91771*^-7, 3.10681*^-7, 1.14534*^-7, 4.31485*^-7, 7.01034*^-7, 0, 5.29725*^-7, 6.02713*^-7, 3.10681*^-7};