name="jSO CEC17";
dim=50;
bound=3;
testID=29;
(*--------*)
min=329.926;
max=425.342;
median=373.255;
mean=375.2119999999999;
std=19.306415670444892;
(*--------*)
data={365.913, 382.303, 370.265, 400.396, 382.543, 425.342, 357.067, 351.965, 379.062, 369.776, 379.656, 359.219, 394.339, 377.245, 375.755, 364.518, 364.4, 397.23, 379.542, 360.867, 361.93, 366.434, 382.506, 397.444, 371.516, 394.02, 356.731, 383.637, 365.527, 359.773, 392.399, 364.469, 397.495, 373.255, 395.2, 363.068, 329.926, 374.183, 392.886, 402.928, 336.024, 372.79, 351.354, 370.699, 399.583, 363.425, 401.44, 330.267, 382.907, 365.879, 398.714};