name="jSO CEC17";
dim=50;
bound=1;
testID=5;
(*--------*)
min=8.22367;
max=22.501;
median=15.9925;
mean=15.94118117647059;
std=3.1402230181047006;
(*--------*)
data={9.96137, 8.22367, 16.0741, 20.0055, 17.0086, 16.9205, 20.8567, 17.9117, 19.191, 12.1331, 21.4598, 14.9455, 16.5231, 22.501, 11.134, 16.915, 16.9162, 11.0965, 15.9251, 11.9395, 16.1953, 18.9389, 14.927, 18.9831, 13.9354, 14.9439, 19.9506, 13.4579, 13.9502, 12.9405, 13.0909, 14.9673, 21.3087, 13.0286, 15.9925, 14.0275, 17.9461, 18.7653, 17.9588, 19.0622, 18.3798, 16.499, 17.9248, 15.1019, 10.9627, 15.9233, 13.5894, 13.9301, 15.5174, 18.1653, 14.9939};