name="jSO CEC17";
dim=50;
bound=4;
testID=29;
(*--------*)
min=316.834;
max=383.21;
median=359.634;
mean=357.7345490196079;
std=12.952933963104613;
(*--------*)
data={359.149, 365.399, 371.459, 347.514, 348.433, 358.028, 332.271, 353.062, 353.102, 363.409, 360.459, 361.334, 316.834, 375.118, 349.13, 354.94, 370.52, 361.841, 351.599, 362.853, 346.707, 381.397, 368.253, 343.166, 361.948, 367.341, 352.902, 359.392, 341.112, 364.944, 347.927, 366.349, 355.629, 364.949, 374.015, 358.003, 330.863, 337.057, 360.596, 344.287, 343.354, 383.21, 367.533, 358.888, 361.244, 366.504, 361.777, 380.533, 356.307, 359.634, 362.187};