name="jSO CEC17";
dim=50;
bound=1;
testID=23;
(*--------*)
min=417.239;
max=440.868;
median=431.712;
mean=431.42950980392163;
std=5.1798661541493525;
(*--------*)
data={433.05, 434.583, 438.357, 422.876, 428.575, 429.186, 427.498, 427.608, 433.67, 429.764, 432.874, 430.942, 428.309, 431.178, 426.85, 435.146, 436.326, 431.926, 431.712, 431.832, 428.944, 437.574, 434.343, 437.607, 436.639, 431.516, 425.734, 436.049, 429.578, 435.166, 440.868, 427.677, 432.752, 426.433, 436.33, 437.334, 435.101, 420.873, 427.162, 434.404, 439.509, 434.447, 425.136, 437.508, 429.139, 422.456, 439.406, 425.672, 431.186, 426.861, 417.239};