name="jSO CEC17";
dim=50;
bound=2;
testID=5;
(*--------*)
min=15.9194;
max=26.8772;
median=20.9413;
mean=20.633207843137253;
std=2.9456150786444;
(*--------*)
data={24.4288, 22.0975, 17.9362, 17.9405, 22.5091, 21.0673, 20.9425, 24.8806, 20.9413, 21.8908, 22.009, 19.8997, 24.0378, 19.0135, 20.9368, 21.2126, 18.9717, 19.1307, 17.9562, 20.1707, 26.8639, 16.0377, 22.369, 16.9386, 17.9093, 22.264, 21.9701, 15.9194, 22.2936, 15.9531, 22.3783, 16.9248, 26.8772, 16.9788, 16.915, 23.9143, 18.9042, 21.8903, 18.1225, 21.0913, 16.9672, 16.0407, 18.9161, 24.9317, 20.9174, 19.8999, 18.1401, 24.8903, 23.3109, 24.2389, 23.5517};