name="jSO CEC17";
dim=50;
bound=3;
testID=23;
(*--------*)
min=419.162;
max=445.071;
median=427.315;
mean=428.18241176470605;
std=6.219327012391199;
(*--------*)
data={421.336, 426.56, 426.769, 423.688, 437.299, 428.644, 434.715, 419.162, 422.21, 427.906, 422.743, 427.315, 426.135, 437.567, 423.022, 425.234, 442.042, 430.02, 434.751, 429.563, 430.767, 433.93, 419.67, 430.628, 427.47, 431.149, 424.002, 445.071, 429.425, 432.258, 431.558, 434.536, 427.369, 433.233, 435.297, 425.091, 425.932, 422.322, 420.258, 432.694, 419.617, 436.129, 420.005, 438.44, 420.668, 424.459, 423.522, 426.305, 426.919, 420.131, 421.767};