name="jSO CEC17";
dim=50;
bound=5;
testID=5;
(*--------*)
min=10.9583;
max=23.8853;
median=16.9166;
mean=16.900347058823527;
std=3.0314611159210303;
(*--------*)
data={11.9923, 11.9995, 16.9158, 15.9256, 17.9238, 18.0323, 13.9296, 11.9704, 17.9296, 15.0313, 15.9242, 13.9825, 19.9595, 15.9386, 18.7556, 10.9583, 16.9166, 20.9719, 22.0338, 18.7159, 13.9353, 17.5473, 15.9267, 16.0162, 15.9316, 23.8853, 20.0238, 12.9518, 12.0073, 13.0603, 13.9452, 16.2694, 18.1887, 18.9049, 20.3298, 15.9227, 16.1633, 18.9319, 16.3203, 20.3068, 11.2241, 19.2536, 15.9483, 19.1754, 18.0024, 17.9098, 20.9761, 20.929, 18.3099, 20.8942, 16.9192};