name="jSO CEC17";
dim=50;
bound=5;
testID=22;
(*--------*)
min=100;
max=4408.51;
median=100;
mean=1718.9897450980393;
std=1901.217068568898;
(*--------*)
data={2932.85, 3632.85, 100, 3912.13, 100, 2756.12, 100, 100, 3974.23, 100, 100, 100, 100, 100, 100, 100, 100, 100, 4244.15, 100, 100, 102.957, 100, 100, 4122.91, 3313.49, 100, 100, 4032.64, 3386.2, 3848.76, 100, 100, 100, 100, 100, 4126.65, 3414.91, 3444.97, 4408.51, 4177.61, 100, 4314.37, 4215.45, 100, 4234.16, 100, 3901.39, 4407.28, 3963.89, 100};