name="jSO CEC17";
dim=50;
bound=4;
testID=21;
(*--------*)
min=210.617;
max=223.779;
median=219.417;
mean=218.73119607843137;
std=2.9103097637166235;
(*--------*)
data={218.787, 220.968, 215.376, 214.836, 210.617, 220.265, 219.488, 222.511, 214.409, 220.896, 221.989, 216.659, 219.417, 218.684, 217.951, 216.578, 223.635, 217.534, 221.348, 216.645, 217.281, 218.287, 216.29, 221.692, 222.333, 220.687, 220.193, 217.009, 218.077, 219.887, 219.763, 216.977, 216.742, 214.711, 219.65, 221.918, 221.513, 219.43, 219.782, 223.779, 222.373, 213.461, 221.351, 222.007, 217.946, 218.187, 219.492, 217.489, 211.5, 219.759, 217.132};