name="jSO CEC17";
dim=50;
bound=3;
testID=15;
(*--------*)
min=17.9383;
max=26.0113;
median=22.0631;
mean=22.348717647058827;
std=1.8665966740253106;
(*--------*)
data={20.4429, 20.445, 23.9534, 22.0631, 22.4572, 24.9739, 20.2963, 23.0059, 21.1117, 20.1079, 21.5021, 22.9743, 25.1962, 20.9485, 22.0159, 20.2128, 22.0684, 21.5339, 22.9884, 21.0686, 23.1042, 23.9919, 25.0287, 20.3392, 17.9383, 22.3223, 26.0113, 25.0717, 25.0512, 21.9791, 24.4393, 21.0418, 20.0334, 25.9778, 22.9159, 22.6804, 22.005, 24.9235, 24.0012, 21.0599, 21.0703, 21.0298, 25.512, 22.2533, 21.0788, 20.3734, 24.2472, 20.3677, 21.5891, 22.0733, 20.9072};