name="jSO CEC17";
dim=50;
bound=1;
testID=12;
(*--------*)
min=937.894;
max=2396.84;
median=1610.47;
mean=1567.3438235294118;
std=365.19188613745;
(*--------*)
data={1378.4, 1194.25, 1943.74, 1823.11, 1654.02, 2396.84, 1013.39, 1080.11, 2039.72, 1876.11, 964.071, 1539.91, 1170.62, 1811.14, 1439.98, 1343.37, 2324.81, 1931.4, 1846.81, 2278.16, 1686.36, 1305.74, 1921.22, 1482.24, 1337.02, 1515.05, 1282.88, 1212.82, 1102.83, 1629.02, 1641.47, 1909.44, 1798.55, 937.894, 1138.27, 1652.16, 1610.47, 2080.65, 1703.71, 1327.73, 1036.31, 1487.57, 1831.6, 1033.24, 1739.93, 1582.51, 1535.31, 1906.88, 1672.99, 1641.98, 1140.73};