name="jSO CEC17";
dim=50;
bound=1;
testID=20;
(*--------*)
min=54.9993;
max=418.876;
median=116.35;
mean=153.62381960784316;
std=90.02025893821903;
(*--------*)
data={80.5354, 127.891, 297.448, 88.0364, 192.246, 101.572, 88.2973, 97.3862, 88.3763, 124.25, 130.52, 100.438, 74.8166, 188.771, 316.775, 235.565, 107.538, 151.631, 192.673, 116.35, 287.049, 92.8751, 69.0372, 90.1689, 176.562, 356.354, 141.004, 93.6701, 70.8513, 358.718, 76.2327, 122.161, 72.2525, 110.207, 117.431, 226.999, 418.876, 109.696, 54.9993, 134.944, 67.9906, 224.561, 216.389, 306.953, 101.815, 301.591, 138.272, 91.9975, 105.665, 105.964, 92.4124};