name="jSO CEC17";
dim=50;
bound=1;
testID=25;
(*--------*)
min=477.352;
max=491.856;
median=480.256;
mean=480.8228235294118;
std=2.8394390552070847;
(*--------*)
data={480.273, 480.273, 480.235, 480.235, 480.28, 480.244, 480.231, 480.235, 480.289, 480.276, 480.272, 480.257, 480.261, 480.241, 480.235, 480.235, 480.256, 480.235, 477.352, 480.271, 491.837, 480.276, 480.257, 480.234, 480.258, 480.256, 480.239, 480.256, 491.833, 480.26, 480.269, 480.234, 480.276, 480.243, 480.3, 480.231, 480.235, 480.235, 480.244, 477.366, 480.256, 480.259, 480.256, 480.235, 480.263, 480.279, 480.271, 480.235, 480.266, 491.856, 480.263};