name="jSO CEC17";
dim=50;
bound=0;
testID=23;
(*--------*)
min=419.724;
max=443.954;
median=430.413;
mean=431.21133333333336;
std=5.221298350665921;
(*--------*)
data={422.493, 431.238, 430.257, 423.201, 430.183, 429.086, 427.014, 425.488, 432.091, 427.573, 429.88, 436.947, 435.801, 429.262, 439.952, 419.724, 433.957, 431.788, 431.069, 430.441, 439.778, 436.909, 428.619, 443.954, 425.337, 428.489, 433.809, 424.218, 429.569, 423.749, 431.332, 426.773, 433.208, 424.428, 438.891, 433.991, 427.953, 439.334, 437.56, 430.413, 440.395, 427.84, 432.563, 427.52, 430.344, 431.78, 432.731, 428.572, 436.74, 437.35, 430.184};