name="jSO CEC17";
dim=50;
bound=1;
testID=24;
(*--------*)
min=499.921;
max=520.323;
median=508.849;
mean=508.4274705882352;
std=3.944751426150659;
(*--------*)
data={509.181, 509.557, 515.063, 507.276, 512.038, 510.158, 506.02, 508.194, 504.126, 510.191, 512.112, 509.393, 507.265, 512.312, 513.845, 502.23, 508.501, 505.703, 510.081, 507.703, 512.28, 506.049, 505.602, 502.516, 510.311, 505.968, 507.297, 506.269, 505.566, 506.405, 511.555, 514.246, 499.921, 513.493, 509.389, 509.829, 510.082, 510.578, 508.849, 502.738, 508.57, 511.229, 503.251, 509.671, 504.286, 520.323, 502.998, 509.457, 504.445, 502.348, 513.331};