name="jSO CEC17";
dim=50;
bound=5;
testID=17;
(*--------*)
min=86.0567;
max=546.811;
median=260.261;
mean=275.5097392156863;
std=94.50519434099076;
(*--------*)
data={260.261, 203.528, 340.274, 226.561, 431.59, 284.426, 216.528, 271.9, 248.214, 421.563, 219.051, 429.715, 295.319, 203.363, 102.417, 247.407, 450.182, 214.984, 279.857, 153.741, 201.981, 249.104, 297.651, 338.381, 370.076, 326.477, 287.56, 242.103, 247.862, 443.654, 279.39, 210.411, 170.565, 86.0567, 200.838, 207.091, 117.393, 365.279, 237.533, 456.434, 546.811, 208.763, 273.871, 358.664, 292.023, 273.401, 217.79, 246.555, 260.883, 241.127, 294.388};