name="jSO CEC17";
dim=50;
bound=2;
testID=18;
(*--------*)
min=20.8113;
max=27.9;
median=23.033;
mean=23.371723529411764;
std=1.4486530468802028;
(*--------*)
data={25.8633, 24.3945, 22.8865, 25.7869, 23.828, 20.8113, 22.9461, 23.5697, 24.9534, 21.6988, 25.8354, 24.8013, 22.6049, 22.8411, 26.2736, 24.813, 22.5601, 23.4204, 22.9532, 22.7202, 23.033, 22.8631, 27.9, 21.9182, 26.1217, 21.1078, 22.5762, 23.422, 22.4135, 23.5918, 21.7961, 24.4031, 23.6758, 23.7864, 24.0201, 22.9839, 21.8359, 23.5392, 23.2175, 21.5714, 22.8494, 24.378, 21.8939, 21.9732, 21.5097, 23.5409, 23.6208, 23.2144, 22.7471, 22.724, 22.1681};