name="jSO CEC17";
dim=50;
bound=0;
testID=19;
(*--------*)
min=8.41687;
max=20.6739;
median=13.7501;
mean=13.871655490196076;
std=2.870124611873368;
(*--------*)
data={9.72113, 15.8697, 13.7445, 12.6188, 8.41687, 14.7184, 10.3374, 13.9211, 14.4032, 12.6688, 8.82096, 10.9143, 14.1631, 16.8739, 13.9587, 13.0526, 16.9434, 10.512, 13.7501, 20.155, 19.1552, 9.53676, 13.7607, 18.0189, 15.0365, 13.2212, 16.7811, 14.6809, 13.5566, 16.365, 12.5399, 12.9865, 12.6287, 14.4591, 12.6871, 9.34471, 11.9078, 15.6503, 10.0127, 14.589, 15.223, 17.8186, 12.8975, 16.2099, 12.2396, 14.717, 13.1121, 13.0202, 20.6739, 18.6886, 10.3714};