name="jSO CEC17";
dim=50;
bound=1;
testID=19;
(*--------*)
min=7.93615;
max=16.8465;
median=13.0463;
mean=13.135992352941175;
std=2.050853400604332;
(*--------*)
data={14.9044, 16.2059, 12.5972, 12.1964, 13.2024, 13.0092, 14.3364, 11.1272, 15.3115, 14.6356, 14.6574, 11.8132, 12.7458, 10.743, 13.4048, 16.0412, 7.93615, 13.4744, 16.8465, 11.5672, 13.237, 11.2054, 16.7185, 11.0386, 11.1973, 13.4757, 12.5603, 12.0766, 11.8387, 11.9809, 10.4753, 12.6313, 9.87797, 15.569, 13.7556, 12.8773, 15.0077, 10.9584, 11.341, 9.96859, 14.8157, 12.4299, 16.5111, 13.0463, 15.1035, 13.2689, 10.3736, 13.5329, 15.8512, 16.7452, 13.7103};