name="jSO CEC17";
dim=50;
bound=4;
testID=19;
(*--------*)
min=7.69008;
max=18.5918;
median=13.4952;
mean=13.500582549019605;
std=2.6982283930422515;
(*--------*)
data={12.0502, 11.9776, 10.3154, 17.9076, 14.6528, 17.9867, 13.1774, 13.5344, 15.2362, 13.8249, 13.4476, 18.5918, 13.2032, 15.1585, 10.4484, 13.16, 10.9433, 14.9111, 12.1931, 8.77924, 10.5514, 8.84322, 11.4438, 14.8767, 16.9874, 7.69008, 10.8019, 12.7928, 13.082, 16.4157, 12.818, 11.437, 9.72026, 15.3534, 17.1617, 15.588, 13.2786, 15.265, 14.1812, 16.7952, 14.0473, 13.4952, 16.4236, 8.92979, 12.6034, 16.1057, 8.41062, 16.4803, 14.503, 15.7459, 15.2021};