name="jSO CEC17";
dim=50;
bound=2;
testID=15;
(*--------*)
min=18.9126;
max=28.9046;
median=22.9999;
mean=22.892525490196075;
std=2.122437553648459;
(*--------*)
data={23.1555, 23.5144, 24.3851, 22.0212, 23.2301, 25.1048, 24.212, 22.9999, 22.9077, 20.1634, 20.2535, 22.9784, 23.0473, 26.487, 21.6201, 24.0868, 21.0263, 24.3468, 23.0869, 20.5951, 23.958, 20.454, 23.0098, 21.433, 22.0092, 20.3864, 20.9834, 24.9214, 22.997, 23.45, 19.6804, 23.0402, 21.7973, 24.045, 28.9046, 22.0614, 20.0555, 23.0089, 25.015, 21.0686, 22.1034, 18.9126, 24.9951, 25.4267, 25.3977, 27.2967, 22.1306, 22.0292, 20.2934, 26.9816, 20.4504};