name="jSO CEC17";
dim=50;
bound=5;
testID=15;
(*--------*)
min=18.3091;
max=30.0212;
median=23.0558;
mean=23.20853725490196;
std=2.6350238368531533;
(*--------*)
data={25.2435, 28.4197, 20.9301, 23.0986, 21.2881, 24.019, 19.9161, 21.9373, 24.0229, 25.3012, 24.3174, 24.4419, 23.9175, 19.9769, 23.0925, 23.0627, 21.0824, 24.9618, 25.4041, 20.0843, 20.9522, 22.9094, 26.4245, 18.6637, 22.0182, 24.085, 21.035, 24.9154, 20.0253, 22.8732, 22.9548, 21.2111, 20.1247, 23.0558, 18.3091, 22.3414, 27.0573, 23.9713, 25.9939, 25.0169, 23.004, 18.9268, 30.0212, 24.3718, 28.0266, 21.015, 21.0416, 22.9367, 28.8881, 24.0069, 22.9405};