name="jSO CEC17";
dim=50;
bound=4;
testID=13;
(*--------*)
min=4.64261;
max=51.3525;
median=39.8938;
mean=30.896670588235292;
std=16.300043611294463;
(*--------*)
data={41.6694, 41.7987, 38.2162, 9.61225, 11.6977, 41.3877, 44.5694, 8.41472, 43.1012, 5.24302, 11.5927, 41.0827, 17.9425, 9.95846, 46.9698, 45.5058, 42.671, 38.1716, 37.0954, 36.5373, 41.625, 40.0515, 11.1422, 8.47752, 39.8598, 40.5719, 4.64261, 51.3525, 46.2795, 14.7808, 11.3962, 6.84369, 35.7564, 13.2981, 8.84352, 46.625, 47.8345, 39.8938, 39.962, 44.8405, 51.2553, 45.4378, 42.5951, 8.84743, 43.4695, 8.51468, 45.959, 45.9105, 13.1643, 15.3077, 47.9543};