name="jSO CEC17";
dim=50;
bound=4;
testID=27;
(*--------*)
min=487.604;
max=528.021;
median=508.81;
mean=505.7646470588235;
std=8.663510512081182;
(*--------*)
data={502.742, 514.209, 491.755, 500.63, 509.18, 509, 493.561, 509.453, 510.171, 504.087, 517.38, 511.316, 491.558, 502.614, 493.069, 513.165, 505.706, 487.604, 518.186, 510.876, 498.888, 508.81, 507.549, 511.754, 511.493, 503.633, 509.252, 502.515, 500.197, 510.491, 491.582, 495.814, 500.108, 489.054, 512.014, 511.285, 528.021, 509.093, 504.355, 515.687, 507.113, 516.608, 497.204, 493.607, 499.352, 511.336, 511.666, 514.506, 512.452, 500.088, 512.208};