name="jSO CEC17";
dim=50;
bound=3;
testID=27;
(*--------*)
min=474.981;
max=523.344;
median=505.942;
mean=503.7532549019608;
std=11.349252984832328;
(*--------*)
data={507.132, 512.274, 497.737, 493.716, 503.597, 513.998, 505.473, 507.356, 505.795, 511.388, 503.434, 486.775, 515.848, 501.624, 488.986, 495.09, 515.958, 498.413, 503.996, 515.91, 486.124, 501.031, 516.366, 506.738, 490.385, 507.52, 508.256, 491.975, 512.902, 498.511, 513.015, 482.769, 516.164, 516.655, 492.772, 477.391, 508.879, 491.037, 506.926, 513.906, 503.673, 490.133, 523.344, 519.565, 505.942, 515.696, 474.981, 497.541, 515.406, 509.793, 511.52};