name="jSO CEC17";
dim=50;
bound=0;
testID=14;
(*--------*)
min=21.2479;
max=30.6619;
median=25.2719;
mean=25.450570588235294;
std=2.0416367156077615;
(*--------*)
data={27.5606, 26.9976, 25.139, 25.2884, 23.0037, 27.3388, 26.3865, 26.0887, 23.3392, 26.9583, 25.3217, 24.8408, 24.759, 26.7043, 25.2582, 24.1798, 23.1855, 24.3101, 27.1743, 23.159, 23.2081, 23.1825, 27.5743, 27.6216, 25.2145, 26.1728, 25.0284, 30.4346, 28.2357, 27.1366, 26.2603, 25.2719, 22.0849, 25.6156, 27.4644, 25.1763, 24.5556, 22.2742, 28.72, 25.3345, 25.1885, 21.2479, 22.6444, 27.6172, 22.5127, 25.1389, 25.165, 25.6104, 30.6619, 25.5217, 23.1102};