name="jSO CEC17";
dim=50;
bound=5;
testID=26;
(*--------*)
min=1029.65;
max=1271.89;
median=1141.09;
mean=1142.3835294117646;
std=55.518589889280484;
(*--------*)
data={1112.66, 1213.3, 1141.09, 1124.94, 1156.28, 1137.23, 1159.14, 1176.43, 1142.87, 1138.38, 1073.75, 1099.34, 1140.78, 1051.16, 1271.89, 1198.55, 1161.62, 1079.27, 1180.72, 1070.98, 1172.45, 1146.44, 1215.5, 1092.6, 1242.35, 1136.78, 1029.65, 1119.24, 1220.35, 1119.86, 1053.23, 1126.13, 1180.28, 1037.9, 1100.81, 1210.13, 1182.63, 1067.56, 1109.49, 1181.98, 1097.74, 1160.06, 1155.95, 1095.91, 1259.76, 1174.79, 1109.46, 1144, 1196.75, 1117.48, 1173.92};