name="jSO CEC17";
dim=50;
bound=2;
testID=17;
(*--------*)
min=157.576;
max=509.087;
median=297.15;
mean=324.8919607843137;
std=93.02107136685983;
(*--------*)
data={253.941, 479.347, 241.516, 365.359, 457.189, 486.505, 233.094, 274.659, 370.849, 242.635, 278.101, 474.819, 438.254, 254.865, 281.063, 273.711, 386.861, 230.327, 232.903, 157.576, 445.458, 232.567, 509.087, 247.871, 374.311, 497.12, 265.033, 358.931, 193.127, 340.584, 417.418, 370.765, 252.609, 330.691, 261.318, 308.869, 398.567, 364.259, 339.028, 256.483, 217.706, 197.505, 438.853, 222.632, 250.813, 454.141, 297.15, 413.469, 337.944, 276.724, 284.883};