name="jSO CEC17";
dim=50;
bound=5;
testID=14;
(*--------*)
min=21.2761;
max=31.1088;
median=25.1651;
mean=25.434739215686278;
std=2.1915310358813933;
(*--------*)
data={24.7105, 25.6222, 25.2624, 24.3033, 27.0867, 26.0554, 23.0386, 24.1836, 23.7899, 27.3421, 22.2087, 23.5221, 26.4181, 28.5693, 26.0146, 26.0846, 25.1651, 25.448, 26.2052, 22.2757, 24.837, 25.0827, 23.2328, 27.5332, 24.2253, 29.3984, 31.1088, 25.1046, 29.4563, 23.913, 28.1418, 28.2557, 26.6289, 25.3355, 28.028, 27.411, 24.2123, 24.3178, 23.3191, 24.4232, 21.5399, 23.2514, 21.2761, 24.0135, 23.5574, 25.2991, 27.1059, 25.3055, 24.842, 23.5408, 30.1686};