name="jSO CEC17";
dim=50;
bound=3;
testID=7;
(*--------*)
min=58.1105;
max=75.6442;
median=66.9454;
mean=66.92680392156862;
std=3.852941603085143;
(*--------*)
data={70.1649, 64.814, 65.3153, 61.0814, 66.4626, 64.8997, 65.5193, 68.7893, 69.5163, 62.4146, 73.6843, 65.8716, 68.7408, 67.9765, 73.3448, 66.9454, 64.7377, 70.9694, 73.5367, 68.5622, 58.9267, 65.6604, 63.3078, 67.5615, 65.6762, 67.0326, 72.7823, 63.7829, 68.5874, 59.3261, 68.7304, 72.6399, 64.6754, 62.2998, 58.1105, 65.7363, 75.6442, 66.8405, 71.4164, 65.0087, 67.367, 65.8126, 66.1611, 68.2286, 70.23, 69.1617, 67.0619, 60.4862, 67.7768, 65.3214, 68.5669};