name="jSO CEC17";
dim=50;
bound=0;
testID=20;
(*--------*)
min=70.7782;
max=296.98;
median=117.643;
mean=144.1901176470588;
std=64.55869590048643;
(*--------*)
data={123.138, 117.643, 97.0232, 75.2933, 150.024, 186.437, 78.737, 93.0816, 246.69, 241.096, 89.4948, 114.355, 94.6653, 154.652, 133.18, 111.948, 86.5592, 282.487, 285.601, 216.741, 81.2165, 113.168, 104.604, 296.98, 231.729, 290.855, 175.492, 120.967, 145.44, 86.9207, 92.0613, 199.748, 204.971, 129.347, 197.05, 92.6605, 70.7782, 117.393, 105.504, 189.499, 209.381, 117.125, 109.748, 78.1291, 88.0837, 125.08, 74.1432, 124.042, 106.66, 206.823, 89.2504};