name="jSO CEC17";
dim=50;
bound=1;
testID=4;
(*--------*)
min=7.98947;
max=142.305;
median=28.5127;
mean=45.13706745098041;
std=39.488465576295816;
(*--------*)
data={28.5127, 8.04706, 28.5127, 97.4131, 142.305, 28.5127, 28.5127, 98.7209, 122.697, 28.5127, 28.5127, 28.5127, 28.5127, 28.5127, 28.5127, 28.5127, 97.4131, 28.5127, 8.0762, 28.5127, 28.5127, 28.5127, 28.5127, 28.5127, 28.5127, 8.04554, 28.5127, 98.7209, 28.5127, 142.305, 97.4131, 98.7209, 28.5127, 28.5127, 28.5127, 28.5127, 28.5127, 142.305, 28.5127, 28.5127, 28.5127, 28.5127, 142.305, 28.5127, 28.5127, 7.98947, 28.5127, 28.5127, 8.04547, 28.5127, 12.0359};