name="jSO CEC17";
dim=50;
bound=4;
testID=26;
(*--------*)
min=1021.46;
max=1233.9;
median=1125.46;
mean=1126.4317647058824;
std=55.705843919857536;
(*--------*)
data={1049.4, 1167.65, 1032.05, 1139.87, 1054.89, 1071.18, 1085.3, 1200.26, 1206.25, 1114.28, 1159.5, 1064.11, 1173.98, 1101.55, 1039.38, 1088.71, 1143.61, 1042.38, 1185.71, 1195.88, 1136.63, 1110.3, 1092.59, 1151.87, 1157.29, 1171.21, 1082.74, 1024.99, 1159.46, 1101.93, 1122.12, 1075.63, 1114.75, 1179.11, 1021.46, 1155.95, 1159.91, 1058.67, 1148.09, 1172.21, 1087.81, 1157.17, 1156.8, 1233.9, 1215.77, 1192.69, 1120.98, 1113.54, 1231.98, 1099.07, 1125.46};