name="jSO CEC17";
dim=50;
bound=3;
testID=5;
(*--------*)
min=11.9487;
max=28.9454;
median=21.6036;
mean=21.91400392156863;
std=3.4489183301992403;
(*--------*)
data={19.1262, 15.9266, 17.9422, 21.9012, 21.0548, 18.9772, 22.9981, 21.2287, 20.4324, 20.9319, 20.8957, 25.0461, 25.3483, 26.8682, 19.9164, 21.1188, 20.8974, 17.2287, 21.6036, 22.9867, 23.9895, 26.9141, 11.9487, 22.9075, 28.9454, 20.1179, 25.8775, 18.0871, 23.5543, 18.9083, 23.1215, 16.9893, 21.8922, 23.8919, 21.1156, 20.9606, 17.9536, 24.9658, 23.7372, 28.1784, 24.9006, 15.929, 19.9075, 23.8844, 26.8655, 20.896, 25.1048, 26.8682, 22.8932, 19.9178, 23.9616};