name="jSO CEC17";
dim=50;
bound=2;
testID=10;
(*--------*)
min=2373.53;
max=3988.3;
median=3357.09;
mean=3314.3601960784295;
std=312.5428242368729;
(*--------*)
data={2992.01, 3428.45, 3330.6, 3813.29, 3430.44, 2705.82, 3020.1, 3367.43, 3556.33, 3228.96, 3586.26, 3457.27, 2875.99, 3230.41, 3578.26, 3361.22, 3357.09, 3287.82, 3559.78, 3654.64, 3282.93, 3156.05, 3335.97, 3447.68, 3824.51, 2616.65, 3273.96, 3078.99, 3202.42, 3401.5, 3366.99, 2373.53, 3590.12, 3254.01, 2983.2, 3474.81, 3346.84, 3380.03, 3875.76, 3033.61, 3988.3, 3414.02, 3083.2, 3243.58, 3228.18, 3520.45, 3629.11, 3496.66, 3181.3, 2734.88, 3390.96};