name="jSO CEC17";
dim=50;
bound=3;
testID=25;
(*--------*)
min=460.668;
max=568.251;
median=516.22;
mean=504.97952941176464;
std=27.951215316227625;
(*--------*)
data={568.251, 518.569, 480.271, 518.529, 480.278, 528.357, 518.673, 480.271, 480.265, 460.668, 518.54, 491.878, 480.286, 480.243, 516.78, 562.546, 480.256, 518.624, 480.272, 527.01, 480.235, 518.649, 518.616, 562.579, 480.256, 518.607, 562.574, 518.611, 480.235, 480.272, 480.235, 518.549, 522.373, 516.22, 480.335, 480.369, 518.528, 480.271, 518.538, 518.535, 528.087, 528.009, 480.28, 562.598, 480.256, 480.273, 528.273, 480.235, 480.277, 480.235, 480.279};