name="jSO CEC17";
dim=50;
bound=3;
testID=18;
(*--------*)
min=20.7121;
max=24.9702;
median=22.5547;
mean=22.531145098039218;
std=1.201979457946553;
(*--------*)
data={21.9334, 22.6124, 23.537, 21.8234, 24.0676, 22.5038, 22.8403, 21.7632, 21.5495, 23.7588, 21.6779, 22.5547, 22.9214, 21.7405, 23.8862, 22.9708, 24.8541, 20.8118, 24.693, 22.0451, 21.8163, 21.9549, 20.7121, 23.879, 22.7888, 22.6477, 22.7256, 22.8717, 21.9556, 24.702, 24.3005, 21.2864, 24.9702, 20.7405, 20.9378, 22.7583, 22.5262, 20.9875, 23.9238, 20.9786, 23.1307, 21.2012, 20.9213, 23.8823, 21.9143, 21.6574, 20.7625, 23.723, 23.3218, 22.8549, 21.7106};