name="jSO CEC17";
dim=50;
bound=4;
testID=18;
(*--------*)
min=21.2423;
max=27.8572;
median=24.1016;
mean=24.23360392156863;
std=1.6909289303765294;
(*--------*)
data={26.6211, 21.2423, 22.7634, 24.7942, 24.8814, 23.9923, 24.6755, 22.519, 24.8868, 25.689, 25.6857, 23.7109, 24.1016, 27.8572, 27.0277, 23.5323, 24.537, 24.5174, 22.9098, 24.7072, 22.7178, 22.6451, 25.4914, 21.6314, 24.5844, 23.9899, 27.6028, 21.6738, 23.2333, 21.938, 23.8417, 25.5871, 22.5901, 26.5797, 26.4721, 22.0975, 22.5591, 23.6072, 25.756, 22.6583, 22.948, 24.1379, 25.2394, 24.5694, 23.5702, 25.5007, 23.5303, 26.0622, 27.6852, 21.6872, 23.0748};