name="jSO CEC17";
dim=50;
bound=2;
testID=16;
(*--------*)
min=243.06;
max=686.152;
median=466.768;
mean=461.6024901960784;
std=129.771771258679;
(*--------*)
data={671.107, 469.661, 468.231, 366.054, 317.02, 377.011, 586.779, 429.294, 464.246, 247.908, 547.898, 373.057, 429.734, 369.568, 611.207, 466.768, 349.727, 587.947, 247.882, 591.66, 649.521, 610.014, 686.152, 470.273, 550.841, 256.003, 641.495, 464.476, 650.673, 243.6, 422.838, 474.185, 259.016, 430.726, 591.183, 522.786, 349.673, 592.605, 243.06, 586.938, 471.617, 252.85, 359.648, 645.989, 369.834, 471.622, 466.447, 372.285, 496.347, 589.003, 377.268};