name="jSO CEC17";
dim=50;
bound=3;
testID=11;
(*--------*)
min=22.2447;
max=38.1071;
median=25.2296;
mean=25.33177450980392;
std=2.4565675626648775;
(*--------*)
data={24.2346, 26.2245, 25.2297, 24.4676, 23.2396, 27.962, 23.4314, 26.8548, 25.8507, 26.2253, 22.2447, 26.4652, 25.2296, 25.2296, 23.2396, 26.9717, 26.2245, 24.2346, 38.1071, 26.5822, 25.2296, 23.2396, 22.2447, 25.124, 26.2245, 27.2195, 26.2245, 23.2542, 26.496, 27.2195, 26.4696, 24.2346, 24.2346, 22.2523, 24.2346, 24.239, 22.2447, 24.7397, 28.5814, 25.2296, 25.4187, 25.2922, 23.077, 25.2296, 22.3544, 22.4908, 26.2245, 27.2195, 27.2195, 25.9861, 24.223};