name="jSO CEC17";
dim=50;
bound=0;
testID=12;
(*--------*)
min=899.705;
max=2853.89;
median=1681.4;
mean=1731.0189215686273;
std=428.6561719925583;
(*--------*)
data={899.705, 1467.21, 2324.07, 2214.03, 2013.49, 1681.4, 1607.21, 1947.5, 1191.16, 2251.48, 1755.27, 1519.97, 2406.46, 2103.22, 1049.44, 1244.71, 1289.72, 1487.39, 2303.92, 1765.1, 1963.63, 1354.84, 1268.6, 1630.24, 1962.03, 2061.58, 2422.14, 1749.94, 1598.59, 2052.44, 1830.54, 1082.57, 1288.04, 1403.57, 2590.17, 1341.23, 1433.98, 1591.57, 2853.89, 1287.58, 1858.41, 1951.31, 1333.46, 1994.72, 1646.18, 1743.94, 1420.76, 1895.38, 1551.37, 1364.86, 2231.95};