name="jSO CEC17";
dim=50;
bound=2;
testID=27;
(*--------*)
min=484.014;
max=518.952;
median=500.75;
mean=500.6651176470588;
std=8.17857392372792;
(*--------*)
data={508.592, 518.952, 512.596, 503.192, 517.073, 506.022, 497.978, 484.014, 506.344, 500.216, 487.379, 495.02, 498.357, 496.862, 494.538, 507.187, 486.568, 500.75, 506.621, 503.586, 492.783, 499.905, 493.769, 500.852, 504.39, 511.293, 496.344, 501.66, 510.381, 488.412, 493.471, 499.487, 504.706, 489.881, 505.198, 490.597, 487.613, 501.904, 499.314, 498.237, 496.527, 506.039, 513.93, 497.112, 490.93, 505.806, 510.429, 505.732, 501.162, 511.128, 493.082};