name="jSO CEC17";
dim=50;
bound=2;
testID=14;
(*--------*)
min=24.1647;
max=31.9759;
median=27.1951;
mean=27.444639215686284;
std=1.6845230477590307;
(*--------*)
data={29.5851, 27.2843, 28.1645, 27.5961, 26.7582, 29.5618, 28.9898, 28.2866, 25.1125, 24.1647, 26.2764, 24.9835, 30.0674, 29.6925, 29.0143, 27.0122, 28.2023, 25.97, 27.0836, 28.8911, 28.2507, 25.4613, 25.4788, 26.5671, 26.4866, 25.7771, 27.0693, 30.6154, 31.9759, 28.1418, 26.3727, 27.0914, 27.1951, 31.1449, 27.4106, 25.6607, 27.9522, 24.428, 27.2671, 26.1914, 26.4229, 27.1381, 26.4154, 28.1291, 27.1133, 29.144, 28.0509, 27.7806, 25.3932, 26.4637, 28.3904};