name="jSO CEC17";
dim=50;
bound=5;
testID=8;
(*--------*)
min=9.97331;
max=27.887;
median=18.021;
mean=18.243086470588235;
std=3.346956963705284;
(*--------*)
data={21.6173, 14.217, 23.8928, 19.644, 9.97331, 22.9175, 17.5818, 15.9288, 14.0313, 14.9687, 18.9683, 16.1861, 15.5395, 17.9478, 26.2512, 14.9472, 19.2714, 16.9187, 17.1026, 18.021, 19.9072, 19.9372, 19.5519, 20.0219, 27.887, 20.1901, 15.9908, 14.9758, 16.9155, 19.1799, 18.1296, 20.0164, 17.2022, 16.9555, 23.7989, 18.3245, 19.974, 15.9643, 19.0213, 16.9575, 20.0035, 16.9817, 18.0476, 14.9489, 19.9895, 14.9566, 15.9248, 22.7616, 21.7149, 12.0422, 16.1983};