name="jSO CEC17";
dim=50;
bound=1;
testID=13;
(*--------*)
min=4.72822;
max=108.047;
median=39.0947;
mean=31.889376274509797;
std=22.278268252365482;
(*--------*)
data={8.94774, 7.05507, 14.7096, 39.656, 42.4091, 53.5939, 39.0947, 41.5956, 44.631, 4.72822, 7.68626, 40.0075, 40.4093, 12.553, 45.8802, 37.6566, 50.7674, 11.9133, 16.0482, 44.8508, 6.17506, 43.126, 45.9597, 46.7417, 10.0881, 9.31727, 14.4722, 7.59317, 47.9246, 42.3532, 44.9087, 45.1866, 43.2587, 108.047, 15.2563, 36.1583, 43.0881, 36.712, 5.45546, 41.6994, 12.3579, 6.88211, 11.2024, 12.544, 8.41103, 40.0324, 44.4876, 102.966, 38.8339, 10.3833, 40.5425};