name="jSO CEC17";
dim=50;
bound=3;
testID=6;
(*--------*)
min=0;
max=9.49157*^-6;
median=3.82389*^-7;
mean=1.0317894882352943*^-6;
std=1.7105583623802728*^-6;
(*--------*)
data={1.91816*^-7, 0, 4.7966*^-8, 1.11573*^-6, 1.14576*^-7, 7.01123*^-7, 6.02792*^-7, 3.82381*^-7, 4.79658*^-8, 1.14566*^-7, 7.01119*^-7, 4.79657*^-8, 3.82389*^-7, 7.01118*^-7, 8.9651*^-7, 1.63743*^-6, 1.91814*^-7, 6.02866*^-6, 4.79672*^-8, 4.79668*^-8, 1.11573*^-6, 1.63742*^-6, 4.79666*^-8, 0, 7.01116*^-7, 7.01121*^-7, 4.11274*^-6, 6.0278*^-7, 9.49157*^-6, 2.24574*^-6, 1.91823*^-7, 1.91811*^-7, 7.01108*^-7, 4.7965*^-8, 8.9643*^-7, 1.14569*^-7, 3.62353*^-6, 1.91809*^-7, 1.77509*^-6, 2.80431*^-6, 1.91817*^-7, 4.7965*^-8, 3.10732*^-7, 3.10734*^-7, 0, 7.67168*^-7, 3.28421*^-6, 1.14568*^-7, 1.11575*^-6, 4.79658*^-8, 1.23387*^-6};