name="jSO CEC17";
dim=50;
bound=0;
testID=5;
(*--------*)
min=10.9632;
max=23.9225;
median=16.9336;
mean=17.02610980392157;
std=3.237590308748462;
(*--------*)
data={21.1577, 14.0032, 13.9768, 23.3017, 14.3492, 20.9323, 13.9337, 10.9632, 18.3808, 11.0059, 16.9143, 22.0173, 16.5104, 11.9632, 17.9102, 13.9299, 19.9001, 19.1197, 14.9254, 15.1295, 22.1342, 16.9221, 21.1606, 18.2471, 18.3045, 20.8976, 10.9898, 16.9513, 17.9099, 13.1299, 19.9259, 16.0737, 15.2216, 17.2681, 14.3595, 23.9225, 11.9551, 14.3829, 19.9315, 18.4319, 13.9699, 20.0683, 16.9145, 16.9336, 19.9198, 16.9442, 18.9816, 16.9163, 14.9304, 17.912, 16.3968};