name="jSO CEC17";
dim=50;
bound=1;
testID=26;
(*--------*)
min=1043.76;
max=1313.39;
median=1171.85;
mean=1175.0849019607842;
std=56.25320532636516;
(*--------*)
data={1157.42, 1154.47, 1066.76, 1116.11, 1196.08, 1164.37, 1182.5, 1107.27, 1171.85, 1163.45, 1178.27, 1170.63, 1277.94, 1164.26, 1122.72, 1043.76, 1092.58, 1150.63, 1250.44, 1145.56, 1235.42, 1222.99, 1172.1, 1247.91, 1200.3, 1130.51, 1255.98, 1219.12, 1191.98, 1170.37, 1223.73, 1136.97, 1146.22, 1179.96, 1231.82, 1132.52, 1134.19, 1082.53, 1214.89, 1217.79, 1131.58, 1068.57, 1144.92, 1199, 1211.03, 1313.39, 1208.52, 1163.04, 1174.54, 1244.84, 1245.53};