name="jSO CEC17";
dim=50;
bound=4;
testID=7;
(*--------*)
min=59.4965;
max=72.5688;
median=66.8721;
mean=66.76229607843139;
std=2.984974695166496;
(*--------*)
data={67.5815, 66.7875, 64.828, 66.8721, 67.5736, 72.5688, 66.5376, 66.1774, 65.8245, 66.4283, 72.501, 69.4287, 67.445, 69.5711, 68.2198, 61.8292, 70.1782, 65.5871, 64.9496, 67.5881, 67.7715, 60.7733, 62.842, 68.5614, 70.231, 69.2333, 64.9343, 71.0983, 61.7757, 59.4965, 64.6388, 66.8242, 68.7849, 62.3389, 70.5093, 69.5954, 62.6447, 68.0504, 66.7435, 66.8024, 68.8424, 67.2943, 65.289, 62.5945, 63.3888, 70.5098, 69.1409, 64.0229, 65.1392, 69.0642, 67.4642};