name="jSO CEC17";
dim=50;
bound=5;
testID=13;
(*--------*)
min=5.71109;
max=60.2392;
median=38.0789;
mean=29.93005196078432;
std=16.436191875318325;
(*--------*)
data={18.7033, 42.531, 38.2787, 7.84377, 40.7171, 42.5594, 7.26276, 37.2497, 8.17147, 52.3011, 40.9189, 11.7743, 5.71109, 12.3816, 21.0705, 14.371, 45.8218, 38.5087, 37.969, 43.672, 36.1639, 40.8268, 40.8382, 45.9396, 50.1021, 39.6625, 43.653, 44.1903, 14.4849, 9.63792, 20.2923, 41.2458, 44.2855, 9.53966, 7.20909, 38.0789, 16.6393, 15.8595, 11.2838, 49.5685, 13.9623, 49.3547, 9.26675, 13.0531, 41.9971, 60.2392, 7.02714, 10.1751, 42.1117, 47.8702, 44.0566};