name="jSO CEC17";
dim=50;
bound=3;
testID=19;
(*--------*)
min=6.85397;
max=18.1669;
median=11.6314;
mean=11.69545470588235;
std=2.1144800593700124;
(*--------*)
data={8.81475, 8.31659, 11.3734, 10.8726, 12.6819, 9.54031, 14.5565, 10.6998, 11.9007, 11.2402, 13.8104, 10.203, 11.9153, 9.99946, 14.0512, 12.0361, 15.3564, 11.5433, 6.85397, 11.1034, 11.6314, 11.3662, 11.9197, 7.31519, 11.3367, 13.4088, 12.4274, 12.131, 12.1567, 7.97695, 11.0303, 11.3252, 10.5567, 14.2973, 14.8665, 11.9123, 13.6286, 9.23303, 12.7182, 13.1436, 8.30564, 10.1499, 12.461, 11.012, 11.4591, 13.405, 11.4907, 13.9202, 13.0523, 11.7944, 18.1669};