name="jSO CEC17";
dim=50;
bound=0;
testID=7;
(*--------*)
min=59.1849;
max=71.6514;
median=66.3972;
mean=65.93646666666666;
std=2.9215448950626564;
(*--------*)
data={59.2352, 63.0621, 63.6384, 64.6898, 66.5176, 67.1759, 67.0129, 64.7147, 62.8938, 70.4194, 69.8542, 63.1591, 68.9338, 65.3788, 67.806, 67.4639, 62.9263, 65.1653, 64.026, 64.6571, 68.1013, 68.5905, 66.7233, 65.282, 69.0857, 62.0905, 64.433, 69.2331, 66.4056, 59.1849, 68.7325, 66.729, 59.6426, 68.0908, 67.6832, 71.6514, 67.1884, 67.1773, 71.3952, 66.6694, 64.6096, 69.4599, 66.3972, 68.7962, 63.5291, 60.5951, 64.9991, 65.9762, 64.2346, 66.2539, 65.0889};