name="jSO CEC17";
dim=50;
bound=5;
testID=7;
(*--------*)
min=58.0668;
max=73.0737;
median=65.6517;
mean=65.96896666666666;
std=3.086781951655585;
(*--------*)
data={65.5553, 66.1994, 62.2366, 72.369, 64.5717, 62.6479, 69.0736, 67.0018, 71.4549, 64.7445, 64.196, 63.9303, 66.327, 73.0737, 61.4708, 65.289, 66.6164, 65.7365, 60.0749, 68.868, 67.8278, 66.3763, 66.0392, 67.2531, 70.4456, 58.0668, 68.9232, 65.274, 69.3272, 65.1705, 69.5783, 64.3914, 63.1731, 65.6517, 67.4773, 67.1865, 64.9558, 64.0548, 65.2244, 69.2904, 65.12, 66.2766, 63.8509, 60.1341, 65.9977, 64.164, 63.9945, 71.3636, 68.5193, 63.2062, 64.6657};