name="jSO CEC17";
dim=50;
bound=5;
testID=12;
(*--------*)
min=218.934;
max=2778.65;
median=1750.62;
mean=1772.442039215687;
std=459.70086473975505;
(*--------*)
data={1566.79, 2778.65, 2047.26, 2114.88, 1448.95, 1913.57, 1861.21, 1707.15, 2541.91, 2028.66, 1142.64, 1946.51, 1588.6, 1513.71, 2201.69, 1418.54, 2241.2, 1340.91, 1932.41, 1384.61, 1203.1, 2146.19, 2130.74, 1836.94, 1767.22, 218.934, 2703.62, 2339.49, 2705.4, 1750.05, 1589.27, 1760.17, 1867.43, 1697.94, 1497.41, 1750.62, 1347.5, 2155.02, 1470.11, 1956.21, 1475.06, 1409.61, 2276.19, 1765.91, 1313.38, 1680.92, 1745.16, 1391.6, 1044.47, 1637.59, 2041.44};