name="jSO CEC17";
dim=50;
bound=2;
testID=20;
(*--------*)
min=65.3968;
max=336.931;
median=122.564;
mean=156.65741764705885;
std=79.32172330158417;
(*--------*)
data={263.295, 230.621, 288.138, 82.5658, 84.1009, 65.3968, 82.5231, 115.23, 113.994, 89.6426, 135.276, 66.8432, 86.3277, 108.258, 126.44, 226.364, 240.793, 77.3153, 78.7869, 94.1687, 78.5458, 98.539, 102.569, 126.668, 210.435, 129.536, 200.76, 250.987, 296.269, 173.591, 213.268, 107.142, 96.8693, 152.098, 108.305, 230.374, 208.778, 82.0463, 254.267, 221.638, 336.931, 113.483, 122.564, 106.338, 83.6353, 320.479, 70.6131, 275.713, 274.411, 215.049, 71.5465};