name="jSO CEC17";
dim=50;
bound=0;
testID=21;
(*--------*)
min=208.559;
max=226.132;
median=217.944;
mean=217.8980980392157;
std=3.548533354809572;
(*--------*)
data={222.46, 215.858, 217.17, 222.147, 216.831, 221.921, 218.458, 214.741, 221.676, 220.397, 219.296, 226.132, 216.414, 213.118, 219.453, 222.576, 215.862, 210.584, 215.398, 216.362, 214.008, 216.316, 220.75, 208.559, 214.743, 214.256, 214.782, 219.79, 224.294, 217.944, 218.142, 216.551, 225.486, 216.947, 215.97, 221.241, 219.806, 218.216, 218.092, 218.698, 220.678, 218.959, 220.512, 217.693, 217.757, 213.998, 219.239, 216.09, 215.859, 219.073, 211.5};