name="jSO CEC17";
dim=50;
bound=2;
testID=24;
(*--------*)
min=489.344;
max=512.46;
median=498.875;
mean=499.51925490196084;
std=6.077574686807683;
(*--------*)
data={498.146, 491.883, 500.867, 498.833, 490.609, 491.099, 508.301, 495.136, 495.472, 494.517, 499.65, 506.858, 510.861, 497.552, 499.019, 512.46, 496.526, 505.344, 495.283, 507.683, 498.735, 491.647, 493.189, 500.547, 489.639, 504.774, 497.768, 495.97, 501.668, 496.049, 501.414, 500.855, 500.154, 489.344, 491.934, 495.592, 504.62, 499.89, 498.875, 501.659, 509.222, 498.792, 506.381, 497.175, 503.166, 507.732, 492.541, 489.92, 507.241, 509.244, 503.646};