name="jSO CEC17";
dim=50;
bound=4;
testID=20;
(*--------*)
min=57.994;
max=354.284;
median=105.193;
mean=139.91977058823528;
std=80.15078360074416;
(*--------*)
data={102.872, 208.605, 199.356, 354.284, 91.9545, 138.398, 221.879, 85.8016, 67.0339, 99.2766, 131.553, 64.8895, 295.55, 127.136, 100.471, 70.5827, 98.907, 90.3463, 93.6902, 114.044, 169.697, 193.147, 343.39, 175.844, 102.705, 119.208, 69.151, 146.809, 72.8702, 117.154, 75.7679, 143.81, 69.2922, 329.219, 97.2003, 144.922, 239.504, 91.0144, 74.1922, 57.994, 305.263, 109.727, 93.0157, 72.4305, 147.441, 83.0504, 313.937, 92.8061, 137.244, 105.193, 86.2791};