name="jSO CEC17";
dim=50;
bound=5;
testID=23;
(*--------*)
min=416.343;
max=444.856;
median=428.656;
mean=429.2229803921568;
std=5.761360025168352;
(*--------*)
data={424.777, 423.667, 434.303, 434.06, 425.264, 423.235, 418.805, 435.703, 434.339, 430.301, 433.761, 422.486, 444.856, 427.908, 429.599, 434.456, 438.913, 427.054, 434.035, 421.88, 416.609, 433.018, 427.787, 429.818, 431.938, 428.216, 427.187, 422.885, 442.047, 425.522, 427.995, 416.343, 430.669, 428.49, 430.482, 428.741, 425.908, 430.67, 431.555, 424.902, 427.946, 435.231, 428.12, 429.479, 425.158, 430.189, 440.071, 431.939, 428.656, 428.237, 425.162};