name="jSO CEC17";
dim=50;
bound=2;
testID=26;
(*--------*)
min=988.445;
max=1282.45;
median=1163.4;
mean=1153.9434313725492;
std=68.66376126087323;
(*--------*)
data={1132.49, 1163.4, 1133.17, 1263.23, 1197.25, 1157.83, 1081.82, 1195.75, 1003.84, 1017.46, 988.445, 1063.7, 1073.88, 1162.35, 1147.59, 1216.63, 1131.36, 1077.34, 1180.54, 1175.66, 1115.02, 1208.36, 1149.54, 1164.07, 1256.67, 1058.33, 1060.33, 1178.44, 1217.44, 1176.27, 1091.48, 1110.91, 1196.81, 1244.26, 1180.78, 1282.45, 1177.4, 1066.24, 1227.88, 1142.47, 1175.98, 1096.24, 1111.07, 1212.08, 1204.07, 1238.55, 1178.66, 1162.05, 1130.5, 1217.88, 1255.15};