name="jSO CEC17";
dim=50;
bound=4;
testID=22;
(*--------*)
min=100;
max=4390.46;
median=100;
mean=1149.7107843137255;
std=1650.2697328942481;
(*--------*)
data={100, 100, 3346.18, 100, 100, 100, 3760.1, 100, 100, 100, 100, 100, 100, 104.523, 4049.92, 100, 100, 100, 103.019, 3747.63, 100, 100, 100, 3688.24, 2958.65, 100, 3523.02, 3793.14, 100, 4390.46, 100, 100, 100, 100, 100, 100, 100, 100, 100, 100, 100, 3642.95, 3641.03, 3694.16, 103.028, 100, 3701.31, 100, 3624.09, 3463.8, 100};