name="jSO CEC17";
dim=50;
bound=5;
testID=11;
(*--------*)
min=20.2548;
max=33.1342;
median=28.1578;
mean=27.47083921568628;
std=3.30581623942278;
(*--------*)
data={31.1424, 25.2296, 20.2548, 28.2276, 26.1605, 30.1474, 30.1474, 30.1474, 28.1579, 31.1424, 30.5416, 21.8776, 27.2195, 28.1584, 26.2245, 24.459, 29.1525, 24.5077, 29.1525, 33.1342, 23.2396, 26.5102, 28.1578, 24.932, 29.1525, 30.1475, 26.6133, 21.6263, 28.8396, 24.2698, 29.1525, 32.1376, 22.2451, 26.2321, 22.3348, 32.1374, 27.2703, 25.2296, 22.4981, 30.1483, 27.1626, 31.1424, 33.1323, 23.2396, 27.2075, 23.2396, 31.1776, 26.1988, 30.1582, 30.1475, 30.1474};