name="jSO CEC17";
dim=50;
bound=0;
testID=8;
(*--------*)
min=10.3235;
max=24.5785;
median=17.0872;
mean=17.001223529411764;
std=3.3117831117745764;
(*--------*)
data={14.4345, 20.9207, 15.9452, 10.3235, 20.0268, 22.9503, 14.9244, 12.2834, 17.1697, 11.0365, 19.0711, 16.425, 18.043, 17.7028, 18.3881, 13.9711, 16.9721, 19.0234, 16.9158, 15.9552, 13.9487, 19.5373, 22.0591, 17.4383, 15.9485, 17.0209, 12.966, 18.9114, 12.012, 15.2085, 17.0872, 15.9164, 17.2264, 19.2711, 17.6832, 22.5679, 13.0698, 20.8633, 16.9558, 18.0562, 15.4057, 19.0834, 15.301, 24.5785, 22.9229, 12.1822, 20.092, 12.2714, 11.9495, 19.933, 17.1122};