name="jSO CEC17";
dim=50;
bound=5;
testID=18;
(*--------*)
min=20.6029;
max=27.8287;
median=24.438;
mean=24.090547058823528;
std=1.8488639596631162;
(*--------*)
data={24.9, 24.7107, 23.678, 20.7105, 21.0948, 21.8727, 25.744, 22.0848, 25.0798, 23.6823, 25.6994, 26.9543, 25.6384, 27.5218, 24.6826, 21.6199, 25.6913, 24.438, 22.54, 21.7073, 25.592, 22.7586, 26.3821, 22.8271, 23.4555, 23.6894, 22.5271, 27.5994, 24.8493, 23.8375, 24.8115, 22.6759, 22.2253, 25.713, 21.0051, 26.6566, 22.7175, 20.6029, 24.7586, 24.4237, 20.9516, 24.4979, 23.8277, 23.8793, 24.6289, 24.8359, 25.5811, 24.5591, 23.9372, 27.8287, 24.9318};