name="jSO CEC17";
dim=50;
bound=0;
testID=26;
(*--------*)
min=1061.55;
max=1223.21;
median=1156.88;
mean=1146.5831372549019;
std=40.58832627690853;
(*--------*)
data={1173.92, 1114.03, 1125.91, 1061.55, 1181.69, 1127.26, 1162.26, 1178.85, 1180.91, 1161.78, 1141.95, 1185.37, 1202.06, 1098.07, 1102.9, 1175.69, 1097.4, 1186.56, 1139.32, 1083.27, 1164.02, 1169.67, 1078.39, 1087.74, 1095.85, 1169.71, 1164.61, 1205.14, 1200.4, 1187.12, 1119.46, 1219.03, 1147.52, 1159.47, 1177.02, 1152.76, 1146.76, 1158.06, 1223.21, 1157.06, 1100.26, 1112.19, 1080.92, 1199.15, 1148.91, 1156.88, 1176.14, 1099.95, 1102.14, 1121.44, 1114.01};