name="jSO CEC17";
dim=50;
bound=4;
testID=25;
(*--------*)
min=477.368;
max=491.825;
median=480.248;
mean=480.4216666666666;
std=1.6780791955884145;
(*--------*)
data={480.271, 480.239, 480.235, 480.244, 480.256, 480.256, 480.231, 480.235, 480.256, 480.235, 480.244, 480.257, 480.235, 480.309, 480.231, 480.256, 480.263, 480.248, 480.263, 480.235, 480.239, 480.273, 480.235, 480.257, 480.244, 480.235, 480.235, 480.235, 480.244, 491.825, 480.257, 480.259, 480.267, 480.265, 480.289, 480.235, 480.243, 480.257, 477.368, 480.244, 480.277, 480.271, 480.259, 480.256, 480.235, 480.279, 480.259, 480.235, 480.235, 480.235, 480.259};