name="jSO CEC17";
dim=50;
bound=5;
testID=27;
(*--------*)
min=489.286;
max=530.796;
median=510.507;
mean=509.9553725490197;
std=10.270522822058835;
(*--------*)
data={512.632, 515.89, 512.42, 490.595, 518.722, 503.213, 511.753, 489.286, 518.646, 517.971, 521.219, 506.929, 511.791, 520.852, 509.349, 518.315, 501.852, 511.228, 496.948, 503.899, 517.152, 530.796, 506.24, 522.345, 507.381, 516.286, 502.932, 494.999, 490.368, 510.507, 520.531, 499.916, 507.927, 509.383, 521.283, 490.061, 525.195, 518.4, 503.184, 527.986, 496.449, 495.593, 504.785, 520.236, 505.554, 509.221, 523.617, 507.619, 512.882, 503.689, 511.697};