name="jSO CEC17";
dim=50;
bound=2;
testID=4;
(*--------*)
min=0;
max=142.305;
median=28.5127;
mean=49.07518825389765;
std=37.938046707559906;
(*--------*)
data={28.5127, 28.5127, 28.5127, 114.012, 28.5127, 28.5127, 72.9281, 98.7209, 28.5127, 28.5127, 28.5127, 28.5127, 28.5127, 28.5127, 28.5127, 28.5127, 28.5127, 28.5127, 28.5127, 114.012, 28.5127, 114.012, 28.5127, 28.5127, 0, 114.012, 28.5127, 97.4131, 28.5127, 28.5127, 28.5127, 28.5127, 9.4878*^-7, 28.5127, 142.305, 114.012, 28.5127, 114.012, 114.012, 114.012, 28.5127, 114.012, 28.5127, 28.5127, 28.5127, 28.5127, 28.5127, 28.5127, 67.415, 28.5127, 28.5127};