name="jSO CEC17";
dim=50;
bound=1;
testID=17;
(*--------*)
min=81.6353;
max=482.049;
median=272.407;
mean=275.7981450980392;
std=96.21569863476816;
(*--------*)
data={337.023, 159.831, 291.651, 379.623, 407.641, 319.505, 478.46, 425.916, 368.16, 359.432, 122.058, 176.525, 394.552, 264.757, 420.99, 241.445, 370.139, 257.57, 118.082, 221.866, 105.74, 354.061, 366.919, 301.07, 294.432, 297.247, 218.918, 219.936, 242.752, 200.623, 482.049, 242.574, 235.867, 353.646, 347.783, 275.87, 81.6353, 98.7611, 289.727, 217.479, 267.648, 313.285, 227.664, 254.144, 285.019, 226.232, 272.407, 103.887, 240.087, 313.447, 219.57};