name="jSO CEC17";
dim=50;
bound=0;
testID=24;
(*--------*)
min=495.724;
max=512.584;
median=506.992;
mean=506.7334509803921;
std=3.5287814798523596;
(*--------*)
data={510.906, 504.546, 506.993, 500.092, 505.76, 505.85, 509.194, 506.992, 504.902, 510.091, 506.077, 505.983, 504.074, 504.222, 512.491, 504.807, 502.217, 510.666, 510.205, 506.382, 510.342, 505.006, 509.397, 502.914, 506.016, 512.584, 500.963, 505.155, 511.963, 507.904, 507.307, 511.459, 507.996, 507.263, 503.424, 510.427, 508.198, 500.295, 495.724, 505.193, 505.875, 508.228, 511.328, 507.211, 502.467, 507.929, 510.888, 507.459, 510.128, 504.04, 505.873};