name="jSO CEC17";
dim=50;
bound=0;
testID=6;
(*--------*)
min=0;
max=9.49129*^-6;
median=1.91771*^-7;
mean=9.762440156862745*^-7;
std=1.8167843301572426*^-6;
(*--------*)
data={4.79428*^-8, 4.79428*^-8, 1.62612*^-6, 5.29725*^-7, 8.60217*^-7, 4.79428*^-8, 2.24559*^-6, 4.79428*^-8, 3.06209*^-7, 7.01034*^-7, 4.79428*^-8, 6.06378*^-6, 0, 1.91771*^-7, 4.79428*^-8, 4.79428*^-8, 6.02713*^-7, 4.79428*^-8, 4.79428*^-8, 7.84687*^-7, 7.01034*^-7, 4.79428*^-8, 0, 7.01034*^-7, 0, 4.79428*^-8, 2.94976*^-6, 8.96393*^-7, 1.92946*^-6, 7.01034*^-7, 5.17506*^-6, 9.49129*^-6, 1.91739*^-6, 1.91771*^-7, 1.14534*^-7, 7.01034*^-7, 4.79428*^-8, 4.79428*^-8, 1.11563*^-6, 4.31485*^-7, 4.79428*^-8, 5.03337*^-6, 1.91771*^-7, 1.11563*^-6, 4.79428*^-8, 1.14534*^-7, 1.6373*^-6, 4.79428*^-8, 0, 0, 0};