name="jSO CEC17";
dim=50;
bound=5;
testID=10;
(*--------*)
min=2309.01;
max=3674.3;
median=3159.3;
mean=3105.3092156862745;
std=312.52611365991896;
(*--------*)
data={3225.28, 2472.4, 3501.62, 2491.78, 3215.48, 3300.69, 3131.4, 3054.42, 3027.15, 3331.94, 3335.92, 2501.6, 3380.5, 3366.43, 2860.96, 3070.93, 3247.03, 2972.69, 3390.93, 3444.57, 3189.86, 3040.41, 3303.6, 2825.7, 3131.86, 3090.73, 2309.01, 3244.96, 3485.78, 3149.46, 3276.57, 3523.69, 3154.52, 2855.37, 3185.47, 3085.1, 3213.48, 3163.31, 2921.52, 3240.03, 3246.15, 2877.22, 2727.51, 3105.44, 2465.68, 2651.86, 3674.3, 3621.54, 3430.02, 2697.6, 3159.3};