name="jSO CEC17";
dim=50;
bound=2;
testID=19;
(*--------*)
min=8.45776;
max=16.6968;
median=12.2591;
mean=12.279635882352942;
std=1.813079998483439;
(*--------*)
data={11.0918, 12.2591, 11.991, 11.0059, 10.9589, 13.4023, 12.4206, 8.45776, 9.50421, 10.2745, 13.2285, 10.0945, 13.3777, 12.1758, 11.4183, 14.1695, 9.88537, 13.3325, 16.1519, 12.4369, 10.4944, 11.231, 14.5585, 13.3088, 10.495, 14.2773, 11.2951, 13.9963, 12.6858, 12.8855, 13.4403, 12.0532, 12.0105, 12.6913, 14.1094, 12.5171, 13.2217, 10.6243, 9.01709, 10.6656, 16.6968, 11.684, 11.5978, 12.2816, 10.9746, 16.0715, 11.4558, 11.2487, 16.3514, 12.3415, 12.3425};