name="jSO CEC17";
dim=50;
bound=3;
testID=20;
(*--------*)
min=64.79;
max=366.879;
median=157.163;
mean=183.41900196078436;
std=95.62975354087554;
(*--------*)
data={80.2935, 116.021, 146.992, 220.991, 105.627, 338.555, 118.304, 194.384, 71.802, 366.879, 146.981, 111.804, 227.083, 157.163, 178.679, 92.3522, 216.032, 64.79, 300.501, 240.256, 217.056, 171.837, 89.6433, 75.3339, 92.6559, 78.5455, 123.127, 299.394, 76.4918, 306.391, 313.323, 290.231, 219.674, 332.243, 129.154, 89.8055, 114.155, 214.078, 74.0121, 81.2618, 326.879, 141.671, 89.1352, 310.746, 92.0378, 268.397, 341.745, 329.917, 262.744, 241.586, 65.6086};