name="jSO CEC17";
dim=50;
bound=4;
testID=24;
(*--------*)
min=500.288;
max=519.699;
median=506.242;
mean=507.15407843137245;
std=4.079916258175583;
(*--------*)
data={506.242, 509.992, 507.263, 502.952, 503.551, 512.838, 505.113, 508.89, 514.851, 510.81, 510.03, 500.473, 507.599, 502.597, 502.761, 510.562, 505.041, 504.632, 504.422, 511.482, 505.457, 509.657, 500.288, 518.669, 503.214, 506.045, 505.652, 501.764, 507.367, 501.468, 510.365, 511.825, 506.548, 510.345, 509.8, 507.869, 505.183, 502.758, 505.38, 519.699, 509.635, 505.17, 505.246, 506.078, 505.901, 503.646, 506.586, 508.885, 506.073, 508.635, 507.549};