name="jSO CEC17";
dim=50;
bound=2;
testID=21;
(*--------*)
min=214.641;
max=230.542;
median=222.082;
mean=222.30839215686277;
std=3.2658445466888444;
(*--------*)
data={223.096, 224.645, 217.363, 218.09, 218.11, 223.413, 224.321, 224.053, 219.515, 221.239, 220.594, 221.88, 223.176, 219.646, 226.677, 219.888, 221.186, 217.428, 220.986, 225.409, 218.374, 221.27, 225.464, 218.486, 227.992, 225.068, 223.124, 222.082, 221.039, 221.973, 220.79, 222.253, 223.361, 226.51, 223.161, 219.76, 230.08, 224.744, 222.165, 228.764, 220.412, 222.412, 224.255, 224.058, 223.054, 221.914, 230.542, 214.641, 219.434, 220.392, 219.439};