name="jSO CEC17";
dim=50;
bound=0;
testID=10;
(*--------*)
min=1941.8;
max=3993.66;
median=3181.32;
mean=3125.475490196078;
std=438.4608895320709;
(*--------*)
data={2181.98, 2949.69, 3316.35, 3394.8, 3014.69, 2533.25, 3307.04, 2894.14, 3575.53, 2590.48, 1941.8, 3341.94, 2978.69, 2906.44, 2694.6, 3559.95, 3118.8, 2785.21, 2022.98, 2980.83, 3675.89, 3296.64, 3993.66, 2834.47, 3506.87, 3178.94, 3369.52, 3304.06, 2396.43, 3181.32, 3623.53, 3820.36, 3456.72, 2876.22, 3334.34, 3326.73, 3280.12, 3179.14, 3351.39, 2884.36, 2937.63, 2607.45, 3742.72, 3303.72, 3339.71, 3063.63, 3381, 3623.57, 3540.26, 2853.01, 3046.65};