name="jSO CEC17";
dim=50;
bound=2;
testID=11;
(*--------*)
min=22.2447;
max=32.1943;
median=25.2296;
mean=25.687733333333327;
std=2.3375399437585362;
(*--------*)
data={26.2245, 27.0092, 24.2346, 32.1484, 26.2245, 24.2346, 24.2346, 25.2297, 25.2296, 25.2296, 24.2346, 24.2346, 23.2396, 25.2296, 27.2195, 29.2094, 23.7875, 27.9988, 25.6013, 26.2245, 28.2144, 24.2346, 26.2245, 25.2296, 24.2346, 23.3275, 32.1374, 25.2296, 32.1943, 22.2456, 25.2296, 23.2396, 23.765, 29.1525, 27.618, 24.2346, 25.3906, 24.2346, 25.5932, 29.5968, 26.2245, 25.2296, 24.2346, 24.2346, 26.4812, 23.2396, 25.2296, 25.2296, 23.2396, 26.1815, 22.2447};