name="jSO CEC17";
dim=50;
bound=2;
testID=29;
(*--------*)
min=343.378;
max=492;
median=370.473;
mean=374.8783529411765;
std=23.761322987429413;
(*--------*)
data={365.389, 370.767, 391.772, 376.221, 386.453, 369.26, 392.451, 352.479, 396.577, 361.718, 360.818, 343.378, 373.853, 349.918, 389.817, 366.538, 346.697, 379.46, 376.579, 400.164, 377.958, 391.035, 352.243, 379.796, 358.265, 367.843, 399.944, 346.283, 362.237, 372.633, 367.911, 363.375, 382.062, 371.343, 370.473, 356.25, 396.845, 359.563, 367.531, 369.206, 392.18, 347.938, 492, 404.536, 378.913, 362.125, 368.564, 382.776, 416.283, 362.274, 348.102};