name="jSO CEC17";
dim=50;
bound=5;
testID=20;
(*--------*)
min=50.6657;
max=308.863;
median=103.839;
mean=126.99613333333338;
std=67.81958805486411;
(*--------*)
data={86.5566, 109.242, 283.075, 127.058, 117.265, 196.994, 86.2011, 94.0697, 75.283, 50.6657, 78.5653, 84.0435, 75.3144, 229.653, 87.1228, 105.863, 81.9314, 64.1877, 97.753, 125.362, 81.5602, 308.863, 67.847, 90.1853, 103.839, 75.1922, 83.3505, 58.435, 121.361, 300.622, 225.847, 101.965, 128.788, 130.794, 97.1989, 255.536, 107.287, 93.735, 103.935, 228.269, 119.773, 196.58, 289.197, 118.796, 67.6098, 141.005, 131.791, 91.1687, 68.6197, 92.4563, 138.99};