name="jSO CEC17";
dim=50;
bound=4;
testID=14;
(*--------*)
min=20.172;
max=30.0652;
median=25.018;
mean=24.900178431372552;
std=2.2309498080695342;
(*--------*)
data={27.1991, 22.1622, 27.4233, 28.2541, 26.3696, 26.1364, 23.106, 23.5085, 22.3804, 23.3626, 25.0545, 21.5036, 25.4335, 23.2071, 24.8313, 21.1003, 26.1905, 24.9512, 25.657, 24.0076, 28.4346, 29.4538, 26.1231, 25.7455, 21.1081, 24.3207, 27.4195, 25.063, 30.0652, 26.1415, 24.0679, 23.3844, 24.4802, 25.627, 23.4386, 23.1647, 27.0071, 26.5311, 20.172, 25.8123, 28.2979, 24.0582, 22.0641, 26.8444, 26.1992, 25.018, 23.6034, 22.8076, 22.1283, 23.1218, 26.3671};