name="jSO CEC17";
dim=50;
bound=4;
testID=8;
(*--------*)
min=8.0089;
max=22.9366;
median=16.3631;
mean=16.34185137254902;
std=3.4816230821983125;
(*--------*)
data={9.96755, 17.6521, 22.9154, 15.9352, 14.9604, 12.041, 19.9181, 17.9372, 17.0875, 14.9404, 16.8639, 16.1518, 11.9558, 18.0608, 19.9144, 21.5293, 14.1993, 18.2039, 17.1428, 8.97067, 13.994, 22.8865, 12.9358, 18.9093, 16.0445, 16.9972, 15.9247, 12.9854, 16.3631, 15.0707, 20.3881, 17.9396, 22.8851, 15.9306, 17.95, 12.9572, 15.9354, 13.9887, 13.1176, 17.1164, 16.9306, 11.9594, 14.9277, 14.947, 22.9366, 19.9087, 8.0089, 16.9333, 18.922, 11.9716, 19.3212};