name="jSO CEC17";
dim=50;
bound=1;
testID=15;
(*--------*)
min=18.1304;
max=29.0041;
median=23.0595;
mean=23.31468039215686;
std=2.629153899034411;
(*--------*)
data={21.8356, 22.5953, 22.0454, 25.4569, 24.9676, 25.3247, 27.0662, 27.3939, 20.0053, 20.0767, 21.4303, 21.0608, 21.9624, 23.0072, 20.9833, 19.9939, 19.4808, 23.9264, 19.0099, 20.0274, 22.0239, 24.5206, 20.0948, 21.0694, 21.0178, 23.0595, 25.0071, 24.0083, 25.7008, 26.9619, 23.4815, 24.4555, 18.1304, 22.0318, 24.1146, 24.0875, 27.6206, 23.9976, 28.0868, 21.956, 25.0392, 21.0119, 24.9884, 27.8444, 22.033, 21.5346, 26.9602, 25.1318, 23.0534, 29.0041, 23.3713};