name="jSO CEC17";
dim=50;
bound=3;
testID=12;
(*--------*)
min=570.89;
max=2642.51;
median=1341.76;
mean=1338.6762352941175;
std=433.5147387891023;
(*--------*)
data={1498.96, 1820.76, 618.491, 598.778, 1563.53, 1023.21, 1079.35, 825.823, 1007.05, 1582.53, 897.613, 774.704, 1483.07, 1476.4, 1487.1, 1075.59, 1267.87, 1064.27, 1081.57, 2642.51, 994.172, 1620.61, 1984.82, 1330.15, 747.81, 843.645, 1672.34, 1774.09, 1064.67, 2057.55, 1784.06, 1512.25, 1292, 1183.73, 1034.26, 1267.5, 1341.76, 1590.52, 1031.69, 1796.76, 1308.86, 1558.94, 1891.29, 1534.45, 1913.16, 570.89, 1805.29, 1397.87, 1378.83, 1517.32, 602.022};