name="jSO CEC17";
dim=50;
bound=5;
testID=29;
(*--------*)
min=335.48;
max=388.827;
median=359.98;
mean=360.34652941176466;
std=12.913076444214127;
(*--------*)
data={362.602, 335.48, 371.878, 382.166, 343.498, 365.943, 353.463, 382.486, 354.786, 355.51, 358.632, 340.806, 362.225, 377.748, 357.348, 346.667, 375.198, 343.921, 347.737, 370.754, 361.154, 373.884, 361.964, 355.101, 376.626, 388.827, 359.689, 342.722, 351.518, 340.792, 362.024, 359.98, 352.415, 367.677, 373.699, 364.912, 343.553, 363.396, 381.1, 382.994, 356.191, 362.622, 356.496, 355.372, 364.492, 351.84, 341.805, 364.16, 358.46, 342.585, 370.775};