name="jSO CEC17";
dim=50;
bound=2;
testID=7;
(*--------*)
min=61.0589;
max=74.2259;
median=66.1279;
mean=66.43285098039216;
std=2.7342642212026647;
(*--------*)
data={67.1629, 69.705, 63.8496, 67.0803, 69.2073, 64.3982, 66.1568, 67.5869, 74.2259, 65.7721, 64.7378, 63.527, 64.7312, 65.423, 69.8132, 68.4782, 63.255, 63.278, 68.2273, 61.0589, 70.6712, 69.0003, 69.8308, 65.7301, 66.6139, 64.6726, 61.2794, 64.2574, 66.2902, 67.3878, 65.613, 63.128, 68.7474, 67.7735, 64.4667, 64.1212, 69.6697, 70.8758, 62.7213, 65.3007, 67.1174, 65.4956, 69.4839, 64.7003, 71.2771, 66.442, 63.8337, 65.6688, 64.0465, 66.1279, 68.0566};