name="jSO CEC17";
dim=50;
bound=1;
testID=27;
(*--------*)
min=478.047;
max=538.555;
median=510.372;
mean=510.89588235294116;
std=12.286422635815606;
(*--------*)
data={495.771, 516.939, 496.689, 498.811, 511.372, 501.994, 532.343, 535.284, 507.208, 512.852, 525.06, 521.015, 523.075, 515.417, 516.378, 514.178, 510.689, 494.573, 478.047, 494.085, 515.234, 501.091, 510.21, 494.956, 505.808, 498.055, 509.72, 502.672, 537.881, 519.989, 525.865, 514.596, 504.31, 506.672, 500.636, 520.14, 494.981, 514.026, 518.262, 503.333, 510.372, 515.164, 523.278, 501.726, 512.844, 525.823, 502.759, 509.071, 509.222, 538.555, 506.659};