name="jSO CEC17";
dim=50;
bound=5;
testID=19;
(*--------*)
min=8.24434;
max=20.3585;
median=13.6233;
mean=14.019382156862743;
std=3.163344269034474;
(*--------*)
data={14.1551, 10.5146, 16.6715, 14.2202, 10.763, 16.5331, 10.357, 17.7957, 18.3583, 20.3585, 9.70517, 13.3792, 18.0742, 10.8269, 13.0254, 15.7497, 11.3329, 11.9452, 20.0632, 16.5463, 18.4896, 12.312, 12.5992, 8.29423, 13.6233, 14.3009, 19.9735, 12.9008, 11.6703, 10.183, 16.1752, 10.2178, 15.0011, 11.9256, 14.1241, 18.8819, 13.7562, 15.5514, 12.4329, 12.9341, 8.24434, 9.26565, 17.8247, 16.7388, 12.7562, 17.0236, 14.2441, 16.1911, 11.1897, 12.4192, 13.3688};