name="jSO CEC17";
dim=50;
bound=1;
testID=18;
(*--------*)
min=21.6083;
max=29.7659;
median=25.0401;
mean=25.133839215686276;
std=2.0461688088795054;
(*--------*)
data={25.7743, 27.7016, 25.8541, 25.3671, 25.0401, 21.7481, 28.1538, 22.727, 28.5169, 25.5024, 26.0306, 22.7077, 22.5698, 23.5566, 23.9088, 27.8896, 25.4949, 27.8608, 25.6917, 23.6291, 24.6402, 22.7155, 23.5125, 23.7144, 26.1616, 23.2937, 23.5166, 28.9139, 25.7731, 25.8912, 22.4599, 29.5999, 24.4701, 22.9163, 25.1474, 23.7168, 28.6405, 24.9922, 24.1795, 25.6782, 24.719, 25.655, 23.6205, 25.1415, 21.6083, 29.7659, 23.9203, 25.9328, 23.3581, 27.5462, 24.8997};