name="jSO CEC17";
dim=50;
bound=0;
testID=16;
(*--------*)
min=131.209;
max=688.553;
median=476.356;
mean=468.6468823529412;
std=134.03382061191078;
(*--------*)
data={653.045, 491.794, 478.794, 439.924, 357.102, 578.241, 366.758, 260.5, 688.553, 436.617, 476.356, 632.472, 653.373, 669.265, 141.942, 409.902, 538.193, 377.974, 607.46, 240.494, 475.718, 485.254, 575.567, 366.305, 599.404, 588.363, 347.967, 378.475, 570.328, 434.155, 449.247, 602.504, 429.476, 382.175, 131.209, 652.165, 353.456, 315.127, 567.438, 594.904, 376.849, 571.363, 268.288, 570.253, 531.056, 528.434, 367.282, 584.026, 472.715, 480.196, 352.533};