name="jSO CEC17";
dim=50;
bound=2;
testID=6;
(*--------*)
min=0;
max=2.24559*^-6;
median=1.91771*^-7;
mean=4.545144901960785*^-7;
std=6.372613142802933*^-7;
(*--------*)
data={5.58123*^-7, 0, 4.31485*^-7, 4.79428*^-8, 3.10681*^-7, 4.79428*^-8, 1.38229*^-6, 1.07871*^-7, 4.79428*^-8, 2.24559*^-6, 4.31485*^-7, 1.14534*^-7, 2.23249*^-6, 4.79428*^-8, 4.79428*^-8, 0, 1.91771*^-7, 1.91739*^-6, 2.24559*^-6, 1.91771*^-7, 1.91771*^-7, 7.01034*^-7, 4.79428*^-8, 4.79428*^-8, 7.01034*^-7, 1.11563*^-6, 4.31485*^-7, 1.91771*^-7, 0, 1.91771*^-7, 3.10681*^-7, 4.79428*^-8, 4.79428*^-8, 4.79428*^-8, 0, 1.91771*^-7, 7.01034*^-7, 2.02759*^-6, 4.79428*^-8, 2.78909*^-7, 4.79428*^-8, 8.96393*^-7, 1.91771*^-7, 1.91771*^-7, 1.91771*^-7, 1.91771*^-7, 7.01034*^-7, 4.79428*^-8, 7.01034*^-7, 4.79428*^-8, 4.79428*^-8};