name="jSO CEC17";
dim=50;
bound=5;
testID=24;
(*--------*)
min=498.547;
max=513.888;
median=506.079;
mean=505.874568627451;
std=3.5053581172536576;
(*--------*)
data={500.331, 510.713, 506.493, 503.579, 504.493, 509.96, 508.969, 502.755, 505.862, 506.079, 507.99, 507.631, 509.279, 504.562, 502.256, 505.436, 499.488, 508.631, 509.001, 501.397, 503.428, 503.796, 502.419, 505.03, 508.836, 507.601, 506.672, 499.602, 505.611, 506.683, 505.12, 506.591, 511.683, 498.547, 513.623, 509.673, 501.092, 508.873, 509.098, 504.79, 503.028, 503.287, 508.517, 507.597, 503.631, 505.432, 506.797, 500.734, 506.797, 513.888, 506.222};