name="jSO CEC17";
dim=50;
bound=0;
testID=4;
(*--------*)
min=7.4284;
max=142.305;
median=28.5127;
mean=33.620549411764706;
std=28.10271364822043;
(*--------*)
data={7.76766, 142.305, 28.5127, 28.5127, 28.5127, 28.5127, 28.5127, 28.5127, 98.7209, 28.5127, 28.5127, 114.012, 28.5127, 28.5127, 7.4284, 28.5127, 8.0309, 8.03063, 28.5127, 28.5127, 28.5127, 28.5127, 28.5127, 28.5127, 28.5127, 28.5127, 28.5127, 28.5127, 28.5127, 28.5127, 28.5127, 28.5127, 28.5127, 8.02819, 98.7209, 28.5127, 28.5127, 28.5127, 8.06296, 28.5127, 8.01896, 28.5127, 28.5127, 28.5127, 8.02692, 28.5127, 114.012, 28.5127, 28.5127, 28.5127, 28.5127};