name="jSO CEC17";
dim=50;
bound=3;
testID=24;
(*--------*)
min=487.157;
max=516.721;
median=503.646;
mean=502.88339215686295;
std=7.211427470559296;
(*--------*)
data={498.948, 494.505, 496.359, 515.23, 493.843, 516.486, 506.05, 501.092, 505.406, 506.109, 498.634, 506.08, 503.047, 489.796, 497.98, 507.05, 503.683, 494.34, 502.45, 497.931, 510.437, 493.909, 504.188, 487.157, 502.762, 514.483, 514.233, 509.348, 503.563, 508.396, 503.646, 497.188, 506.514, 508.756, 496.444, 509.315, 504.667, 496.501, 503.327, 489.396, 495.34, 504.411, 497.508, 502.277, 508.311, 505.59, 504.784, 491.553, 509.723, 516.721, 511.586};