name="jSO CEC17";
dim=50;
bound=1;
testID=11;
(*--------*)
min=19.2598;
max=33.1327;
median=29.1525;
mean=28.081801960784315;
std=3.1161454909224116;
(*--------*)
data={20.2548, 31.1424, 29.1565, 22.2447, 28.1575, 30.1487, 29.1529, 28.4659, 30.1623, 32.1374, 27.1645, 29.1525, 29.1608, 30.1474, 25.4104, 29.1525, 31.1512, 22.2447, 29.1537, 33.1327, 30.1546, 28.1575, 29.1525, 25.4207, 25.2296, 28.2682, 30.152, 19.2598, 29.1525, 27.2052, 27.1626, 25.1294, 25.4683, 25.2296, 31.1424, 28.1818, 31.1425, 28.1585, 30.148, 23.2396, 30.1474, 28.1575, 27.3993, 32.1374, 31.2196, 27.2104, 30.1477, 22.2447, 30.1581, 27.1633, 32.1377};