name="jSO CEC17";
dim=50;
bound=4;
testID=15;
(*--------*)
min=18.4199;
max=29.071;
median=23.1084;
mean=23.43665882352941;
std=2.413938097232525;
(*--------*)
data={25.8694, 22.0968, 21.594, 23.9001, 21.4854, 24.0175, 27.6415, 21.0858, 28.2747, 22.6158, 20.966, 25.9762, 22.0689, 24.4296, 28.3668, 22.0635, 20.0642, 29.071, 22.9991, 23.0369, 24.2617, 19.3072, 26.0107, 21.4054, 22.015, 27.9884, 23.1084, 18.4199, 25.0037, 23.9949, 24.9755, 24.9403, 23.2163, 21.1808, 23.4492, 22.4823, 19.9118, 25.2825, 23.0143, 22.0494, 20.3641, 24.9667, 25.275, 24.9263, 21.1343, 21.3837, 23.426, 22.9207, 25.9823, 22.0389, 23.2107};