name="jSO CEC17";
dim=50;
bound=4;
testID=23;
(*--------*)
min=418.556;
max=445.412;
median=429.895;
mean=430.1746862745097;
std=5.987725506367826;
(*--------*)
data={436.974, 427.266, 418.556, 425.83, 422.384, 445.412, 435.658, 419.11, 433.24, 428.193, 429.789, 430.857, 433.68, 431.369, 421.802, 428.059, 426.933, 428.828, 429.895, 427.43, 437.247, 421.245, 432.465, 426.606, 441.36, 436.346, 434.794, 429.072, 420.701, 432.833, 427.639, 432.062, 437.353, 427.816, 432.204, 425.106, 430.26, 440.388, 432.656, 435.372, 433.351, 418.807, 425.177, 427.905, 424.98, 427.909, 431.7, 440.997, 434.153, 426.896, 432.244};