name="jSO CEC17";
dim=50;
bound=3;
testID=17;
(*--------*)
min=216.32;
max=669.64;
median=382.627;
mean=373.22556862745097;
std=108.60455334529118;
(*--------*)
data={227.371, 234.847, 268.037, 242.986, 311.618, 275.882, 389.539, 450.673, 528.339, 596.948, 247.522, 389.499, 235.043, 265.277, 256.585, 481.33, 243.932, 382.627, 335.127, 669.64, 398.385, 404.529, 347.963, 270.108, 388.284, 466.727, 465.836, 483.459, 300.896, 385.743, 428.086, 498.341, 216.32, 364.815, 342.992, 464.316, 367.177, 404.168, 259.065, 457.946, 273.571, 457.328, 425.435, 557.68, 429.871, 218.922, 375.006, 500.163, 284.85, 274.983, 488.717};