name="jSO CEC17";
dim=50;
bound=5;
testID=25;
(*--------*)
min=480.231;
max=491.844;
median=480.257;
mean=480.7101568627451;
std=2.2717254268291227;
(*--------*)
data={480.235, 480.263, 480.257, 480.257, 480.244, 480.256, 480.271, 480.24, 480.256, 480.257, 480.259, 480.257, 480.235, 480.289, 480.234, 480.252, 480.256, 480.235, 480.244, 480.279, 480.259, 491.843, 480.235, 480.235, 480.244, 480.239, 480.257, 480.235, 480.261, 480.273, 480.259, 480.271, 480.24, 480.239, 480.312, 480.244, 480.244, 480.261, 480.256, 480.271, 480.298, 480.276, 480.267, 480.279, 480.279, 491.844, 480.231, 480.235, 480.235, 480.259, 480.261};