name="jSO CEC17";
dim=50;
bound=0;
testID=15;
(*--------*)
min=18.0225;
max=32.8632;
median=23.3623;
mean=23.71836862745099;
std=2.6450203381063204;
(*--------*)
data={22.959, 23.0081, 20.286, 18.0225, 23.0764, 32.8632, 23.9399, 25.6509, 21.9584, 22.1925, 23.8885, 21.0113, 22.0066, 28.3342, 28.5476, 21.0678, 25.9121, 23.0507, 23.3455, 20.0553, 24.3962, 27.0211, 23.9778, 22.2699, 22.2958, 25.078, 20.831, 25.2938, 25.3989, 24.0228, 20.0857, 23.3623, 27.0393, 19.9433, 24.5216, 23.5574, 24.0054, 25.0966, 23.975, 23.8197, 22.0364, 23.3621, 21.1525, 21.9465, 25.2672, 22.8334, 23.4245, 26.7037, 29.4227, 23.145, 23.1747};