name="jSO CEC17";
dim=50;
bound=4;
testID=5;
(*--------*)
min=9.95022;
max=23.0851;
median=15.9833;
mean=16.24766156862745;
std=3.1584024604140444;
(*--------*)
data={14.0393, 12.3588, 17.0479, 21.1863, 11.94, 16.9424, 11.9398, 18.9168, 13.9365, 14.145, 16.5677, 16.2501, 19.9355, 20.5773, 18.0607, 23.0851, 19.6851, 18.3495, 15.9233, 13.9354, 9.95352, 15.9379, 17.009, 15.9833, 15.324, 17.9118, 15.935, 16.9519, 14.1026, 13.9361, 9.95022, 12.7024, 17.9114, 15.9196, 20.9082, 22.8357, 17.9368, 19.5073, 14.2562, 15.1365, 15.1466, 17.5021, 20.0483, 20.0114, 12.9608, 11.9941, 19.0741, 16.1057, 15.946, 13.9548, 10.9549};