name="jSO CEC17";
dim=50;
bound=1;
testID=8;
(*--------*)
min=9.9695;
max=25.2361;
median=16.301;
mean=16.6529862745098;
std=3.4356446500777467;
(*--------*)
data={15.1532, 14.6145, 19.1016, 16.17, 10.3776, 16.9685, 14.0081, 18.9298, 18.9298, 19.4824, 25.1337, 11.9398, 21.0399, 20.895, 18.9115, 17.0044, 10.0638, 13.9354, 15.9412, 14.9245, 16.7486, 18.9839, 14.9248, 14.6357, 25.2361, 17.0996, 16.9227, 15.9307, 19.8631, 17.9191, 16.301, 13.962, 15.1406, 16.9593, 21.9309, 12.993, 15.7314, 19.9281, 21.9013, 16.9196, 13.1636, 13.9514, 16.1586, 16.025, 17.0146, 10.9467, 13.93, 9.9695, 14.6342, 19.0571, 20.8954};