name="jSO CEC17";
dim=50;
bound=1;
testID=22;
(*--------*)
min=100;
max=4486.24;
median=3599.03;
mean=2880.112039215686;
std=1595.2130003120708;
(*--------*)
data={100, 3726.95, 4145.34, 4045.82, 100, 3865.25, 3843.81, 4188.32, 3783.95, 3845.88, 3939.33, 3258.95, 3980.53, 4026.79, 4107.81, 4211.41, 4229.52, 3772.76, 102.947, 4202.78, 3911.29, 3067.22, 3585.4, 3271.63, 3759.48, 3856.41, 4228.44, 102.947, 3181.45, 103.971, 4486.24, 100, 3981.52, 3663, 104.466, 100.003, 100, 3527.7, 3277.83, 3895.73, 100, 2798.12, 3270.4, 100, 3528.58, 100, 3402.93, 3972.52, 3211.81, 3019.45, 3599.03};