name="jSO CEC17";
dim=50;
bound=0;
testID=11;
(*--------*)
min=19.5175;
max=33.1323;
median=28.1575;
mean=27.234292156862747;
std=3.5286136220245554;
(*--------*)
data={25.2188, 32.1596, 23.2396, 26.4031, 28.7747, 24.4469, 21.2497, 30.1484, 30.167, 31.1424, 32.1374, 28.2144, 23.2396, 31.182, 23.4855, 32.1374, 29.1542, 30.1523, 29.1549, 28.1575, 31.1433, 21.2497, 31.1441, 24.4611, 23.2396, 28.7527, 24.5409, 31.1424, 23.2305, 30.1482, 23.8901, 28.1586, 19.5175, 24.2346, 28.1589, 25.0014, 23.2396, 25.2296, 22.3758, 31.1451, 33.1323, 30.1481, 29.1832, 25.2653, 26.2245, 26.2245, 23.181, 32.1374, 26.1165, 30.1475, 27.2195};