name="jSO CEC17";
dim=50;
bound=5;
testID=16;
(*--------*)
min=128.009;
max=649.283;
median=433.923;
mean=408.65360784313714;
std=140.6993403235535;
(*--------*)
data={262.685, 428.727, 134.401, 138.171, 537.553, 592.539, 472.812, 375.978, 636.774, 292.013, 548.157, 606.815, 437.116, 470.53, 490.776, 256.623, 412.219, 410.899, 255.169, 128.009, 250.844, 466.074, 642.023, 473.368, 433.923, 434.001, 135.291, 558.343, 482.954, 468.234, 493.622, 429.383, 480.383, 499.384, 256.493, 649.283, 422.434, 370.557, 473.424, 534.576, 587.278, 322.905, 360.762, 465.699, 129.857, 512.142, 371.997, 373.29, 363.983, 252.994, 257.867};