name="jSO CEC17";
dim=50;
bound=2;
testID=13;
(*--------*)
min=3.25024;
max=63.023;
median=11.8027;
mean=21.85098254901961;
std=17.599240020016417;
(*--------*)
data={12.0112, 45.3528, 8.45072, 9.55124, 41.6239, 9.22037, 6.01338, 18.4067, 9.76777, 44.1949, 39.3798, 11.8027, 6.22531, 9.96322, 9.24066, 3.25024, 8.80198, 11.8681, 44.2765, 7.25839, 6.46067, 7.21269, 49.4604, 4.56768, 41.9853, 39.6765, 4.48287, 15.8935, 8.29712, 10.0452, 8.47013, 39.8295, 9.44418, 5.8677, 5.37948, 7.68104, 41.1787, 47.7853, 38.689, 39.5333, 14.4854, 12.027, 39.7706, 5.756, 63.023, 48.8196, 42.6747, 45.7766, 6.89514, 8.20473, 38.3672};