name="jSO CEC17";
dim=50;
bound=0;
testID=18;
(*--------*)
min=20.4939;
max=28.8357;
median=24.8064;
mean=24.576105882352937;
std=1.7373249544528813;
(*--------*)
data={25.7871, 23.7399, 23.7539, 22.7541, 22.5351, 22.7336, 24.8437, 24.624, 24.3454, 25.5479, 26.6604, 24.9691, 25.8897, 23.5521, 25.0656, 21.6787, 26.0389, 22.4059, 25.6753, 23.7609, 21.5386, 26.6791, 26.7581, 24.8064, 24.6412, 28.8357, 22.8246, 24.8063, 25.0424, 25.3385, 23.2188, 24.7604, 25.0532, 24.6686, 21.5487, 24.0505, 27.0431, 25.9204, 27.4755, 24.9181, 21.4777, 25.7726, 23.4158, 25.5507, 27.1273, 25.6284, 22.489, 24.6757, 20.4939, 25.5131, 24.9477};