name="jSO CEC17";
dim=50;
bound=3;
testID=4;
(*--------*)
min=0;
max=114.012;
median=28.5127;
mean=57.11727061874608;
std=40.821859875084385;
(*--------*)
data={114.012, 114.012, 28.5127, 28.5127, 28.5127, 114.012, 28.5127, 114.012, 28.5127, 28.5127, 28.5127, 114.012, 98.7209, 97.4131, 114.012, 98.7209, 28.5127, 28.5127, 28.5127, 28.5127, 28.5127, 114.012, 28.5127, 28.5127, 114.012, 28.5127, 28.5127, 114.012, 28.5127, 28.5127, 28.5127, 114.012, 114.012, 28.5127, 114.012, 28.5127, 28.5127, 28.5127, 28.5127, 28.5127, 28.5127, 114.012, 98.7209, 1.55605*^-6, 28.5127, 114.012, 0, 28.5127, 28.5127, 67.856, 28.5127};