name="jSO CEC17";
dim=50;
bound=1;
testID=10;
(*--------*)
min=2237.41;
max=3931.87;
median=3287.32;
mean=3258.3627450980384;
std=389.97208869393944;
(*--------*)
data={3917.76, 3156.62, 3160.14, 2900.94, 3255.77, 3411.07, 2523.22, 3758.83, 3109.63, 2835.06, 3307.75, 2843.95, 3562.51, 3122.73, 3626.55, 3368.61, 3422.43, 2783.58, 3396.82, 3668.17, 3287.32, 3867.28, 3560.54, 3022.77, 2859.96, 2855.78, 3373.72, 3809.09, 2933.15, 3484.04, 3229.18, 3658.03, 2237.41, 3568.12, 3676.72, 2736.63, 3251.5, 3290.51, 3466.31, 2791.18, 2705.91, 3931.87, 2963.36, 3752.26, 3758.5, 3181.86, 3545.58, 2814.16, 3034.95, 2943.72, 3452.95};