name="jSO CEC17";
dim=50;
bound=3;
testID=16;
(*--------*)
min=157.698;
max=780.818;
median=490.865;
mean=511.47129411764706;
std=130.80827795920166;
(*--------*)
data={473.252, 490.865, 252.649, 573.853, 373.182, 515.964, 369.952, 584.426, 487.322, 489.738, 427.062, 591.968, 547.965, 357.206, 491.1, 249.199, 681.926, 667.215, 373.892, 470.163, 439.388, 597.921, 471.297, 709.769, 157.698, 375.746, 646.379, 469.508, 367.553, 687.008, 376.71, 640.143, 356.496, 600.965, 544.856, 765.352, 569.189, 637.579, 603.149, 471.142, 468.976, 477.389, 583.895, 780.818, 480.475, 656.624, 527.825, 553.427, 481.858, 645.036, 471.966};