name="jSO CEC17";
dim=50;
bound=4;
testID=11;
(*--------*)
min=19.2598;
max=33.1325;
median=26.2245;
mean=26.18510588235294;
std=3.1078053701872497;
(*--------*)
data={23.2396, 22.4539, 29.2094, 28.1575, 24.8519, 22.2447, 27.7877, 26.2245, 25.1812, 23.9114, 24.4573, 24.8537, 19.2598, 30.1474, 27.2006, 27.976, 24.2346, 23.2396, 23.2396, 24.4241, 23.3636, 30.1542, 23.2396, 31.1424, 27.1976, 25.4087, 29.1546, 29.1534, 23.2396, 27.2195, 26.3868, 27.2195, 29.2047, 19.7193, 25.2296, 30.1538, 22.6831, 32.1374, 23.2396, 28.1586, 25.7099, 33.1325, 30.1525, 30.1475, 23.4895, 24.276, 23.0721, 27.2198, 26.2245, 28.1585, 28.1575};