name="jSO CEC17";
dim=50;
bound=2;
testID=23;
(*--------*)
min=406.483;
max=445.447;
median=423.775;
mean=423.50368627450985;
std=7.975258509892191;
(*--------*)
data={406.483, 428.598, 422.282, 421.214, 420.915, 440.174, 421.514, 415.973, 424.1, 426.879, 419.546, 424.462, 424.683, 436.95, 427.25, 424.756, 445.447, 423.775, 422.804, 420.25, 408.474, 413.616, 408.701, 424.396, 419.429, 420.644, 428.378, 415.668, 427.764, 432.192, 420.295, 420.946, 430.054, 421.648, 431.764, 421.54, 410.911, 416.775, 445.058, 424.63, 424.537, 418.987, 430.591, 429.531, 416.764, 426.397, 416.527, 424.186, 419.091, 426.729, 424.41};