name="jSO CEC17";
dim=50;
bound=0;
testID=17;
(*--------*)
min=67.5797;
max=457.82;
median=261.239;
mean=276.8350666666667;
std=91.07855793045401;
(*--------*)
data={396.638, 272.663, 384.869, 68.0187, 268.293, 213.444, 260.007, 312.215, 399.006, 249.493, 308.361, 102.312, 209.702, 240.226, 323.172, 372.746, 457.82, 355.082, 233.48, 229.715, 186.251, 309.899, 312.701, 232.396, 391.306, 370.564, 216.385, 261.239, 192.891, 238.94, 267.437, 320.123, 233.917, 137.602, 283.141, 378.387, 129.229, 249.34, 238.053, 403.434, 214.655, 370.796, 67.5797, 448.317, 257.614, 222.547, 245.753, 364.008, 316.118, 375.619, 225.084};