name="jSO CEC17";
dim=50;
bound=1;
testID=14;
(*--------*)
min=21.1463;
max=30.2069;
median=24.0886;
mean=24.46770196078432;
std=2.047540695418794;
(*--------*)
data={23.3922, 22.9941, 24.7556, 25.2654, 30.2069, 25.3553, 23.3449, 25.3467, 21.1463, 27.3211, 23.2241, 21.398, 28.6781, 27.1312, 22.4405, 28.5886, 28.3258, 25.5104, 23.0729, 23.1748, 24.0886, 22.0499, 23.4651, 22.2202, 26.2688, 21.2556, 25.6373, 24.2824, 24.3305, 26.1476, 23.148, 25.7645, 22.7268, 22.4407, 22.9601, 23.5161, 23.2579, 23.1877, 23.2692, 24.1959, 25.6366, 25.7628, 24.0015, 26.4279, 24.3919, 23.5271, 24.4228, 22.1592, 27.7796, 25.342, 23.5156};