name="jSO CEC17";
dim=50;
bound=3;
testID=14;
(*--------*)
min=23.4117;
max=35.649;
median=28.1353;
mean=27.94968431372548;
std=2.263258475682577;
(*--------*)
data={26.1273, 30.3973, 25.3427, 24.3513, 27.2014, 24.2997, 24.0844, 27.0596, 29.1824, 28.2242, 28.4805, 25.0696, 26.0831, 30.5713, 30.4785, 30.6283, 26.3683, 28.4338, 27.1168, 28.3559, 29.5244, 28.3547, 27.3312, 30.4087, 28.1353, 27.0394, 29.316, 33.1392, 29.1308, 23.4117, 27.9357, 35.649, 25.3454, 27.6693, 26.7691, 27.0474, 28.1736, 25.2495, 29.4188, 27.7647, 25.0643, 29.2192, 28.4683, 28.0747, 26.5946, 29.7215, 29.7203, 27.6084, 29.4158, 28.2475, 28.629};