name="jSO CEC17";
dim=50;
bound=3;
testID=21;
(*--------*)
min=217.238;
max=232.854;
median=223.903;
mean=223.76966666666667;
std=2.8388673985705393;
(*--------*)
data={219.55, 220.045, 222.238, 220.672, 227.57, 223.342, 227.581, 220.805, 223.911, 226.594, 226.071, 224.71, 228.064, 226.76, 223.359, 225.488, 219.677, 225.379, 225.705, 222.333, 224.4, 222.875, 223.965, 223.41, 217.238, 219.237, 223.459, 225.643, 224.652, 232.854, 221.77, 220.863, 223.153, 226.366, 226.412, 224.132, 223.903, 225.645, 225.018, 226.759, 221.114, 223.125, 220.485, 222.454, 219.615, 225.635, 223.063, 226.038, 222.369, 225.689, 221.058};