name="jSO CEC17";
dim=50;
bound=3;
testID=8;
(*--------*)
min=11.9478;
max=29.7676;
median=22.9172;
mean=22.683739215686273;
std=3.396986295826254;
(*--------*)
data={26.8686, 21.2253, 18.9108, 27.0058, 20.0499, 21.9359, 27.0658, 22.919, 15.9468, 21.1489, 21.0148, 22.9172, 23.4122, 19.9346, 23.8873, 28.8538, 22.8858, 19.0196, 20.1018, 24.2704, 27.0675, 25.058, 25.4099, 20.0437, 20.039, 24.9055, 22.3771, 23.0096, 20.2471, 22.9205, 11.9478, 23.9267, 21.9987, 19.9515, 26.445, 21.1645, 24.9501, 23.8791, 21.2071, 21.8958, 25.463, 27.9284, 29.7676, 17.9129, 26.1515, 25.1833, 20.9051, 24.5967, 23.0424, 16.9189, 21.1824};