name="jSO CEC17";
dim=50;
bound=4;
testID=16;
(*--------*)
min=136.865;
max=690.148;
median=468.283;
mean=444.93390196078434;
std=127.5171541748411;
(*--------*)
data={436.935, 541.375, 372.361, 424.477, 486.978, 645.859, 376.19, 259.182, 489.621, 472.725, 349.074, 480.306, 416.67, 352.888, 450.373, 690.148, 148.709, 471.407, 573.449, 469.241, 474.373, 468.283, 655.839, 653.818, 593.27, 282.887, 251.519, 355.428, 589.696, 427.317, 357.457, 351.682, 566.265, 258.442, 385.242, 633.606, 528.708, 136.865, 469.81, 468.368, 311.404, 534.242, 553.18, 528.45, 510.115, 361.541, 346.146, 359.625, 430.459, 325.497, 614.127};