name="jSO CEC17";
dim=50;
bound=3;
testID=10;
(*--------*)
min=2372.91;
max=4232.31;
median=3469.17;
mean=3444.4011764705874;
std=364.3827272506042;
(*--------*)
data={3684.91, 3283.48, 2372.91, 3723.73, 3636.88, 3120.11, 3531.07, 3152.5, 3376.4, 3838.22, 3240.22, 3939.45, 3469.62, 3509.85, 3644.29, 3717.39, 3454.83, 3419.16, 3536.5, 3481.27, 3449.77, 3336.96, 3426.99, 3701.16, 4024.43, 4232.31, 3156.05, 3946.75, 2931.9, 3761.74, 3679.12, 3714.84, 3336.22, 3703.54, 3521.89, 3779.18, 3447.69, 3723.45, 3174.77, 2701.61, 3049.05, 2678.36, 3469.17, 2756.46, 3456.38, 3143.8, 3804.29, 3348.09, 2965.26, 3722.05, 3388.39};