name="jSO CEC17";
dim=50;
bound=5;
testID=21;
(*--------*)
min=210.191;
max=225.155;
median=216.993;
mean=217.03758823529407;
std=2.958452481798352;
(*--------*)
data={220.829, 218.286, 213.286, 216.047, 217.176, 217.413, 213.317, 215.988, 214.676, 219.81, 219.261, 215.355, 214.019, 217.236, 220.717, 211.666, 221.281, 220.269, 213.71, 216.845, 225.155, 212.675, 215.069, 214.563, 212.047, 223.547, 217.589, 218.263, 215.899, 217.439, 219.463, 216.993, 210.191, 216.162, 217.251, 218.92, 221.032, 220.739, 217.273, 219.527, 215.455, 218.385, 216.885, 217.81, 215.257, 214.989, 216.99, 215.774, 216.56, 218.749, 215.079};