name="jSO CEC17";
dim=50;
bound=1;
testID=21;
(*--------*)
min=206.519;
max=224.056;
median=217.01;
mean=216.6192352941176;
std=3.3281762368494574;
(*--------*)
data={206.519, 215.151, 222.151, 217.419, 222.043, 217.547, 217.965, 217.846, 217.687, 217.018, 222.844, 215.795, 218.476, 217.124, 217.943, 219.407, 221.757, 218.545, 218.744, 224.056, 216.073, 215.297, 214.312, 216.751, 211.358, 216.127, 216.315, 214.262, 213.405, 216.309, 215.655, 210.518, 218.472, 219.83, 215.792, 212.719, 214.592, 219.468, 218.032, 220.434, 210.642, 218.923, 217.01, 214.662, 215.347, 212.442, 216.317, 217.167, 217.482, 213.331, 212.5};