name="jSO CEC17";
dim=50;
bound=2;
testID=12;
(*--------*)
min=253.242;
max=2282.13;
median=1451.86;
mean=1397.23968627451;
std=399.93554258162607;
(*--------*)
data={1852.14, 2083.23, 1975.65, 1284.6, 1739.91, 1889.67, 1720.8, 1208.93, 1369.29, 1684.81, 1515.54, 1051.4, 1649.39, 801.138, 887.061, 1159.11, 1430.39, 1067.3, 1124.71, 253.242, 1672.93, 1594.05, 1379, 853.597, 1911.15, 969.237, 1548.6, 1778.61, 1344.42, 858.986, 1766.03, 1507.17, 1451.86, 752.336, 1225.45, 1313.57, 1565.91, 1048.65, 1569.74, 741.527, 1059.9, 1171.77, 1628.51, 1604.49, 1558.36, 2282.13, 1855.84, 990.16, 1600.1, 1477.48, 1429.35};