name="jSO CEC17";
dim=50;
bound=0;
testID=27;
(*--------*)
min=491.01;
max=572.832;
median=510.125;
mean=511.07858823529415;
std=13.738439294441664;
(*--------*)
data={518.395, 508.86, 519.442, 516.579, 494.85, 495.304, 502.963, 500.278, 520.128, 523.259, 520.97, 501.572, 496.453, 502.151, 521.862, 494.235, 519.931, 527.61, 508.119, 496.386, 511.102, 500.143, 524.548, 519.588, 504.428, 500.359, 495.66, 504.095, 516.77, 530.465, 505.343, 500.277, 514.449, 508.498, 521.313, 519.885, 501.227, 504.318, 518.134, 505.252, 491.01, 512.919, 511.659, 493.134, 516.527, 512.238, 510.125, 572.832, 527.621, 521.921, 499.821};