name="jSO CEC17";
dim=50;
bound=1;
testID=29;
(*--------*)
min=317.923;
max=393.61;
median=355.989;
mean=357.9234509803922;
std=16.480690860899887;
(*--------*)
data={350.914, 367.979, 341.248, 359.892, 361.843, 351.693, 364.053, 344.647, 381.685, 352.047, 317.923, 349.232, 349.504, 349.027, 393.61, 349.39, 377.986, 368.942, 368.499, 365.265, 365.694, 373.03, 381.427, 369.142, 374.086, 339.636, 376.167, 370.053, 355.989, 352.052, 368.451, 362.919, 340.478, 332.288, 361.624, 336.039, 337.205, 355.514, 327.675, 344.081, 354.531, 343.911, 379.563, 354.627, 359.288, 354.578, 382.12, 340.538, 382.734, 379.008, 334.269};