name="jSO CEC17";
dim=50;
bound=0;
testID=22;
(*--------*)
min=100;
max=4466.6;
median=100;
mean=1390.238019607843;
std=1774.0475476908673;
(*--------*)
data={100, 100, 100, 100, 3661.98, 100, 3271.93, 3665.04, 4081.58, 100, 4001.05, 100, 100, 100, 100, 100, 4466.6, 100, 100, 102.957, 100, 3329.39, 100, 4044.47, 3762.45, 3629.09, 100, 100, 3650.62, 100, 3694.39, 100, 100.013, 100, 100, 100, 100, 3472.97, 100, 100, 3868.22, 3906.53, 100, 104.599, 100, 100, 3765.89, 3205.86, 100, 100, 4116.51};