name="jSO CEC17";
dim=50;
bound=0;
testID=25;
(*--------*)
min=480.231;
max=491.861;
median=480.244;
mean=481.3866470588236;
std=3.4853558258721837;
(*--------*)
data={480.287, 480.255, 480.235, 480.256, 480.257, 480.234, 480.244, 480.231, 480.235, 480.235, 480.243, 480.235, 480.231, 480.235, 480.24, 480.239, 480.259, 480.271, 480.286, 480.256, 491.859, 480.243, 480.235, 480.235, 480.273, 480.235, 480.257, 480.234, 480.239, 480.283, 491.861, 491.86, 480.243, 480.241, 480.235, 480.238, 480.256, 480.235, 480.235, 480.259, 480.256, 480.256, 491.842, 480.257, 480.259, 480.244, 480.257, 480.266, 480.235, 480.279, 491.848};