name="jSO CEC17";
dim=5;
bound=3;
testID=5;
(*--------*)
min=0.;
max=0.99495906;
median=0.;
mean=0.117217861;
std=0.27155199195775404;
(*--------*)
data={0.62409932, 0.99495906, 0.62409932, 0., 0., 0., 0., 0., 0., 0., 0., 0.62409932, 0., 0., 0., 0., 0., 0.62602381, 0., 0.0169316, 0., 0., 0., 0.00008301, 0.00624039, 0., 0., 0., 0., 0.};