name="jSO CEC17";
dim=5;
bound=3;
testID=10;
(*--------*)
min=0.;
max=347.36691594;
median=200.;
mean=169.86691323433334;
std=100.86245245141109;
(*--------*)
data={300.0000774, 100.15128614, 100.0263476, 0., 102.47152339, 300., 300., 200., 100.11290777, 297.67057755, 100.08434688, 100.04163523, 347.36691594, 100.18593813, 200.00000001, 100.28434522, 200.00000001, 100.06208257, 300., 200.00003658, 100.09345191, 200.0229023, 200.00000231, 347.36691594, 0., 200., 100.06601949, 200.00000011, 0., 200.00008455};