name="jSO CEC17";
dim=5;
bound=5;
testID=8;
(*--------*)
min=0.;
max=14.24218908;
median=0.;
mean=0.9376312053333333;
std=3.018325547653017;
(*--------*)
data={0., 0., 4.61*^-6, 0., 0.67412892, 0., 1.*^-8, 0., 0., 0., 0., 9.79*^-6, 2.*^-8, 0., 0., 0., 0.00046826, 0., 0., 0., 0., 0.00012931, 14.24218908, 0., 0., 6.60598601, 0., 6.6060201, 0., 5.*^-8};