name="jSO CEC17";
dim=5;
bound=1;
testID=5;
(*--------*)
min=0.;
max=1.61905838;
median=6.085*^-6;
mean=0.32042136633333335;
std=0.4577018627667471;
(*--------*)
data={0., 0., 0.00001154, 0.62409932, 0.62409932, 0.62409932, 1.61905838, 0., 6.3*^-7, 0.13279385, 0., 0.62409932, 0.62409932, 0., 0., 0.62409932, 0.62409932, 0.62409932, 0.62409932, 0., 0., 0.62409932, 0., 0., 1.61905838, 0., 0., 0.00072501, 0., 0.};