name="jSO CEC17";
dim=5;
bound=3;
testID=9;
(*--------*)
min=0.;
max=100.00000013;
median=0.000063555;
mean=26.90812647933334;
std=44.84653677117303;
(*--------*)
data={8.*^-8, 0., 3.2*^-7, 7.*^-8, 0.32384716, 2.46*^-6, 100., 0.0000437, 100., 0., 0.00008341, 100., 4.8*^-6, 6.81519225, 100., 0.00089516, 100.00000013, 2.5*^-7, 0., 100., 100., 0., 0., 4.94*^-6, 0.10157203, 2.61*^-6, 100., 5.09*^-6, 0.00182705, 0.00031287};