name="jSO CEC17";
dim=5;
bound=2;
testID=9;
(*--------*)
min=0.;
max=100.;
median=0.01983188;
mean=20.403725403000003;
std=40.49351667357682;
(*--------*)
data={0.00229026, 0., 100., 0., 0., 0., 0., 0.00056245, 1.0521275, 100., 8.65*^-6, 0.00025203, 0.12235255, 0.02724601, 0.06586796, 100., 100., 2.63874879, 0.0000933, 100., 100., 0., 0.01241775, 1.6*^-7, 2.65778392, 0.27354022, 0., 6.3*^-7, 5.11193751, 0.1465324};