name="jSO CEC17";
dim=5;
bound=1;
testID=2;
(*--------*)
min=0.;
max=62.3481649;
median=6.958963975;
mean=13.86184291933333;
std=18.47621790712519;
(*--------*)
data={18.5858278, 0., 7.07917819, 62.04648265, 8.36702381, 30.23675811, 6.82938022, 23.53227688, 62.04494947, 0.37469695, 0.24979797, 7.07917819, 6.9542792, 13.53386146, 7.10956042, 0.12489898, 6.9542792, 6.82938022, 0.24979797, 6.96364875, 0.37469695, 23.53227688, 0.37469696, 2.4810038, 62.3481649, 30.23675811, 0.37469695, 6.9542792, 7.07917819, 6.9542792};