name="jSO CEC17";
dim=5;
bound=4;
testID=9;
(*--------*)
min=0.;
max=100.;
median=0.002330745;
mean=31.88426887333333;
std=45.99015752625522;
(*--------*)
data={1.*^-7, 0., 100., 0., 0.00388593, 100., 0., 0.00077556, 100., 2.*^-8, 7.*^-8, 0., 3.*^-8, 1.1330848, 0.00416429, 6.3*^-7, 100., 100., 0., 100., 100., 15.11914925, 100., 0.00016589, 0., 0., 100., 0.19151216, 0., 40.07532747};