name="jSO CEC17";
dim=5;
bound=2;
testID=10;
(*--------*)
min=0.;
max=347.36691737;
median=200.;
mean=177.23959579299998;
std=94.79506556641209;
(*--------*)
data={100.05601073, 203.95688328, 300.000089, 200.00017621, 100.02745344, 100.37382636, 300., 100.09836221, 259.33642416, 0., 300., 100.0332702, 200., 300., 200.29635833, 0., 100.08084786, 100.00554338, 200.00000272, 305.25724653, 347.36691737, 100.09234466, 200., 100.06126598, 100.03025663, 100.11455939, 200., 200.00003535, 200., 300.};