name="jSO CEC17";
dim=5;
bound=0;
testID=4;
(*--------*)
min=0.;
max=0.21083528;
median=0.07442900499999999;
mean=0.06944915233333332;
std=0.06154021686769492;
(*--------*)
data={0.05966651, 0.17869728, 3.4*^-7, 0., 0.08130975, 6.28*^-6, 0.08010627, 0.11722474, 0.12849248, 0.13012999, 0., 0., 0.11407088, 0.0497189, 0.07721095, 0., 0.07778783, 7.2*^-7, 0.07164706, 0., 0.08024078, 0.08592495, 0.13736581, 0.21083528, 0.04957997, 0.11725861, 0.01974963, 0., 0.17538853, 0.04106103};