name="jSO CEC17";
dim=5;
bound=5;
testID=5;
(*--------*)
min=0.;
max=0.62410667;
median=0.;
mean=0.08389695966666667;
std=0.21551969446263927;
(*--------*)
data={0., 0., 0., 0., 0., 0., 0.0060957, 8.35*^-6, 0., 0., 0., 0., 0., 0., 0.00109686, 0.62409932, 0., 0.62409932, 0., 0.00002035, 0., 0.0022358, 0.62410667, 0., 0., 0.0110471, 0., 0., 0.62409932, 0.};