name="jSO CEC17";
dim=5;
bound=0;
testID=10;
(*--------*)
min=0.;
max=300.;
median=100.11016759500001;
mean=119.77630159733333;
std=90.3068622975354;
(*--------*)
data={100.04876168, 200.06919356, 100.09535504, 200.00012223, 200.24910316, 8.*^-8, 200.01250275, 300., 100.09636713, 201.51598164, 264.87914962, 100.10400323, 0., 100.11633196, 100.0266933, 124.94467997, 100.38334887, 100.19382506, 0., 100.02739335, 300., 200.00000001, 200.29089254, 0., 100.02565202, 100.17033097, 100.0392237, 0., 1.2*^-6, 0.00013485};