name="jSO CEC17";
dim=5;
bound=5;
testID=6;
(*--------*)
min=0.;
max=1.09*^-6;
median=0.;
mean=3.6333333333333334*^-8;
std=1.990058625602104*^-7;
(*--------*)
data={0., 0., 0., 0., 0., 0., 0., 0., 0., 0., 0., 0., 0., 0., 1.09*^-6, 0., 0., 0., 0., 0., 0., 0., 0., 0., 0., 0., 0., 0., 0., 0.};