name="jSO CEC17";
dim=5;
bound=2;
testID=3;
(*--------*)
min=0.;
max=5.99265904;
median=5.23834309;
mean=4.027149430333334;
std=2.0113427062612588;
(*--------*)
data={5.39916906, 5.14822802, 5.514769, 3.60259328, 5.14822797, 0.99495906, 0.17008267, 1.99017559, 0.99495906, 5.99265904, 0.99496189, 5.78420049, 5.3515784, 2.60956972, 5.16779876, 5.38311648, 5.76869795, 5.59063011, 5.30888742, 5.38311713, 1.98991811, 0.99495906, 5.38311648, 3.27703448, 5.41822493, 0., 5.41465106, 5.14823974, 5.50538679, 5.38457116};