name="jSO CEC17";
dim=5;
bound=4;
testID=4;
(*--------*)
min=0.;
max=0.17433964;
median=0.04612184;
mean=0.06548695733333333;
std=0.057434631594913244;
(*--------*)
data={4.6*^-6, 0.01364647, 0.17433964, 0.14255148, 0.04265908, 0.10841652, 0.12069974, 0.02014474, 0.06817955, 0.0098793, 0.16212929, 0., 0., 0.05246745, 0.10486009, 0.13155354, 0.11146913, 0., 0.0495846, 0.0936235, 0.14812491, 0.02790652, 0.00996839, 0.13184807, 0.02991854, 0.1217214, 0.03953331, 0., 0.0394809, 0.00989796};