name="jSO CEC17";
dim=5;
bound=3;
testID=3;
(*--------*)
min=0.00360423;
max=6.42070137;
median=5.14822797;
mean=3.868518077666666;
std=2.223478817978476;
(*--------*)
data={0.67836457, 5.54482919, 5.41464992, 5.48172359, 5.54377583, 0.00360423, 5.38311648, 6.21427131, 5.3997349, 1.1110067, 5.14822834, 3.83448815, 5.14822797, 1.14571922, 4.74040159, 5.94732723, 6.42070137, 1.33649739, 5.14822797, 5.80023151, 5.38311648, 0.99495994, 5.14822797, 5.3208006, 0.99495906, 0.62902012, 0.61302719, 0.99495906, 5.38311648, 5.14822797};