name="jSO CEC17";
dim=5;
bound=5;
testID=2;
(*--------*)
min=0.12489898;
max=7.98458179;
median=0.436853535;
mean=2.595345640666667;
std=3.221551570809841;
(*--------*)
data={0.24979797, 6.82938023, 0.26057674, 0.37469695, 6.92964969, 0.24979797, 6.9542792, 0.49754714, 6.82938022, 0.24979833, 7.98458179, 0.37479348, 0.24979797, 0.37469713, 0.56269996, 0.12489898, 0.37469695, 0.24979797, 0.37615993, 7.07917819, 0.49959594, 0.24979797, 0.12489898, 7.01045376, 7.07917819, 0.12489898, 1.06168404, 0.62449492, 6.9542792, 6.95488045};