name="jSO CEC17";
dim=5;
bound=4;
testID=6;
(*--------*)
min=0.;
max=4.6*^-7;
median=0.;
mean=1.5333333333333332*^-8;
std=8.398412548412548*^-8;
(*--------*)
data={0., 0., 0., 0., 0., 0., 0., 0., 0., 0., 0., 0., 0., 0., 0., 0., 0., 0., 0., 0., 0., 0., 0., 0., 0., 0., 0., 0., 4.6*^-7, 0.};