name="jSO CEC17";
dim=5;
bound=1;
testID=6;
(*--------*)
min=0.;
max=0.00474317;
median=0.;
mean=0.00015810566666666666;
std=0.0008659804010272598;
(*--------*)
data={0., 0., 0., 0., 0., 0., 0.00474317, 0., 0., 0., 0., 0., 0., 0., 0., 0., 0., 0., 0., 0., 0., 0., 0., 0., 0., 0., 0., 0., 0., 0.};