name="jSO CEC17";
dim=5;
bound=3;
testID=6;
(*--------*)
min=3.*^-8;
max=0.00153337;
median=3.*^-8;
mean=0.000051141333333333345;
std=0.0002799483021083239;
(*--------*)
data={3.*^-8, 3.*^-8, 3.*^-8, 3.*^-8, 3.*^-8, 3.*^-8, 3.*^-8, 3.*^-8, 3.*^-8, 3.*^-8, 3.*^-8, 3.*^-8, 3.*^-8, 3.*^-8, 3.*^-8, 3.*^-8, 3.*^-8, 3.*^-8, 3.*^-8, 3.*^-8, 3.*^-8, 3.*^-8, 0.00153337, 3.*^-8, 3.*^-8, 3.*^-8, 3.*^-8, 3.*^-8, 3.*^-8, 3.*^-8};