name="jSO CEC17";
dim=5;
bound=5;
testID=10;
(*--------*)
min=0.;
max=347.3697785;
median=200.00000002000002;
mean=174.99849673300002;
std=96.96471630650767;
(*--------*)
data={100.02719271, 100.40336341, 100.00900264, 200.39928226, 100.16691901, 300., 200.00000004, 100.01634924, 100.05131936, 300., 100.03352895, 100.0168563, 200., 100.05277145, 0.0007506, 100.01109587, 100.68996372, 200.00000934, 200.66245354, 200.00025697, 347.3697785, 200.0000002, 200.00216533, 300., 100.04184255, 300., 300., 0., 300., 300.};