name="jSO CEC17";
dim=5;
bound=1;
testID=3;
(*--------*)
min=0.00005172;
max=6.25455977;
median=5.309571034999999;
mean=4.124984516666668;
std=2.083737763799986;
(*--------*)
data={5.41464999, 0.99495906, 6.25455977, 5.14822797, 5.38311648, 0.99495906, 5.58718031, 5.41464992, 1.28480992, 5.66560415, 5.69421947, 1.28437935, 0.99495968, 5.38311849, 1.13842991, 5.14822797, 5.31024709, 5.41464996, 0.9956236, 0.00005172, 5.64986266, 5.38311648, 5.65933492, 5.13406002, 5.30889498, 5.14837859, 1.61613669, 5.81178271, 5.14822797, 5.38311661};