name="jSO CEC17";
dim=5;
bound=5;
testID=4;
(*--------*)
min=0.;
max=0.17693672;
median=0.07507913499999999;
mean=0.07659178600000001;
std=0.059992270409387455;
(*--------*)
data={0.11060077, 0.02309887, 0.00012099, 0., 0.10468218, 0.13016944, 0.04124647, 0.08075016, 0.14336721, 0.01570141, 0.05053187, 0., 0.12862743, 0.11584496, 2.24*^-6, 2.6*^-7, 0.04631358, 0.1362753, 0.12740678, 0.11748888, 0.16920079, 0.14733584, 0.10346193, 0.03318868, 0., 0.06940811, 0.16136732, 0.00988336, 0.05474203, 0.17693672};