name="jSO CEC17";
dim=5;
bound=2;
testID=4;
(*--------*)
min=0.;
max=0.24119221;
median=0.093570185;
mean=0.09252605066666668;
std=0.07270571878926983;
(*--------*)
data={0.11941508, 0., 0.07427405, 0.08362265, 0.12393642, 0.13202037, 0.22478806, 0.2128054, 0.24119221, 0.14284921, 0.13413024, 0.1901944, 0., 0.0493234, 0., 0.11892438, 0.16274733, 0.0526571, 0., 0.16177348, 0.12694903, 0.04995303, 0., 0.10351772, 0.04168626, 0.11722797, 0., 0.04015714, 0.058386, 0.01325059};