name="jSO CEC17";
dim=5;
bound=1;
testID=4;
(*--------*)
min=0.;
max=0.22837856;
median=0.07469695;
mean=0.07853324133333332;
std=0.07218119905729058;
(*--------*)
data={0.03140068, 0.07786609, 0.1609499, 0.00001665, 0., 0.13564336, 0.0350146, 0.13241816, 0.12611534, 0., 0., 1.74*^-6, 0.00142909, 0.22837856, 0.19769428, 0.14818738, 0.11982796, 0., 0.12739434, 0.07152781, 0.05528821, 0., 0.01010208, 0.13618285, 0.15272778, 0., 0.09848746, 0.17955239, 0.118753, 0.01103753};