name="jSO CEC17";
dim=5;
bound=2;
testID=8;
(*--------*)
min=0.;
max=0.00794714;
median=0.;
mean=0.000329047;
std=0.001453012128103144;
(*--------*)
data={0.0000387, 0., 0., 0.00023148, 0.00021526, 0., 0., 0.00002117, 1.*^-7, 5.84*^-6, 0., 0., 0., 7.38*^-6, 1.5*^-7, 0., 0., 0., 0., 1.12*^-6, 0., 0., 0., 0., 0., 0.00036172, 0., 0., 0.00104135, 0.00794714};