name="jSO CEC17";
dim=5;
bound=4;
testID=5;
(*--------*)
min=0.;
max=0.62409932;
median=0.;
mean=0.10732405399999999;
std=0.23554269035378803;
(*--------*)
data={0., 0., 0., 0., 0., 4.*^-8, 0., 0.01693101, 0.00019418, 0.62409932, 0.62409932, 0., 0.62409932, 0., 1.7*^-7, 0., 0., 0., 0., 0., 0., 9.26*^-6, 0.00025257, 0., 0.62409932, 0., 2.*^-8, 0.08183777, 0.62409932, 0.};