name="jSO CEC17";
dim=5;
bound=2;
testID=5;
(*--------*)
min=0.;
max=0.99495906;
median=0.;
mean=0.19126081233333334;
std=0.3331912607621061;
(*--------*)
data={0.62409932, 0., 0., 0.62409932, 0.62409932, 0., 0., 0.99495906, 0., 0.62409932, 0., 0., 0.62409932, 0., 0., 0., 0., 0., 0., 0.99495906, 0., 0., 0., 1.35*^-6, 0., 0.62409932, 0., 0., 0.00011874, 0.00319024};