name="jSO CEC17";
dim=5;
bound=3;
testID=2;
(*--------*)
min=0.12489898;
max=118.56507034;
median=0.49959594;
mean=6.755181269000001;
std=21.45014945057471;
(*--------*)
data={6.95428116, 0.12489898, 0.24979797, 0.24979797, 13.53386146, 10.84010571, 0.21692047, 0.49959594, 6.82938022, 2.55668925, 6.9542792, 0.45470989, 2.52070678, 0.24979797, 0.49959594, 0.41535364, 0.37469776, 7.07917819, 7.07917819, 0.49959594, 0.49959594, 0.24979797, 0.24979797, 118.56507034, 6.95427921, 0.24979797, 0.249798, 6.83038312, 0.12489898, 0.49959594};