name="jSO CEC17";
dim=5;
bound=4;
testID=3;
(*--------*)
min=0.;
max=5.94483816;
median=5.148818125;
mean=4.251910268333332;
std=1.915653479791154;
(*--------*)
data={0.25623584, 4.81007982, 5.14940464, 1.64309712, 1.28427975, 1.366206, 5.80478031, 0.99495906, 5.14822797, 5.39137013, 5.39917602, 5.14822797, 5.41605386, 5.39228705, 5.15368782, 5.14823161, 5.14822797, 5.38311648, 2.65068851, 5.49133635, 1.60798819, 5.94483816, 0., 5.30888766, 5.49133618, 5.16970208, 5.14822797, 5.14822797, 5.75819417, 5.80023139};