name="jSO CEC17";
dim=5;
bound=2;
testID=2;
(*--------*)
min=0.;
max=11.70885428;
median=0.38394408;
mean=3.0694877803333336;
std=3.6432890326918166;
(*--------*)
data={6.70448124, 0.12489898, 0.37469695, 0.12489904, 0., 0.12489898, 3.*^-8, 7.2974154, 6.82938022, 0.37526092, 0.24979797, 6.11*^-6, 6.9542792, 11.70885428, 0.24979797, 0.04936623, 0.24979797, 6.9542792, 6.9542792, 0.16529173, 6.82938022, 0.49959594, 7.00791174, 0.38275902, 0.38512914, 0.24979797, 6.82938022, 6.83021601, 7.07917819, 0.49960334};