name="jSO CEC17";
dim=5;
bound=4;
testID=2;
(*--------*)
min=0.12489898;
max=125.14281585;
median=6.803462865;
mean=8.975554233333332;
std=22.38037818710624;
(*--------*)
data={0.12489898, 0.37469695, 0.49959594, 0.37469696, 0.56988563, 7.20956341, 7.07917819, 13.65876044, 0.37469695, 13.65876044, 0.37469695, 15.05830871, 7.0851047, 0.12489898, 6.9542792, 7.08003057, 6.82938022, 125.14281585, 0.37469747, 6.77754551, 0.24979797, 0.37469695, 6.9542792, 6.70448124, 7.06503059, 7.07917819, 7.07917819, 0.37469695, 6.95431443, 6.70448124};