name="jSO CEC17";
dim=5;
bound=4;
testID=8;
(*--------*)
min=0.;
max=11.06032899;
median=0.;
mean=1.3685656263333335;
std=3.550977376453266;
(*--------*)
data={0., 0., 0., 11.06032899, 0., 0., 9.99219131, 3.*^-8, 0.0004016, 0., 0., 0., 0., 0., 0., 9.99219131, 0., 0., 0., 0., 0., 9.99219131, 1.2*^-7, 2.*^-8, 0., 0., 0., 0.01966384, 2.6*^-7, 0.};