name="jSO CEC17";
dim=5;
bound=0;
testID=3;
(*--------*)
min=0.;
max=6.10139416;
median=4.87083902;
mean=3.5602891509999988;
std=2.245268651216834;
(*--------*)
data={3.7*^-7, 4.59345007, 5.14822797, 5.38914317, 5.14823618, 4.23665121, 5.92083094, 5.51288731, 3.67593825, 0.03249143, 5.49133618, 5.41464992, 0., 0.61302719, 0.85613781, 5.14822797, 5.38311648, 5.14822797, 5.14822797, 3.59433243, 0.61361253, 5.63405763, 5.14822797, 2.69880429, 2.76688356, 0., 5.66559102, 0.72994416, 6.10139416, 0.99501839};