name="jSO CEC17";
dim=5;
bound=0;
testID=2;
(*--------*)
min=0.;
max=7.08003403;
median=0.374696955;
mean=1.8680864629999998;
std=2.857534395142325;
(*--------*)
data={0.24979797, 0.37470349, 6.9542792, 0.12489898, 0.37469695, 7.07918596, 0.37469695, 0.20051382, 0.24979797, 0.24979797, 7.08003403, 0.37469695, 0.37469695, 0.39677057, 0., 0.37469718, 6.82938022, 0.24979797, 0.2052051, 7.07917819, 0.49970845, 0.33042739, 0.37469696, 0.73318303, 0.49959594, 0.12489898, 6.82938039, 6.82938022, 0.24979797, 0.37469814};