name="jSO CEC17";
dim=5;
bound=3;
testID=8;
(*--------*)
min=0.;
max=10.25583644;
median=0.;
mean=0.34187192166666663;
std=1.8724489663012323;
(*--------*)
data={10.25583644, 0., 0., 0., 4.*^-8, 0., 0., 0., 4.*^-8, 0., 0., 0., 0.00016051, 0., 6.*^-7, 0., 0., 0., 0., 0.00016, 0., 0., 0., 2.*^-8, 0., 0., 0., 0., 0., 0.};