name="jSO CEC17";
dim=5;
bound=1;
testID=8;
(*--------*)
min=0.;
max=14.58320825;
median=0.;
mean=1.2409053123333333;
std=3.681674012671692;
(*--------*)
data={0., 9.99219131, 0., 0.00071218, 0., 0., 1.47263572, 0., 1.26*^-6, 0., 0.01599011, 0., 2.2*^-7, 0., 0., 0., 0., 0., 11.1624191, 0., 2.9*^-7, 0., 0., 0., 0., 9.*^-8, 8.4*^-7, 14.58320825, 0., 0.};