name="jSO CEC17";
dim=5;
bound=0;
testID=9;
(*--------*)
min=0.;
max=100.;
median=0.00258286;
mean=17.770472822000002;
std=37.729713782860266;
(*--------*)
data={0.1809196, 0.00123919, 0., 0., 0.00009336, 1.81538833, 0.00400788, 100., 0., 100., 1.46214069, 0.26974475, 0.00392653, 100., 100., 0., 27.35936105, 0., 0.00016864, 0., 1.05388725, 100., 0.95630014, 0., 0., 0., 0.00698238, 0.00002486, 0., 1.*^-8};