name="jSO CEC17";
dim=5;
bound=0;
testID=8;
(*--------*)
min=0.;
max=9.99219131;
median=0.;
mean=0.8909304196666668;
std=2.752049771475136;
(*--------*)
data={0., 0., 6.61486222, 0., 0.00003, 0., 0., 9.4*^-7, 9.99219131, 0.05098639, 0., 0., 0.00002981, 2.07*^-6, 0., 3.22*^-6, 9.99219131, 0., 0., 0., 0., 0.07404193, 0., 0.00005037, 0., 0., 0., 0., 0.00352302, 0.};