name="jSO CEC17";
dim=5;
bound=1;
testID=10;
(*--------*)
min=0.;
max=347.36691594;
median=100.08266667000001;
mean=124.96573249733333;
std=100.4290618870522;
(*--------*)
data={0., 200., 100.07801813, 0.00192283, 0., 100.08644039, 300., 0., 0., 100.19554257, 100.13436329, 100.10236734, 100.16589173, 100.07889295, 300., 347.36691594, 100.07742169, 100.4171516, 100.01323119, 100.01551399, 100.01431276, 100.0201806, 300., 100.13890156, 100.03436, 300., 200.01104501, 100.01950125, 0., 200.0000001};