name="jSO CEC17";
dim=5;
bound=4;
testID=10;
(*--------*)
min=0.;
max=300.;
median=100.247246975;
mean=142.08021543366667;
std=87.54597524048854;
(*--------*)
data={200., 200.09385027, 200.00828615, 300., 200.00000041, 100.16697402, 200.00000037, 200.00003853, 100.01669644, 200.00000124, 101.49786217, 100.19818798, 100.01690047, 0., 100.1344553, 100.06398266, 200.00160657, 259.08352778, 0., 100.00857286, 200.28024823, 300., 100.23536995, 100.02614224, 100.19408365, 100.12055172, 0., 0., 100.259124, 300.};