name="jSO CEC17";
dim=5;
bound=5;
testID=3;
(*--------*)
min=0.33529137;
max=6.66350761;
median=5.253464055;
mean=4.805991107333333;
std=1.3979834383941359;
(*--------*)
data={6.03228686, 1.98996923, 5.87589422, 6.02409954, 5.92937516, 5.41464992, 6.66350761, 5.14822803, 5.40893751, 5.19387483, 0.33529137, 5.38311648, 2.62105284, 5.17179847, 5.41465049, 5.66717177, 4.60428245, 4.59297852, 5.19801523, 4.20908832, 1.9942311, 5.66990748, 5.14822797, 5.38311648, 3.54129845, 5.47229863, 4.97480397, 5.30891288, 4.39575815, 5.41290926};