name="jSO CEC17";
dim=5;
bound=5;
testID=9;
(*--------*)
min=0.;
max=100.;
median=0.00046104;
mean=24.557436056333337;
std=42.84332169492238;
(*--------*)
data={100., 100., 100., 0.00028661, 3.01*^-6, 0., 3.25*^-6, 0., 100., 0., 0.00015766, 0., 0.00424886, 0., 0.02489276, 0.00219505, 0.00022901, 0., 0.00063547, 0.0440611, 100., 0.23775961, 36.37204617, 1.44*^-6, 0., 100., 0.00013939, 0.00016108, 100., 0.03626122};