name="jSO CEC17";
dim=5;
bound=0;
testID=5;
(*--------*)
min=0.;
max=1.61905838;
median=5.0750000000000005*^-6;
mean=0.2673418466666666;
std=0.424986155910425;
(*--------*)
data={0., 0., 0.62409932, 0.99495906, 0., 0., 0.62409934, 0.00002866, 0., 0., 0., 0.00032452, 0., 0., 0., 0.00001581, 0.99495906, 0.66547636, 0.62409932, 0.62409932, 0.62409932, 1.61905838, 0., 9.*^-8, 0.00015659, 0., 0.62477019, 0.00001006, 0., 0.};