name="jSO CEC17";
dim=5;
bound=3;
testID=4;
(*--------*)
min=0.;
max=0.24299623;
median=0.08103118000000001;
mean=0.079962136;
std=0.07482632947876858;
(*--------*)
data={0.20585969, 0.08296069, 0.00988358, 0.09076907, 0., 0., 0.16147584, 0.00052203, 0.07910167, 0.24299623, 0.09612844, 0., 0.02062382, 0.16095449, 5.1*^-7, 0., 0.03957029, 0.15691716, 0.05590389, 0.00988053, 0.18000557, 0.00147096, 0.12983886, 0.12383122, 0.1785269, 0.1307116, 0.10091832, 0.01217829, 0.12783443, 0.};