name="jSO CEC17";
dim=5;
bound=1;
testID=9;
(*--------*)
min=0.;
max=100.;
median=100.;
mean=54.28470794666667;
std=49.83957716072777;
(*--------*)
data={0.00053602, 100., 100., 100., 0., 100., 100., 6.1*^-7, 6.92353136, 1.49*^-6, 0.00210699, 100., 0.06052494, 100., 19.73038971, 100., 100., 0., 0., 0., 100., 0.04184044, 1.78230684, 100., 100., 100., 100., 100., 0., 100.};