name="iCMAES-ILS CEC13";
dim=50;
bound=2;
testID=7;
(*--------*)
min=7.686739*^-9;
max=5.613474;
median=0.02000898;
mean=0.48050226418959796;
std=1.210615239470797;
(*--------*)
data={0.0187868, 5.174858*^-7, 0.0007798985000000001, 7.686739*^-9, 0.029547669999999998, 9.727695000000001*^-8, 8.54951*^-9, 9.224890000000001*^-9, 0.09426556, 0.0272451, 0.00007233955000000001, 9.396991*^-9, 9.857556000000002*^-9, 0.06353214, 8.693949999999999*^-9, 1.447473, 0.0550478, 2.590743, 9.393795000000001*^-6, 5.613474, 0.006777802, 0.08433839000000001, 0.02000898, 0.050618210000000004, 9.782887000000001*^-9, 0.1260706, 0.046235780000000004, 9.536581*^-9, 0.02228532, 0.07359457, 0.03776177, 0.01500921, 0.058194850000000006, 5.5130080000000004*^-8, 0.030830890000000003, 0.051824209999999996, 0.01621612, 0.005930268, 2.775521, 4.938263, 0.004552413, 9.486659*^-9, 2.570518, 8.571935*^-9, 0.0758247, 0.10241290000000002, 9.309897*^-9, 1.769964, 1.681885, 9.546365*^-9, 9.28771*^-9};