name="iCMAES-ILS CEC13";
dim=50;
bound=4;
testID=3;
(*--------*)
min=7.137703*^-9;
max=0.6137238;
median=9.557451*^-9;
mean=0.014966193067669943;
std=0.0866726957286167;
(*--------*)
data={0.01118922, 2.88343*^-6, 0.09622774, 8.588875*^-9, 9.6564*^-9, 0.030651229999999998, 7.137703*^-9, 8.627754*^-9, 8.630289*^-9, 8.995672000000001*^-9, 9.281405*^-9, 8.125279000000001*^-9, 0.001040558, 9.484617*^-9, 0.00001521439, 0.001844207, 7.60652*^-9, 0.006579509, 9.584549000000001*^-9, 5.5858579999999994*^-6, 8.25919*^-9, 0.001103213, 9.724001*^-9, 9.832197000000002*^-9, 2.332999*^-6, 5.267997*^-8, 9.409734*^-9, 9.69531*^-9, 8.765379*^-9, 9.215636000000001*^-9, 6.807493999999999*^-7, 9.544242*^-9, 9.319349000000001*^-9, 7.917774000000001*^-9, 0.0008800615000000001, 9.386314000000001*^-9, 8.044104*^-9, 9.893137*^-9, 1.44288*^-8, 9.989674*^-9, 9.343792*^-9, 8.732898000000002*^-9, 9.972320000000001*^-9, 9.557451*^-9, 8.153371000000001*^-9, 0.6137238, 9.408974000000002*^-9, 9.254852*^-9, 9.343805*^-9, 8.431430000000001*^-9, 9.236502*^-6};