name="iCMAES-ILS CEC13";
dim=50;
bound=1;
testID=8;
(*--------*)
min=20.99968;
max=21.25235;
median=21.14338;
mean=21.128453725490196;
std=0.05544854598493242;
(*--------*)
data={21.03228, 21.13178, 21.19147, 21.07294, 21.147360000000003, 21.18046, 21.042869999999997, 21.14338, 21.168110000000002, 21.18842, 21.17918, 21.145789999999998, 21.061239999999998, 21.042939999999998, 21.07889, 21.145670000000003, 21.07827, 21.13076, 21.10268, 21.1736, 21.16709, 21.073590000000003, 21.18879, 21.19135, 21.09651, 21.09506, 21.04089, 21.20973, 21.163310000000003, 21.154989999999998, 21.114, 21.1054, 21.168689999999998, 21.149160000000002, 21.10391, 21.11593, 21.1045, 21.25235, 21.098439999999997, 21.17239, 21.17493, 20.99968, 21.08607, 21.04513, 21.17245, 21.21096, 21.18389, 21.09581, 21.165029999999998, 21.064329999999998, 21.148690000000002};