name="iCMAES-ILS CEC13";
dim=50;
bound=3;
testID=10;
(*--------*)
min=6.477608*^-9;
max=9.809023000000001*^-9;
median=8.212154*^-9;
mean=8.141589627450979*^-9;
std=7.457499262571325*^-10;
(*--------*)
data={7.794004000000001*^-9, 9.118432000000001*^-9, 9.809023000000001*^-9, 8.275247*^-9, 7.195461000000001*^-9, 7.1870170000000006*^-9, 9.075529*^-9, 7.864948000000001*^-9, 7.0250250000000006*^-9, 8.396570000000001*^-9, 7.588779*^-9, 9.408489*^-9, 7.545479000000001*^-9, 6.477608*^-9, 8.093658*^-9, 6.503285*^-9, 7.16677*^-9, 9.150166000000001*^-9, 8.252389000000002*^-9, 6.934521000000001*^-9, 8.260409*^-9, 8.578143000000002*^-9, 6.828700000000001*^-9, 8.239644*^-9, 8.795367000000002*^-9, 9.103441999999999*^-9, 8.333534*^-9, 7.740131*^-9, 8.212154*^-9, 8.191953*^-9, 8.043638*^-9, 8.055681*^-9, 8.91381*^-9, 7.779685*^-9, 8.250237*^-9, 7.944067000000001*^-9, 8.448907*^-9, 9.33394*^-9, 8.258872*^-9, 7.708875*^-9, 8.305014*^-9, 7.785476000000001*^-9, 8.708592*^-9, 8.668915*^-9, 7.998853*^-9, 9.066751000000001*^-9, 7.551631*^-9, 7.882231*^-9, 8.010225000000001*^-9, 8.507784*^-9, 8.85201*^-9};