name="iCMAES-ILS CEC13";
dim=50;
bound=0;
testID=19;
(*--------*)
min=1.988789;
max=5.80588;
median=3.861863;
mean=3.8349162549019593;
std=0.8190177795894994;
(*--------*)
data={2.73872, 3.067757, 2.407682, 4.196586, 4.479566, 4.353404, 4.881771, 4.298132, 3.912647, 5.432033, 5.017222, 1.988789, 4.872058, 4.725832, 4.223631, 4.902016, 5.80588, 4.545603, 4.801944, 3.397768, 4.215473, 3.172399, 4.294673, 2.66984, 3.233332, 3.172297, 3.544662, 4.37535, 4.352218, 3.0714, 4.262893, 3.613479, 4.786157, 4.001144, 3.966469, 4.245125, 2.409426, 3.749666, 3.403535, 3.329841, 3.861863, 3.629283, 3.297539, 2.900843, 3.576871, 3.636383, 3.437713, 2.57079, 3.925198, 3.181538, 3.644288};