name="iCMAES-ILS CEC13";
dim=50;
bound=3;
testID=16;
(*--------*)
min=0.440475;
max=1.235287;
median=0.7112865;
mean=0.7136658176470589;
std=0.15093552911557004;
(*--------*)
data={0.9767303, 0.5865782, 0.6017337, 0.7694699, 0.7912814, 0.7676844, 0.6237183000000001, 0.5993908, 0.5590483, 0.9183576000000001, 0.7127412, 0.46090929999999997, 0.48918910000000004, 0.8205711000000001, 0.5887175, 0.8896475000000001, 0.7497536, 0.8207277, 0.6646793, 0.6874450000000001, 0.831271, 0.516477, 0.5472680000000001, 1.235287, 0.6927546000000001, 0.6276768, 0.6912548000000001, 0.9590105, 0.8427943000000001, 0.5077922, 0.7017801000000001, 0.6520701, 0.7637822000000001, 0.7511279000000001, 0.5369299, 0.7592289000000001, 0.5827958, 0.5963793000000001, 0.8884422000000001, 0.7740646, 0.7431151, 0.877835, 0.7112865, 0.7409341, 0.6076220000000001, 0.6070788, 0.8225781, 0.7487147000000001, 0.8801993, 0.440475, 0.6805567};