name="iCMAES-ILS CEC13";
dim=50;
bound=1;
testID=7;
(*--------*)
min=7.979937*^-9;
max=5.18858;
median=0.009560411999999999;
mean=0.5067039936434627;
std=1.2075900947957252;
(*--------*)
data={9.748534*^-9, 0.07030729000000001, 0.04661364, 9.348443000000001*^-9, 1.99877, 0.07158483, 5.18858, 9.397655000000002*^-9, 9.624815*^-9, 8.464074000000001*^-9, 9.601472*^-9, 0.06315143, 8.249759*^-9, 0.009560411999999999, 0.02563812, 9.436532*^-9, 7.979937*^-9, 9.715057*^-9, 0.008641425, 0.06909459, 2.654062, 4.40613, 0.8572287, 2.778386, 0.16835, 9.699638000000001*^-9, 8.099940999999999*^-9, 0.7579073000000001, 0.08405157, 9.155214000000002*^-9, 2.108801, 0.01531304, 9.238584*^-9, 3.877444, 0.005629345, 9.52456*^-9, 0.06657352999999999, 0.006545359000000001, 8.321943*^-9, 0.05015629, 9.323411999999999*^-9, 0.05192085, 9.90364*^-9, 0.006384636999999999, 0.1723895, 0.1538273, 0.04751095, 0.01501613, 0.003795014, 9.983392000000002*^-9, 0.002539249};