name="iCMAES-ILS CEC13";
dim=50;
bound=1;
testID=20;
(*--------*)
min=23.482699999999998;
max=25.;
median=24.5097;
mean=24.488169607843144;
std=0.24073694636229648;
(*--------*)
data={25., 24.50779, 24.50972, 24.50972, 24.509159999999998, 24.49996, 24.01341, 24.49968, 24.50972, 24.50972, 24.99987, 24.578190000000003, 24.11099, 24.50971, 24.50972, 24.00459, 24.5, 24.5, 25., 24.50972, 24.50972, 24.50972, 24.50968, 24.50972, 24.5, 24.508770000000002, 24.50972, 24.5, 24.509639999999997, 24.5, 24.50972, 24.5, 24.5, 24.50972, 24.50972, 24.50972, 23.482699999999998, 25., 24.037480000000002, 24.50945, 24.500239999999998, 24.38267, 24.50972, 24.50972, 24.50972, 24.50972, 24.509539999999998, 24.5097, 24.50911, 24.50972, 24.509639999999997};