name="iCMAES-ILS CEC13";
dim=50;
bound=3;
testID=4;
(*--------*)
min=7.1474550000000005*^-9;
max=9.602809000000002*^-9;
median=8.299308000000001*^-9;
mean=8.362456196078432*^-9;
std=6.519764523210641*^-10;
(*--------*)
data={7.451836*^-9, 8.574287*^-9, 9.335753*^-9, 8.851229000000001*^-9, 9.148684*^-9, 8.828384*^-9, 8.69028*^-9, 7.825512*^-9, 7.406721000000001*^-9, 7.824359000000001*^-9, 7.84019*^-9, 8.136362*^-9, 8.92544*^-9, 8.117077*^-9, 8.471352*^-9, 8.700659*^-9, 8.337325*^-9, 8.387875*^-9, 9.186961*^-9, 9.602809000000002*^-9, 8.273715*^-9, 7.202954*^-9, 7.899772*^-9, 8.589772000000001*^-9, 7.681134*^-9, 8.646612*^-9, 9.281055000000002*^-9, 9.016276*^-9, 8.878324*^-9, 7.683656*^-9, 8.154936*^-9, 7.913513000000001*^-9, 8.299308000000001*^-9, 9.026540000000001*^-9, 7.722289*^-9, 7.426073*^-9, 8.580259*^-9, 7.587291*^-9, 7.779088*^-9, 7.91327*^-9, 7.1474550000000005*^-9, 9.142384*^-9, 9.590012*^-9, 9.224192*^-9, 8.178332*^-9, 8.143501000000001*^-9, 9.245351*^-9, 9.007732000000001*^-9, 7.980345*^-9, 7.703379000000001*^-9, 7.923651000000002*^-9};