name="iCMAES-ILS CEC13";
dim=50;
bound=2;
testID=25;
(*--------*)
min=264.28729999999996;
max=293.5214;
median=279.589;
mean=279.60579607843135;
std=7.214138826941462;
(*--------*)
data={279.4547, 267.0617, 282.1516, 281.7262, 290.699, 287.4122, 279.7258, 285.6572, 264.28729999999996, 293.5214, 286.2043, 275.91839999999996, 272.4298, 269.8916, 288.0751, 279.3846, 280.6085, 283.3095, 272.5478, 271.4252, 280.2097, 271.1261, 270.0127, 276.3282, 273.4563, 273.6897, 287.1266, 282.9706, 283.9683, 291.0544, 282.559, 278.99539999999996, 280.05469999999997, 290.1207, 279.589, 267.2667, 286.387, 292.0802, 281.92949999999996, 277.632, 290.876, 272.8467, 282.7417, 272.1997, 287.5482, 270.6537, 278.7307, 275.2447, 279.2706, 276.6931, 275.04179999999997};