name="iCMAES-ILS CEC13";
dim=50;
bound=1;
testID=9;
(*--------*)
min=0.001466179;
max=13.63308;
median=9.788186;
mean=9.159153866254902;
std=2.8280580552955343;
(*--------*)
data={10.05228, 9.788186, 10.343739999999999, 12.02777, 9.53201, 7.747329, 12.242249999999999, 8.049923, 9.010678, 11.72628, 10.06572, 11.685559999999999, 5.999942, 5.834901, 8.524613, 10.12468, 11.6946, 0.001466179, 10.5467, 11.675249999999998, 10.72109, 12.67466, 9.343593, 12.160960000000001, 11.45828, 8.312149, 13.63308, 12.38202, 9.111861, 7.245649, 10.108600000000001, 10.712019999999999, 8.213224, 4.316847, 2.594271, 9.464838, 13.156110000000002, 8.034662, 10.030460000000001, 10.706690000000002, 10.645620000000001, 11.176639999999999, 11.2897, 4.670037, 7.837543, 9.723717, 6.769598, 5.042769, 6.448268, 7.976205, 4.481808};