name="iCMAES-ILS CEC13";
dim=50;
bound=2;
testID=8;
(*--------*)
min=20.95793;
max=21.202399999999997;
median=21.14239;
mean=21.12660588235294;
std=0.056623160638610025;
(*--------*)
data={21.14083, 21.15036, 21.11813, 21.142850000000003, 21.09071, 21.129929999999998, 21.11316, 21.05697, 21.202399999999997, 21.148829999999997, 21.12339, 21.128819999999997, 21.18115, 21.14356, 21.16142, 21.15932, 21.14684, 21.06076, 21.17032, 20.9994, 21.140259999999998, 21.1476, 21.14722, 21.16175, 21.096560000000004, 21.09438, 21.14239, 21.19258, 21.13749, 21.17146, 20.95793, 21.191239999999997, 21.06157, 21.09658, 21.164869999999997, 21.18916, 21.19551, 21.07542, 21.20175, 20.99254, 21.00895, 21.05774, 21.193759999999997, 21.16111, 21.1224, 21.16382, 21.06358, 21.12472, 21.14991, 21.10647, 21.177030000000002};