name="iCMAES-ILS CEC13";
dim=50;
bound=3;
testID=12;
(*--------*)
min=1.989918;
max=12.934470000000001;
median=6.410698;
mean=6.427107215686275;
std=2.1543578387564617;
(*--------*)
data={8.954632, 5.969757, 7.959672, 6.964713, 7.959672, 6.964713, 7.959672, 3.979836, 9.949591, 6.964713, 6.964713, 4.974795, 7.959672, 2.984877, 6.964713, 8.954632, 6.964713, 3.979836, 5.969754, 3.979836, 4.974795, 7.959672, 6.410698, 8.954632, 8.954632, 5.969754, 2.984877, 5.969754, 5.969754, 5.969754, 7.959672, 12.934470000000001, 3.979836, 4.974795, 4.974795, 5.969754, 6.964713, 7.959672, 5.969754, 6.964713, 4.974795, 5.969754, 2.984877, 2.984877, 9.949591, 8.954632, 6.964713, 4.974795, 3.979836, 7.959672, 1.989918};