name="iCMAES-ILS CEC13";
dim=50;
bound=3;
testID=2;
(*--------*)
min=6.803915*^-9;
max=9.629906*^-9;
median=8.558379000000001*^-9;
mean=8.508143725490196*^-9;
std=7.406951689137466*^-10;
(*--------*)
data={8.240285000000001*^-9, 7.747341*^-9, 8.029371*^-9, 9.479683000000001*^-9, 7.309258000000001*^-9, 9.020272000000001*^-9, 8.590529000000001*^-9, 7.655088000000001*^-9, 7.3514790000000004*^-9, 7.7291*^-9, 9.073163*^-9, 7.810565000000002*^-9, 8.195789*^-9, 8.087774*^-9, 9.450454000000001*^-9, 8.021457*^-9, 8.415722000000001*^-9, 8.918049*^-9, 8.64902*^-9, 9.556703*^-9, 9.372798*^-9, 9.029236*^-9, 9.564223*^-9, 9.629906*^-9, 8.214519*^-9, 6.887535*^-9, 9.15212*^-9, 8.807721*^-9, 9.064988*^-9, 8.778697*^-9, 7.497601*^-9, 9.049424*^-9, 9.332647*^-9, 9.128631000000002*^-9, 8.310456000000001*^-9, 8.141333*^-9, 8.501174000000002*^-9, 8.448899000000001*^-9, 8.362096*^-9, 8.500816*^-9, 8.90381*^-9, 7.768104*^-9, 8.558379000000001*^-9, 8.040515*^-9, 9.592370000000001*^-9, 8.597837000000001*^-9, 9.283733*^-9, 7.127350000000001*^-9, 8.989620000000001*^-9, 6.803915*^-9, 9.143775*^-9};