name="iCMAES-ILS CEC13";
dim=50;
bound=4;
testID=23;
(*--------*)
min=56.994119999999995;
max=2013.543;
median=641.7633999999999;
mean=612.1771135294117;
std=340.25808822628983;
(*--------*)
data={550.5081, 2013.543, 1086.898, 752.4646, 894.6194999999999, 841.7067, 692.6505, 440.9905, 93.89567, 1064.664, 1210.311, 711.2494, 219.8436, 397.87919999999997, 536.7784, 670.9036, 56.994119999999995, 409.4743, 538.2188, 248.10379999999998, 266.0326, 109.4978, 941.2929999999999, 519.3431, 870.6659999999999, 895.2288, 432.61719999999997, 780.6157, 644.5628, 355.4643, 804.1605000000001, 769.1754000000001, 430.8385, 248.162, 703.0649000000001, 937.6619, 322.3454, 389.03720000000004, 355.1774, 688.3438, 791.2514, 700.4997999999999, 436.8998, 601.5104, 903.0865, 105.69969999999999, 646.1343, 641.7633999999999, 754.7774000000001, 299.5752, 444.84979999999996};