name="iCMAES-ILS CEC13";
dim=50;
bound=4;
testID=17;
(*--------*)
min=55.14273;
max=60.35407;
median=57.40948;
mean=57.41287549019609;
std=1.1307553160260873;
(*--------*)
data={55.35094, 57.25644, 55.14273, 58.82006, 57.40948, 56.707570000000004, 56.51853, 58.07664, 58.53333, 57.73936, 57.56833, 60.35407, 57.07168, 55.23229, 56.7957, 56.24544, 58.369020000000006, 58.12855, 56.061699999999995, 57.70991000000001, 57.55824, 56.60753, 59.359840000000005, 57.15522, 58.28333, 60.272240000000004, 57.30323, 57.78998, 56.69076, 57.379870000000004, 56.51509, 58.28423, 57.47516, 57.39567, 57.33798, 58.47662, 58.239799999999995, 57.82774, 55.50147, 58.72776, 57.59494, 56.46403, 56.90481, 56.41104, 57.59701, 56.066919999999996, 57.33849, 56.29315, 57.677060000000004, 57.49586, 58.93981};