name="iCMAES-ILS CEC13";
dim=50;
bound=2;
testID=15;
(*--------*)
min=254.09380000000002;
max=2061.593;
median=882.7103;
mean=950.2825039215688;
std=301.1658016523164;
(*--------*)
data={1080.689, 640.4154, 1625.94, 843.2401000000001, 254.09380000000002, 2061.593, 1023.085, 966.6473, 738.9019000000001, 780.8921, 851.3188, 870.8743999999999, 1060.1309999999999, 726.6243000000001, 1003.619, 1029.028, 1087.0629999999999, 492.5877, 1307.887, 734.8757, 1226.667, 1207.751, 851.2057000000001, 1305.3600000000001, 983.3855, 746.0983, 749.4265, 874.6411, 804.2821999999999, 622.4352, 1429.289, 674.6057999999999, 862.7684, 734.0576000000001, 1001.57, 873.9229, 1089.961, 1032.5839999999998, 632.8535999999999, 662.2841, 732.1817, 882.7103, 863.4873000000001, 900.5024000000001, 1325.5459999999998, 1127.728, 883.5867999999999, 766.1120999999999, 1508.238, 1022.335, 907.3247};