name="iCMAES-ILS CEC13";
dim=50;
bound=3;
testID=1;
(*--------*)
min=5.269486*^-9;
max=9.111612*^-9;
median=7.842983*^-9;
mean=7.678585647058824*^-9;
std=8.25899172752554*^-10;
(*--------*)
data={7.766040000000001*^-9, 8.603548999999999*^-9, 8.347258000000001*^-9, 6.9891400000000005*^-9, 8.222994*^-9, 7.873129*^-9, 8.103426000000002*^-9, 8.28126*^-9, 7.328641*^-9, 7.485657*^-9, 7.534138*^-9, 7.849784*^-9, 5.802225*^-9, 7.925736*^-9, 6.228979*^-9, 8.260065000000002*^-9, 6.959546*^-9, 5.269486*^-9, 9.111612*^-9, 8.97562*^-9, 7.066094*^-9, 7.385535000000001*^-9, 8.976162*^-9, 8.364224*^-9, 8.200144*^-9, 7.674439*^-9, 8.483124999999999*^-9, 7.982877*^-9, 7.863703000000001*^-9, 6.644442*^-9, 6.562507000000001*^-9, 7.295793*^-9, 7.908974*^-9, 6.641567000000001*^-9, 6.59645*^-9, 8.439761000000001*^-9, 7.554032000000001*^-9, 7.138132*^-9, 7.3323260000000004*^-9, 7.842983*^-9, 6.955617000000001*^-9, 6.804742000000001*^-9, 8.721151000000001*^-9, 8.158343000000001*^-9, 8.696201*^-9, 7.595379000000001*^-9, 8.407961*^-9, 7.903655*^-9, 7.833605*^-9, 6.993243*^-9, 8.666416*^-9};