name="iCMAES-ILS CEC13";
dim=50;
bound=1;
testID=1;
(*--------*)
min=5.959022*^-9;
max=9.205382000000001*^-9;
median=7.638340000000001*^-9;
mean=7.634392176470588*^-9;
std=7.431783349943594*^-10;
(*--------*)
data={8.340442*^-9, 8.628206*^-9, 7.930851*^-9, 7.656158*^-9, 8.486302000000001*^-9, 8.581144999999999*^-9, 7.783622*^-9, 6.3205140000000006*^-9, 8.348451000000001*^-9, 7.502084*^-9, 6.985168*^-9, 7.342032*^-9, 6.4146409999999996*^-9, 5.959022*^-9, 8.253197000000001*^-9, 7.207348*^-9, 6.592567*^-9, 7.84558*^-9, 7.386894*^-9, 8.768452*^-9, 8.156959000000002*^-9, 9.205382000000001*^-9, 6.577488*^-9, 7.967518*^-9, 7.831862000000001*^-9, 7.0867240000000006*^-9, 8.295293*^-9, 7.0399950000000006*^-9, 6.032603*^-9, 7.388058000000001*^-9, 8.274507*^-9, 7.537021*^-9, 7.958583*^-9, 7.569003*^-9, 7.342492*^-9, 7.3823*^-9, 7.67547*^-9, 6.933195000000001*^-9, 7.436942*^-9, 7.313584*^-9, 8.247575*^-9, 6.903909*^-9, 8.232761*^-9, 7.795769*^-9, 7.447661*^-9, 7.638340000000001*^-9, 7.589493000000001*^-9, 8.483181999999999*^-9, 6.547383*^-9, 8.180089000000001*^-9, 8.950184000000001*^-9};