name="iCMAES-ILS CEC13";
dim=50;
bound=2;
testID=16;
(*--------*)
min=0.01743969;
max=1.203542;
median=0.6506489000000001;
mean=0.6912670723529413;
std=0.19955956748316575;
(*--------*)
data={0.44525790000000004, 0.5939499, 0.758997, 0.7415295000000001, 0.5325005, 0.6698169, 0.01743969, 1.009664, 0.698806, 0.8384119999999999, 0.6090518, 0.7146568000000001, 0.5579284999999999, 0.5303565, 0.6207496, 0.5563683, 1.094576, 0.5175556, 0.9368872, 0.6658254000000001, 0.6506489000000001, 0.524439, 0.39931570000000005, 0.8352244000000001, 1.203542, 0.6435930000000001, 0.8183522000000001, 0.7963814, 0.6396616, 0.7276105, 0.6270165000000001, 0.5350454, 0.6359465000000001, 0.6466412, 0.6141432, 0.6798918, 1.018603, 0.5519733, 0.5153471, 0.6205556, 0.5954782, 0.8191967, 0.5707468000000001, 0.7834387, 1.06385, 0.7157640000000001, 0.4912303, 0.9371549, 0.7688344, 0.8466260000000001, 0.8680393000000001};