name="iCMAES-ILS CEC13";
dim=50;
bound=0;
testID=14;
(*--------*)
min=57.431020000000004;
max=2023.5120000000002;
median=582.5202;
mean=801.5774890196078;
std=636.7672139210772;
(*--------*)
data={331.7545, 549.934, 1559.015, 1468.6619999999998, 1751.74, 207.7502, 1155.0069999999998, 303.8982, 301.1117, 1613.1219999999998, 285.9846, 1734.395, 1445.805, 93.61502, 288.3196, 65.45422, 1217.506, 74.36333, 74.65611, 184.9197, 753.1695, 1582.959, 356.5457, 1145.6770000000001, 1892.563, 1024.07, 270.5224, 60.695750000000004, 1521.24, 1495.299, 1685.1499999999999, 89.77079, 227.3072, 57.431020000000004, 1145.942, 305.3491, 1005.9309999999999, 232.3554, 1399.859, 1420.609, 188.66039999999998, 70.73465, 582.5202, 518.3272, 182.5119, 2023.5120000000002, 1190.352, 810.4919000000001, 1444.42, 97.22765000000001, 1392.235};