name="iCMAES-ILS CEC13";
dim=50;
bound=2;
testID=23;
(*--------*)
min=355.6896;
max=2359.493;
median=1070.111;
mean=1067.9951019607845;
std=436.71161968029634;
(*--------*)
data={1045.744, 919.0498, 1332.303, 985.4635, 387.29200000000003, 1177.449, 1219.25, 647.8602000000001, 1113.779, 612.5598, 2051.699, 1072.4009999999998, 1343.065, 719.2595, 1412.789, 674.3175, 639.2677, 605.5034, 2046.302, 1107.481, 1437.383, 683.3548000000001, 1804.231, 1070.111, 1390.1889999999999, 1043.54, 1201.773, 719.0443, 355.6896, 977.6773000000001, 743.5070999999999, 1128.368, 787.1222, 1245.676, 1085.0800000000002, 1532.8329999999999, 1701.332, 1254.001, 655.4359, 518.1759, 955.4925000000001, 2359.493, 583.9333, 1198.366, 677.5400000000001, 1434.2269999999999, 1014.4820000000001, 1427.595, 566.885, 609.9988999999999, 1192.378};