name="iCMAES-ILS CEC13";
dim=50;
bound=2;
testID=10;
(*--------*)
min=5.764990000000001*^-9;
max=9.447947*^-9;
median=8.082234000000001*^-9;
mean=8.140596215686275*^-9;
std=7.401881083002973*^-10;
(*--------*)
data={8.009395*^-9, 7.05527*^-9, 8.129174000000002*^-9, 8.053950000000001*^-9, 8.624427*^-9, 9.419542*^-9, 7.627462000000001*^-9, 7.752967000000001*^-9, 8.159636000000001*^-9, 7.35569*^-9, 7.384615000000001*^-9, 7.690925*^-9, 8.893654*^-9, 8.256016000000001*^-9, 9.242250000000001*^-9, 7.643212*^-9, 8.493817000000001*^-9, 8.414289000000001*^-9, 8.87788*^-9, 5.764990000000001*^-9, 8.807063*^-9, 6.957652000000001*^-9, 7.86876*^-9, 8.852623*^-9, 7.886382000000001*^-9, 8.324565*^-9, 9.402229*^-9, 8.770647000000001*^-9, 7.977583*^-9, 7.746583000000001*^-9, 7.568192*^-9, 8.371783*^-9, 6.840292*^-9, 8.952259*^-9, 8.066767*^-9, 9.447947*^-9, 7.988174000000001*^-9, 7.830126*^-9, 9.143438*^-9, 8.233594*^-9, 7.956446*^-9, 6.934280000000001*^-9, 8.617583000000001*^-9, 7.718977*^-9, 8.754366*^-9, 8.807264*^-9, 7.35835*^-9, 8.748779000000002*^-9, 8.082234000000001*^-9, 7.912632000000001*^-9, 8.393676*^-9};