name="iCMAES-ILS CEC13";
dim=50;
bound=0;
testID=3;
(*--------*)
min=7.342269*^-9;
max=0.04963024;
median=9.687278*^-9;
mean=0.002429600531431922;
std=0.010006908286027651;
(*--------*)
data={9.600986000000002*^-9, 8.892429*^-9, 8.937693*^-9, 9.813834000000001*^-9, 0.0008445357, 9.474822*^-9, 9.988325000000001*^-9, 9.320307*^-9, 8.134156000000002*^-9, 8.868588000000001*^-9, 9.271942*^-9, 9.696599000000002*^-9, 9.851507000000001*^-9, 0.00003367096, 9.352239000000002*^-9, 0.0007493401000000001, 7.607674000000001*^-9, 9.687278*^-9, 9.368788000000001*^-9, 9.929328000000001*^-9, 9.934485*^-9, 9.050181000000001*^-9, 5.578789000000001*^-8, 9.394165*^-9, 9.985898000000001*^-9, 9.666907*^-9, 9.253282*^-9, 8.243676999999999*^-6, 9.203035000000001*^-9, 0.025242680000000003, 0.0001594962, 4.087795*^-6, 0.00003245287, 8.689344000000001*^-9, 9.525788*^-9, 0.046971070000000004, 0.04963024, 9.092522*^-9, 9.101367000000001*^-9, 1.564098*^-6, 9.787346*^-9, 8.061224*^-9, 7.342269*^-9, 0.000053841840000000006, 9.159665*^-7, 7.824996*^-9, 9.380113*^-9, 9.863500000000001*^-9, 9.615721000000002*^-9, 0.00003617524, 0.0001409343};