name="iCMAES-ILS CEC13";
dim=50;
bound=1;
testID=10;
(*--------*)
min=7.0600610000000004*^-9;
max=9.170062*^-9;
median=8.192034*^-9;
mean=8.21132794117647*^-9;
std=5.576990789638231*^-10;
(*--------*)
data={8.033012*^-9, 7.826241*^-9, 7.223055*^-9, 9.069812*^-9, 7.795798*^-9, 8.372115*^-9, 7.591547*^-9, 8.949726000000001*^-9, 8.530624*^-9, 8.049966*^-9, 7.831373*^-9, 7.211107*^-9, 7.0600610000000004*^-9, 7.316647*^-9, 9.031195000000001*^-9, 8.400192*^-9, 8.935775*^-9, 8.162864000000001*^-9, 9.122030000000002*^-9, 7.811284*^-9, 8.505144*^-9, 8.235827000000001*^-9, 8.733158*^-9, 7.222254000000001*^-9, 8.293223*^-9, 7.874814*^-9, 8.727651*^-9, 7.499929*^-9, 7.627561000000001*^-9, 7.838313000000001*^-9, 8.223114000000002*^-9, 8.029209*^-9, 9.170062*^-9, 8.19554*^-9, 8.268903*^-9, 8.054366*^-9, 7.885264*^-9, 7.898254*^-9, 8.944472*^-9, 8.237349*^-9, 8.590366*^-9, 9.07481*^-9, 9.13061*^-9, 8.155625000000002*^-9, 7.927448000000001*^-9, 7.943454000000001*^-9, 8.415693*^-9, 8.708232*^-9, 8.192034*^-9, 8.106721000000001*^-9, 8.743901*^-9};