name="iCMAES-ILS CEC13";
dim=50;
bound=4;
testID=12;
(*--------*)
min=0.9949591;
max=10.94455;
median=5.424749;
mean=5.842015337254902;
std=2.0070551260351412;
(*--------*)
data={4.974795, 4.974795, 5.969754, 4.974795, 4.974795, 5.969754, 5.424749, 9.949591, 7.959672, 3.979836, 4.974795, 6.964713, 5.969754, 5.969754, 6.964713, 4.974795, 4.974795, 4.974795, 6.964713, 6.964794, 6.964713, 5.969754, 8.954632, 2.984877, 3.979836, 8.954632, 5.969754, 6.964713, 6.964713, 8.954632, 4.974795, 3.979836, 3.979836, 4.974795, 3.979836, 4.974795, 6.964713, 4.974795, 5.969754, 6.964713, 10.94455, 4.974795, 3.979836, 0.9949591, 7.959672, 4.974795, 9.949591, 0.9949591, 3.979836, 6.964713, 4.974795};