name="iCMAES-ILS CEC13";
dim=50;
bound=3;
testID=7;
(*--------*)
min=8.44253*^-9;
max=6.363546;
median=0.026912569999999997;
mean=0.39788640102655004;
std=1.0794821648687918;
(*--------*)
data={0.0005861552, 9.194306*^-9, 0.0378941, 8.563033000000001*^-9, 9.681250000000001*^-9, 6.363546, 0.01581683, 8.721412000000001*^-9, 0.6037694, 0.006380756, 2.750379, 0.00145433, 0.05916785, 9.190641*^-9, 9.983285*^-9, 0.14857810000000002, 9.644169000000001*^-9, 9.499362*^-9, 0.064142, 0.009699168000000001, 1.928933, 0.00584384, 0.01097623, 0.16984860000000002, 0.061805580000000006, 0.026912569999999997, 9.752673*^-9, 0.1002894, 0.23396830000000002, 0.1019105, 0.08718676, 0.029095170000000004, 7.561976999999999*^-6, 2.096519, 0.0913316, 9.794882*^-9, 0.24336259999999998, 1.065382, 0.03523862, 0.26927490000000004, 9.897183000000001*^-9, 9.996087*^-9, 9.399791000000001*^-9, 0.0981466, 9.711398000000001*^-9, 0.02123388, 2.811647, 0.6729169, 0.06896200000000001, 9.705048*^-9, 8.44253*^-9};