name="iCMAES-ILS CEC13";
dim=50;
bound=2;
testID=13;
(*--------*)
min=2.984877;
max=17.73375;
median=5.969754;
mean=6.734126647058825;
std=2.9652504994978073;
(*--------*)
data={7.261963, 5.067792, 6.651637, 12.08971, 5.969754, 5.11613, 4.974795, 8.938289, 8.03692, 4.974795, 3.984301, 12.35543, 5.137856, 5.969754, 5.969754, 5.184564, 7.130114, 10.33257, 4.974795, 4.974795, 4.974795, 7.638999, 3.979836, 8.065648, 9.001884, 5.03229, 3.979836, 2.984877, 2.984877, 3.979836, 17.73375, 8.199371, 2.984877, 5.974707, 15.111270000000001, 4.974795, 4.974795, 11.323220000000001, 6.964713, 7.974126, 5.241292, 9.070518, 3.979836, 5.970738, 6.185577, 5.969754, 5.969754, 4.974795, 6.051448, 7.137895, 8.954632};