name="iCMAES-ILS CEC13";
dim=50;
bound=3;
testID=18;
(*--------*)
min=54.258030000000005;
max=99.14001999999999;
median=60.9431;
mean=65.61898666666666;
std=10.474599216600826;
(*--------*)
data={58.09774, 59.48514, 75.77922, 81.69798, 92.06222, 65.16801, 59.90274, 59.96268, 58.97731, 58.38856, 59.62859, 62.17074, 54.258030000000005, 76.41150999999999, 60.52481, 61.818169999999995, 62.33076, 58.7876, 63.42971, 61.62592, 63.16896, 77.75161, 99.14001999999999, 60.44436, 80.27315, 61.67026, 84.07043, 59.92901, 61.56603, 60.263419999999996, 59.82145, 58.31962, 60.39039, 60.8112, 58.42955, 60.62596, 60.45854, 60.670919999999995, 58.812160000000006, 89.24536, 66.945, 60.9431, 60.712180000000004, 65.49482, 92.99189, 61.574220000000004, 58.95191, 59.589879999999994, 61.72974, 69.28298, 61.98276};