name="iCMAES-ILS CEC13";
dim=50;
bound=1;
testID=26;
(*--------*)
min=200.0112;
max=300.0771;
median=300.;
mean=250.9994000000001;
std=50.473197054801254;
(*--------*)
data={300.00969999999995, 200.07670000000002, 200.0235, 200.03320000000002, 300., 300., 200.0362, 200.0181, 300.0005, 300., 300., 300., 300., 200.0187, 200.0272, 200.0191, 300., 200.02360000000002, 200.03609999999998, 200.01600000000002, 200.0308, 200.04330000000002, 300.0136, 200.0344, 300., 300., 200.0549, 300., 300.0091, 200.0369, 300., 300., 300.0003, 200.0401, 200.02559999999997, 200.03700000000003, 300., 300., 200.0112, 200.02870000000001, 200.0365, 300.0081, 300., 300., 300.0067, 300., 200.04219999999998, 200.03769999999997, 300., 200.0566, 300.0771};