name="iCMAES-ILS CEC13";
dim=50;
bound=1;
testID=17;
(*--------*)
min=54.917590000000004;
max=62.56546;
median=57.8747;
mean=57.84423666666665;
std=1.5826879680160164;
(*--------*)
data={58.178470000000004, 55.54547, 56.17424, 54.917590000000004, 58.070209999999996, 55.86426, 59.07279, 58.91422, 57.43586, 59.37559, 58.469860000000004, 55.764199999999995, 59.26539, 59.81122, 57.62494, 60.06636999999999, 56.12755, 57.53073, 59.37926, 59.3446, 58.43242, 55.330839999999995, 57.917100000000005, 58.43101, 57.59327, 57.17759, 56.08691, 56.063770000000005, 56.44005, 55.237939999999995, 58.09235, 58.27866, 62.56546, 59.64399, 58.634789999999995, 57.02793, 56.60942, 59.749030000000005, 56.66216, 60.66146, 57.89529, 57.476839999999996, 57.8747, 59.49751, 56.79391, 57.85121, 59.40587, 57.70283, 57.16884, 55.86983, 58.950269999999996};