name="iCMAES-ILS CEC13";
dim=50;
bound=0;
testID=27;
(*--------*)
min=300.;
max=639.9337;
median=300.0012;
mean=316.3467274509803;
std=67.18053264530157;
(*--------*)
data={300.0114, 300.00460000000004, 300.0802, 300., 300.04749999999996, 303.2102, 300., 300., 590.9209999999999, 497.70640000000003, 639.9337, 300.0251, 300., 300., 300., 300., 300., 300., 300., 300.0458, 300., 300.0206, 300., 300.0596, 300.0707, 300.0664, 300., 300., 300., 300., 300., 300.0012, 300., 300., 300., 300., 300.01120000000003, 300.014, 300., 300.0052, 301.0236, 300., 300.0744, 300.13489999999996, 300., 300.01120000000003, 300., 300.1071, 300.0073, 300.0162, 300.0736};