name="iCMAES-ILS CEC13";
dim=50;
bound=1;
testID=2;
(*--------*)
min=6.725807*^-9;
max=9.893742*^-9;
median=8.743598000000001*^-9;
mean=8.670949647058825*^-9;
std=7.661355252713926*^-10;
(*--------*)
data={8.149269*^-9, 9.893742*^-9, 8.961998*^-9, 9.581945*^-9, 8.442592*^-9, 9.277873*^-9, 8.424943000000001*^-9, 9.684489*^-9, 8.085087*^-9, 8.216385000000001*^-9, 8.981929*^-9, 9.46404*^-9, 9.713629*^-9, 8.408546*^-9, 9.059997*^-9, 7.913149*^-9, 8.563630000000001*^-9, 9.087442*^-9, 7.633985000000001*^-9, 7.774813*^-9, 7.506832*^-9, 8.850791*^-9, 8.640040000000001*^-9, 8.215904000000001*^-9, 9.174019*^-9, 8.863242*^-9, 8.614336*^-9, 8.386685*^-9, 6.9379500000000004*^-9, 9.145438*^-9, 9.451314*^-9, 9.666079*^-9, 9.016643000000001*^-9, 8.31199*^-9, 9.247515999999999*^-9, 9.017691*^-9, 8.038423*^-9, 7.51434*^-9, 9.872674999999999*^-9, 8.743598000000001*^-9, 9.450949*^-9, 7.541049*^-9, 9.241246*^-9, 6.725807*^-9, 9.889353*^-9, 9.32929*^-9, 7.910435*^-9, 8.526630000000002*^-9, 7.977416000000001*^-9, 8.207718000000001*^-9, 8.88355*^-9};