name="iCMAES-ILS CEC13";
dim=50;
bound=0;
testID=17;
(*--------*)
min=51.481500000000004;
max=61.59407;
median=57.241730000000004;
mean=57.435889019607856;
std=1.8710257711835563;
(*--------*)
data={55.970259999999996, 57.465830000000004, 61.59407, 56.456540000000004, 59.292519999999996, 55.430440000000004, 56.794039999999995, 57.83596, 58.16033, 57.78627, 58.03537, 58.24044, 59.613820000000004, 56.66297, 58.612, 56.023160000000004, 58.602470000000004, 56.3666, 59.47614, 56.90427, 58.85008, 57.79554, 61.07725000000001, 58.97589, 55.673120000000004, 56.770500000000006, 57.24245, 57.03585, 61.13872, 51.481500000000004, 58.92984, 59.67627, 57.241730000000004, 58.25989, 56.36228, 54.574749999999995, 55.791940000000004, 61.34832, 58.92296, 55.936719999999994, 56.345650000000006, 56.16142, 56.71204, 57.48706, 57.184290000000004, 57.40319, 54.44506, 55.63257, 56.733529999999995, 55.90656, 56.809870000000004};