name="iCMAES-ILS CEC13";
dim=50;
bound=4;
testID=8;
(*--------*)
min=20.98461;
max=21.23961;
median=21.13958;
mean=21.123031764705882;
std=0.058610488812358155;
(*--------*)
data={21.16318, 21.05663, 21.178430000000002, 21.187040000000003, 21.139670000000002, 21.15656, 21.16879, 21.104599999999998, 21.23961, 21.1501, 21.14189, 21.161859999999997, 21.11621, 21.148020000000002, 20.996139999999997, 21.15361, 21.172140000000002, 21.15171, 20.98461, 21.07698, 21.00279, 21.037530000000004, 21.13028, 21.08013, 21.197629999999997, 21.1373, 21.13413, 21.00215, 21.17887, 21.099670000000003, 21.138669999999998, 21.20895, 21.16236, 21.1505, 21.12181, 21.152639999999998, 21.166890000000002, 21.13958, 21.140620000000002, 21.095950000000002, 21.06342, 21.004399999999997, 21.11703, 21.13811, 21.120559999999998, 21.073559999999997, 21.03182, 21.19266, 21.140530000000002, 21.11848, 21.14782};