name="iCMAES-ILS CEC13";
dim=50;
bound=2;
testID=12;
(*--------*)
min=1.989918;
max=9.949591;
median=5.969754;
mean=6.094252627450981;
std=1.8202428170032472;
(*--------*)
data={6.964713, 6.964713, 6.964713, 8.954632, 6.964713, 2.984877, 9.949591, 9.949591, 6.964713, 2.984877, 5.969754, 5.969754, 6.964713, 8.954632, 4.974795, 2.984877, 1.989918, 5.969754, 2.984877, 7.959672, 3.979836, 2.984877, 5.969754, 4.974795, 5.969754, 4.974795, 6.964733, 5.969754, 6.964713, 5.969754, 5.969754, 6.964713, 6.964713, 5.969754, 7.959672, 5.969754, 4.974795, 7.959672, 6.349404, 3.979836, 5.969754, 7.959672, 4.974795, 4.974797, 5.969754, 6.964713, 7.959672, 6.964713, 6.964713, 2.984877, 6.964713};