name="iCMAES-ILS CEC13";
dim=50;
bound=1;
testID=12;
(*--------*)
min=1.989918;
max=10.94455;
median=5.969754;
mean=5.657611235294119;
std=1.964786388180807;
(*--------*)
data={6.964713, 5.969754, 2.984877, 6.964713, 4.974795, 2.984877, 4.974795, 4.974795, 6.964713, 6.964713, 4.974795, 3.979836, 6.964713, 4.974795, 7.959672, 3.979836, 7.959672, 5.969754, 5.969754, 5.969757, 6.964713, 6.964713, 6.964713, 3.979836, 2.984934, 1.989918, 3.979836, 7.959672, 7.959672, 3.979836, 4.974795, 9.949591, 6.964713, 5.969754, 5.969754, 5.969754, 3.979836, 6.964713, 6.964713, 4.974795, 6.964713, 2.984877, 2.984877, 1.989918, 4.974795, 3.979836, 10.94455, 8.954632, 5.969754, 5.969754, 2.984877};