name="iCMAES-ILS CEC13";
dim=50;
bound=1;
testID=23;
(*--------*)
min=49.46929;
max=1533.998;
median=414.38259999999997;
mean=514.2151723529411;
std=324.1465826287361;
(*--------*)
data={1315.758, 912.767, 697.7921, 252.4629, 205.6977, 362.04139999999995, 694.0857, 389.3698, 456.7903, 222.64339999999999, 478.9402, 960.6947, 508.78560000000004, 437.31309999999996, 343.6043, 358.6992, 311.1785, 174.8929, 319.0682, 474.05280000000005, 772.5382999999999, 329.2801, 1216.6760000000002, 252.2707, 779.3498, 371.3673, 49.46929, 343.1867, 332.0201, 702.7619, 225.1955, 209.9429, 537.0788, 414.38259999999997, 692.0906, 1399.585, 388.1701, 466.76650000000006, 364.0612, 205.26360000000003, 625.2602999999999, 433.7728, 454.52180000000004, 928.9137999999999, 1533.998, 468.07290000000006, 358.0401, 404.0626, 130.2973, 406.0983, 553.8411};