name="iCMAES-ILS CEC13";
dim=50;
bound=4;
testID=1;
(*--------*)
min=5.7696960000000004*^-9;
max=9.082576*^-9;
median=7.75832*^-9;
mean=7.71513943137255*^-9;
std=7.687480839828155*^-10;
(*--------*)
data={8.378169*^-9, 7.3325700000000005*^-9, 7.958609*^-9, 7.583676*^-9, 6.673782000000001*^-9, 8.538463999999999*^-9, 8.377639000000001*^-9, 8.051346000000002*^-9, 7.946381*^-9, 8.392346000000001*^-9, 5.7696960000000004*^-9, 6.470026*^-9, 8.545858000000002*^-9, 8.496191*^-9, 7.238598*^-9, 8.259418*^-9, 7.242323*^-9, 7.75832*^-9, 7.031112*^-9, 7.656104000000001*^-9, 6.580875*^-9, 8.422873*^-9, 7.81654*^-9, 7.488476*^-9, 6.03637*^-9, 8.011217000000001*^-9, 7.811618000000001*^-9, 8.386426*^-9, 8.528161000000002*^-9, 7.252703000000001*^-9, 7.047044*^-9, 8.581711000000001*^-9, 9.082576*^-9, 7.739357*^-9, 8.565866*^-9, 8.51039*^-9, 6.8912910000000004*^-9, 7.577342*^-9, 8.982369*^-9, 6.806489*^-9, 7.275447*^-9, 7.660175*^-9, 8.122853*^-9, 8.633480000000001*^-9, 7.427731*^-9, 6.385095*^-9, 8.235225*^-9, 8.210256*^-9, 7.505578*^-9, 6.795761*^-9, 7.4001880000000005*^-9};