name="iCMAES-ILS CEC13";
dim=50;
bound=0;
testID=16;
(*--------*)
min=0.008285329000000001;
max=1.198258;
median=0.7038621;
mean=0.6263019619411765;
std=0.31548471632976904;
(*--------*)
data={0.7174895000000001, 0.5906235, 0.9758502, 0.49407290000000004, 0.7091842, 0.5089973, 0.7874826, 0.8233722000000001, 0.6000547, 0.6613482, 0.8306062000000001, 0.02579965, 0.4835072, 0.7043133, 0.9775442000000001, 0.40716720000000006, 0.7056166, 0.8640475000000001, 0.5929455, 0.5639981, 0.008285329000000001, 0.8078392, 0.7341287000000001, 0.02963038, 0.9888077, 0.8660028000000001, 0.05228916, 0.8396851000000001, 0.8862919, 0.6471501000000001, 0.5171664, 0.7344852000000001, 0.02022304, 0.6890233000000001, 0.7573527000000001, 0.0118787, 1.01838, 0.2462922, 1.000186, 0.5955241, 0.6972056000000001, 0.02638298, 0.6619535000000001, 0.7038621, 0.02451472, 1.109342, 0.7568198, 0.8157886, 1.198258, 0.5674692, 0.9051608};