name="iCMAES-ILS CEC13";
dim=50;
bound=4;
testID=7;
(*--------*)
min=8.148735*^-9;
max=5.686057;
median=0.00845416;
mean=0.3201192501612267;
std=1.020298939220976;
(*--------*)
data={3.65403, 0.004070591, 0.00521591, 0.07902945, 8.148735*^-9, 0.0003709722, 0.03052059, 9.318347*^-9, 0.044622890000000005, 0.14705, 9.099687*^-9, 0.04267909, 8.876632*^-9, 8.697653000000001*^-9, 2.5494940000000002*^-8, 0.14566900000000002, 0.03530424, 0.0006837706, 4.424822*^-6, 0.01718012, 9.917922000000001*^-9, 2.6321699999999997*^-7, 9.349797*^-9, 9.340477000000001*^-9, 9.138856*^-9, 2.459164, 0.00845416, 1.558405, 9.847210000000001*^-9, 0.02052744, 9.866992*^-9, 9.874153*^-9, 0.01139944, 9.350481*^-9, 0.08962382, 0.01137665, 0.023253680000000002, 5.686057, 1.723259, 9.889973000000001*^-9, 0.06081, 0.09450092, 0.014918180000000001, 0.01224126, 0.003912645, 9.313339*^-9, 0.010968519999999999, 0.002365177, 0.07459458, 8.858365*^-9, 0.2538188};