name="iCMAES-ILS CEC13";
dim=50;
bound=2;
testID=1;
(*--------*)
min=6.602767000000001*^-9;
max=9.077363*^-9;
median=7.872326*^-9;
mean=7.86532*^-9;
std=5.579623154231476*^-10;
(*--------*)
data={7.521641*^-9, 7.069546000000001*^-9, 8.175852*^-9, 7.550285*^-9, 8.305569*^-9, 7.691865*^-9, 7.376562000000001*^-9, 8.315521000000001*^-9, 8.139406*^-9, 7.416071*^-9, 8.719526*^-9, 9.077363*^-9, 7.217958*^-9, 8.550381000000001*^-9, 7.640247*^-9, 8.923368*^-9, 7.121154*^-9, 6.996482000000001*^-9, 8.053816*^-9, 6.602767000000001*^-9, 8.097942*^-9, 8.369347*^-9, 7.989344*^-9, 7.715858*^-9, 8.225957*^-9, 7.885655000000001*^-9, 7.0526450000000005*^-9, 8.141861000000001*^-9, 8.938307*^-9, 8.346052*^-9, 7.969827*^-9, 7.763426*^-9, 8.204793000000002*^-9, 8.790762000000001*^-9, 7.850121*^-9, 7.872326*^-9, 7.544917*^-9, 7.937415*^-9, 7.656902*^-9, 7.57869*^-9, 7.582151*^-9, 7.980233*^-9, 8.197804*^-9, 7.462751*^-9, 7.1271160000000005*^-9, 7.747572*^-9, 7.257509*^-9, 7.985825*^-9, 8.72801*^-9, 7.194932*^-9, 7.469890000000001*^-9};