name="iCMAES-ILS CEC13";
dim=50;
bound=2;
testID=19;
(*--------*)
min=1.817546;
max=5.195048;
median=3.728973;
mean=3.5759892745098028;
std=0.8751702973794317;
(*--------*)
data={3.794313, 2.48281, 2.173374, 4.599143, 2.729401, 2.662756, 4.511883, 4.29828, 4.312051, 4.447145, 3.927348, 2.912757, 3.142639, 4.208949, 4.010547, 2.958665, 4.365266, 3.059309, 3.282365, 1.817546, 3.492351, 3.923573, 3.005219, 3.292184, 5.131869, 5.195048, 4.118951, 3.309661, 3.384111, 3.069178, 4.896795, 2.727177, 3.072993, 4.009824, 2.347508, 3.765787, 4.01652, 4.367642, 3.798074, 3.728973, 2.255691, 2.63602, 4.804645, 4.410601, 5.043206, 2.556993, 2.034305, 4.372134, 2.841948, 2.885756, 4.184169};