name="iCMAES-ILS CEC13";
dim=50;
bound=2;
testID=11;
(*--------*)
min=3.979836;
max=10.94455;
median=6.540962;
mean=6.4610191764705895;
std=1.8075271668996142;
(*--------*)
data={4.974795, 10.94455, 3.979836, 8.954632, 4.03478, 3.979836, 7.959672, 8.954632, 5.969754, 6.964713, 8.954632, 5.969754, 4.974795, 7.959672, 6.964722, 4.974795, 6.964713, 4.974795, 4.974795, 3.979836, 6.964713, 7.959672, 9.949591, 6.540962, 3.979836, 8.954632, 4.974795, 8.954632, 5.969754, 3.979836, 6.964713, 7.959672, 6.964713, 5.969754, 6.964713, 6.964713, 3.979836, 7.959672, 6.964713, 6.964713, 9.949591, 5.385203, 5.969754, 6.964713, 4.974795, 3.979836, 6.964713, 3.985854, 5.969754, 5.969754, 6.102667};