name="iCMAES-ILS CEC13";
dim=50;
bound=3;
testID=8;
(*--------*)
min=21.01962;
max=21.23207;
median=21.134629999999998;
mean=21.130023529411762;
std=0.04816455907920378;
(*--------*)
data={21.01962, 21.21266, 21.03875, 21.087989999999998, 21.09433, 21.192859999999996, 21.18083, 21.16038, 21.1576, 21.177609999999998, 21.23207, 21.180370000000003, 21.03069, 21.10878, 21.12332, 21.14936, 21.20854, 21.12852, 21.08892, 21.17319, 21.14768, 21.06922, 21.08381, 21.13909, 21.04314, 21.114069999999998, 21.20813, 21.13926, 21.15266, 21.18596, 21.14988, 21.134629999999998, 21.146810000000002, 21.15303, 21.08569, 21.09243, 21.15243, 21.13769, 21.11716, 21.094070000000002, 21.111819999999998, 21.12155, 21.15689, 21.11442, 21.095480000000002, 21.10189, 21.10703, 21.1448, 21.11173, 21.19418, 21.07818};