name="iCMAES-ILS CEC13";
dim=50;
bound=3;
testID=15;
(*--------*)
min=727.9214999999999;
max=3033.407;
median=1487.972;
mean=1526.7046921568622;
std=484.6282058327377;
(*--------*)
data={1479.8100000000002, 2288.911, 1328.162, 1913.743, 938.5123, 1575.58, 1487.972, 2060.122, 2185.204, 917.5378000000001, 3033.407, 1486.021, 1257.192, 2125.315, 1569.327, 1603.0610000000001, 1253.245, 2293.712, 1046.738, 955.4521, 1641.822, 1737.1870000000001, 1039.6970000000001, 1437.565, 937.1948, 1593.3010000000002, 2238.705, 1101.515, 2168.6749999999997, 2094.1, 1882.4399999999998, 1032.836, 924.4564, 975.6214, 1277.2060000000001, 1055.4840000000002, 1580.422, 1885.775, 1621.634, 1223.036, 1912.433, 1776.502, 739.0450000000001, 1358.178, 1773.476, 1208.856, 1342.647, 727.9214999999999, 1172.277, 1817.0249999999999, 1785.882};