name="iCMAES-ILS CEC13";
dim=50;
bound=3;
testID=9;
(*--------*)
min=0.0004757073;
max=14.35612;
median=10.048459999999999;
mean=9.498123739358823;
std=3.358246744963385;
(*--------*)
data={7.402746, 10.61857, 9.013629, 14.180349999999999, 12.57849, 13.02594, 10.048459999999999, 2.540919, 14.02787, 3.047072, 10.05968, 9.392293, 10.547059999999998, 11.327309999999999, 9.211973, 5.61195, 9.048755, 10.4696, 3.766701, 13.991309999999999, 10.93385, 9.486489, 14.19127, 13.375820000000001, 0.0004757073, 9.300264, 10.56534, 7.046134, 9.155645, 8.125727, 11.349070000000001, 7.606793, 5.884581, 7.921744, 2.708657, 12.96908, 12.686679999999999, 10.08164, 9.000115, 14.183269999999998, 8.34855, 13.20469, 11.12256, 10.697790000000001, 11.38558, 6.752722, 14.35612, 6.206915, 10.78387, 6.267313, 8.794878};