name="iCMAES-ILS CEC13";
dim=50;
bound=1;
testID=19;
(*--------*)
min=2.047277;
max=5.741551;
median=3.63332;
mean=3.7245212745098035;
std=0.8928484996036463;
(*--------*)
data={3.054787, 5.498988, 3.058055, 4.422398, 4.754938, 2.785286, 3.592106, 3.087287, 2.684846, 4.0412, 4.824308, 3.496553, 2.16992, 5.741551, 4.088343, 3.813649, 4.121202, 3.892782, 2.047277, 4.071051, 3.463482, 4.365192, 2.251383, 2.34091, 3.325972, 3.375016, 3.39663, 2.555287, 3.841942, 3.245065, 3.239049, 3.301274, 4.688818, 4.316274, 4.671391, 4.553043, 3.989787, 3.852857, 3.278624, 5.479742, 5.259046, 2.632188, 3.901896, 2.747859, 4.971907, 3.63332, 3.61549, 4.265266, 3.53604, 2.680516, 3.928792};