name="iCMAES-ILS CEC13";
dim=50;
bound=1;
testID=27;
(*--------*)
min=300.;
max=623.3887;
median=300.0003;
mean=307.1057215686274;
std=45.30016463104439;
(*--------*)
data={300., 300.0407, 300., 300.0414, 300.1571, 300.0441, 300., 300., 300., 300.032, 315.122, 300.0003, 319.10790000000003, 300.0454, 300., 301.8526, 300., 300.2045, 300., 300., 300.0041, 300., 300., 300., 301.6346, 300.0438, 300., 300.0398, 300., 300., 300.0075, 300., 300.0275, 300., 300., 300.1012, 300., 300., 623.3887, 300., 300., 300., 300.02970000000005, 300., 300.0132, 300.1395, 300.206, 300.0258, 300.0061, 300., 300.0763};