name="iCMAES-ILS CEC13";
dim=50;
bound=2;
testID=26;
(*--------*)
min=200.0146;
max=300.0735;
median=200.03959999999998;
mean=235.3166274509803;
std=48.25040767639619;
(*--------*)
data={200.0338, 300., 200.0264, 300., 200.03799999999998, 200.02589999999998, 300.0735, 200.03570000000002, 300.0011, 200.03730000000002, 300., 200.0273, 300., 200.02300000000002, 200.0595, 200.0307, 200.039, 200.0616, 200.0193, 300., 300.00300000000004, 200.0414, 200.02710000000002, 300., 200.0188, 300., 200.0405, 300., 200.0232, 200.0387, 200.0223, 200.05730000000003, 300., 200.0263, 200.04059999999998, 300., 300., 200.0237, 200.0194, 300., 200.0146, 200.03959999999998, 200.0243, 200.019, 200.0206, 300., 200.0307, 300., 200.05329999999998, 300., 200.0315};