name="iCMAES-ILS CEC13";
dim=50;
bound=1;
testID=14;
(*--------*)
min=39.79822;
max=1885.136;
median=507.4663;
mean=847.8976325490199;
std=672.644955692803;
(*--------*)
data={1425.78, 641.6936, 1589.1299999999999, 297.5438, 1853.864, 88.68004, 39.79822, 1756.157, 98.71736, 507.4663, 533.0593, 276.4841, 415.5686, 1560.725, 1635.8319999999999, 324.8648, 1875.669, 1718.33, 68.35341, 403.4102, 1651.71, 78.64356, 340.611, 1584.448, 1395.792, 1449.2169999999999, 65.10771, 1243.647, 270.4779, 1854.3110000000001, 306.5429, 1396.674, 166.0936, 83.66991999999999, 332.7962, 826.0954999999999, 279.4034, 180.29999999999998, 1885.136, 1479.485, 1498.637, 313.2989, 403.8055, 1175.309, 1578.915, 1612.426, 1582.602, 80.47654, 325.8755, 278.71250000000003, 411.43289999999996};