name="iCMAES-ILS CEC13";
dim=50;
bound=1;
testID=18;
(*--------*)
min=56.54193;
max=89.08941999999999;
median=60.607800000000005;
mean=63.302325098039205;
std=7.980115264749595;
(*--------*)
data={60.607800000000005, 60.79705, 81.84855999999999, 62.36583, 63.66568, 56.54193, 62.53909, 60.9497, 60.848890000000004, 59.356210000000004, 66.85214, 58.88894, 57.878499999999995, 58.517340000000004, 59.08199, 60.923790000000004, 76.24542, 62.71252, 60.5214, 61.07398, 89.08941999999999, 60.68557, 61.78065, 60.83833, 82.7149, 58.96411, 60.88475, 59.22493, 58.841390000000004, 82.55250000000001, 60.29778, 60.091710000000006, 60.158829999999995, 57.20599, 60.60385, 79.52904000000001, 57.756600000000006, 84.32324, 56.91, 58.96175, 62.43845, 59.54189, 60.03725, 62.619569999999996, 58.475089999999994, 60.21461000000001, 60.81857, 61.04445, 59.70666, 60.09895, 59.790989999999994};