name="iCMAES-ILS CEC13";
dim=50;
bound=0;
testID=2;
(*--------*)
min=6.822074*^-9;
max=9.660638000000002*^-9;
median=8.547413000000001*^-9;
mean=8.49692074509804*^-9;
std=6.545076254336185*^-10;
(*--------*)
data={8.715706*^-9, 8.489271000000001*^-9, 9.055094000000001*^-9, 9.326669000000002*^-9, 9.245443*^-9, 8.348624*^-9, 8.296711*^-9, 8.718562000000001*^-9, 8.690712*^-9, 8.996306000000002*^-9, 8.912781000000001*^-9, 8.418874*^-9, 7.995223000000001*^-9, 8.318920000000001*^-9, 9.450801*^-9, 8.285176000000001*^-9, 6.822074*^-9, 7.842685000000002*^-9, 8.890093*^-9, 8.666942*^-9, 8.745045*^-9, 7.895726*^-9, 9.108766*^-9, 8.889751*^-9, 9.660638000000002*^-9, 7.980091*^-9, 8.563350000000001*^-9, 8.916788000000002*^-9, 8.109978*^-9, 8.033821*^-9, 8.643795000000002*^-9, 7.919487000000001*^-9, 9.166275*^-9, 7.344597*^-9, 9.602257*^-9, 8.241278*^-9, 8.107996000000001*^-9, 8.547413000000001*^-9, 8.020144000000001*^-9, 7.049553000000001*^-9, 9.047137*^-9, 7.1888850000000005*^-9, 7.723766*^-9, 9.520999000000001*^-9, 9.00382*^-9, 7.969030000000001*^-9, 8.030617*^-9, 8.53394*^-9, 9.098709*^-9, 7.975675*^-9, 9.216964000000001*^-9};