name="iCMAES-ILS CEC13";
dim=50;
bound=3;
testID=17;
(*--------*)
min=54.71996;
max=82.92579;
median=57.313359999999996;
mean=58.07858274509803;
std=3.8957137365905505;
(*--------*)
data={61.68971, 57.275150000000004, 57.14993, 58.95173, 56.27928, 57.087779999999995, 55.54545, 55.924310000000006, 56.52629, 56.53078, 57.9692, 56.45018, 61.173140000000004, 55.41131, 57.94249, 57.313359999999996, 59.523700000000005, 59.06451, 58.04022, 56.715030000000006, 58.018530000000005, 55.39166, 57.193, 56.46089, 82.92579, 57.54995, 58.39925, 55.927, 58.00423000000001, 57.98854, 58.42990999999999, 57.747029999999995, 56.21225, 59.083420000000004, 56.329229999999995, 60.84379, 56.843289999999996, 58.49723, 58.38144, 55.561220000000006, 57.230239999999995, 57.723620000000004, 61.808569999999996, 56.43587, 56.01106, 59.81257, 58.848330000000004, 58.05758, 56.94757, 54.71996, 56.06115};