name="iCMAES-ILS CEC13";
dim=50;
bound=0;
testID=13;
(*--------*)
min=1.989918;
max=21.511879999999998;
median=4.974795;
mean=5.659760823529411;
std=3.0021278220130054;
(*--------*)
data={4.974795, 5.079266, 6.964713, 3.979836, 6.577709, 21.511879999999998, 3.979836, 6.063217, 6.643464, 2.984877, 10.856259999999999, 3.979836, 8.282328, 3.979836, 4.974795, 4.974795, 2.984877, 4.974795, 3.979836, 4.974795, 8.066112, 4.018533, 2.984877, 4.974795, 4.974795, 9.955721, 4.974795, 5.204861, 6.022998, 3.979836, 6.964713, 5.969754, 7.328804, 2.984877, 2.984877, 7.107815, 4.974795, 5.97632, 3.985348, 6.297014, 3.979836, 6.964713, 10.964910000000001, 3.979836, 4.974795, 2.984877, 2.438397, 5.977626, 1.989918, 5.969754, 5.969754};