name="iCMAES-ILS CEC13";
dim=50;
bound=0;
testID=1;
(*--------*)
min=6.036466*^-9;
max=9.055752*^-9;
median=7.808181000000001*^-9;
mean=7.772944980392155*^-9;
std=6.852114540972443*^-10;
(*--------*)
data={6.865476000000001*^-9, 7.808181000000001*^-9, 7.561514*^-9, 8.136227*^-9, 7.021652*^-9, 8.917458*^-9, 8.267687000000001*^-9, 7.582825*^-9, 8.264522*^-9, 7.173202000000001*^-9, 8.850761000000001*^-9, 8.925019000000002*^-9, 6.797782*^-9, 7.851397000000001*^-9, 8.236184000000001*^-9, 7.430202000000001*^-9, 7.0918360000000006*^-9, 7.802697000000001*^-9, 8.120891*^-9, 8.129632*^-9, 9.00644*^-9, 6.811522000000001*^-9, 7.693723*^-9, 8.269882000000001*^-9, 7.585104000000001*^-9, 7.515801*^-9, 6.970198*^-9, 6.036466*^-9, 8.669478*^-9, 6.425472*^-9, 8.393628*^-9, 8.254975*^-9, 7.35084*^-9, 7.468262*^-9, 8.668425*^-9, 9.055752*^-9, 8.248765000000001*^-9, 7.395516*^-9, 7.335949000000001*^-9, 7.498443000000001*^-9, 7.891724*^-9, 7.80885*^-9, 7.936117000000002*^-9, 7.993558*^-9, 7.478138*^-9, 8.230748*^-9, 7.043237000000001*^-9, 7.542103*^-9, 6.800954*^-9, 7.959941000000001*^-9, 8.245038*^-9};