name="iCMAES-ILS CEC13";
dim=50;
bound=4;
testID=10;
(*--------*)
min=6.2171560000000004*^-9;
max=9.382960000000001*^-9;
median=8.297557*^-9;
mean=8.089362862745097*^-9;
std=8.219939376996892*^-10;
(*--------*)
data={8.407131000000001*^-9, 7.009379*^-9, 6.968195*^-9, 6.978251*^-9, 7.795703*^-9, 7.823858*^-9, 7.967478*^-9, 7.257225000000001*^-9, 8.327886*^-9, 7.410650000000001*^-9, 8.411092000000001*^-9, 8.669982*^-9, 8.338585000000001*^-9, 7.945324*^-9, 8.666689000000001*^-9, 8.112129*^-9, 6.818392*^-9, 7.135928*^-9, 8.441654000000001*^-9, 9.27272*^-9, 8.58358*^-9, 6.649681000000001*^-9, 8.297557*^-9, 8.724717000000001*^-9, 7.071254*^-9, 8.322905*^-9, 9.116337*^-9, 7.700822*^-9, 9.275592*^-9, 7.3586280000000005*^-9, 8.967698000000001*^-9, 8.743303*^-9, 7.217124000000001*^-9, 9.304973000000001*^-9, 8.852292000000001*^-9, 8.851732000000001*^-9, 7.627348*^-9, 7.999197000000001*^-9, 6.980965000000001*^-9, 7.70008*^-9, 8.38098*^-9, 9.351445*^-9, 9.302753*^-9, 8.361953*^-9, 7.616480000000001*^-9, 9.382960000000001*^-9, 7.313976000000001*^-9, 7.81467*^-9, 6.2171560000000004*^-9, 9.021727*^-9, 8.689370000000001*^-9};