name="iCMAES-ILS CEC13";
dim=50;
bound=2;
testID=18;
(*--------*)
min=56.07558;
max=91.34923;
median=61.78604;
mean=65.6016819607843;
std=9.71792207496603;
(*--------*)
data={61.16774, 59.42237, 59.003519999999995, 77.77674, 59.28718, 78.23452, 62.49956, 56.68252, 65.61821, 59.313700000000004, 58.734590000000004, 60.36407, 61.78604, 71.71824, 59.0726, 62.12558, 79.67607, 59.138909999999996, 60.55413, 63.5614, 86.61596, 91.05695, 56.77835, 58.4332, 59.04918000000001, 78.22133, 60.330839999999995, 74.16639, 59.777370000000005, 59.61126, 73.49994, 56.07558, 63.28689, 57.59976, 82.56447, 66.60777999999999, 56.87521, 91.34923, 65.77391, 61.845119999999994, 58.326209999999996, 60.836389999999994, 58.26535, 63.833510000000004, 62.66582, 62.51482, 57.93962, 62.24454, 79.58371, 59.148500000000006, 85.0709};