name="iCMAES-ILS CEC13";
dim=50;
bound=2;
testID=17;
(*--------*)
min=54.81037;
max=62.595150000000004;
median=56.955200000000005;
mean=57.55413254901961;
std=1.7718637321790223;
(*--------*)
data={56.20443, 57.22252, 56.5494, 56.28076, 56.71464, 59.61848, 57.608019999999996, 56.83491, 56.567040000000006, 56.20161, 55.81298, 56.57128, 55.83843, 55.4739, 57.353249999999996, 55.85583, 56.724740000000004, 59.11517, 58.89399, 56.113980000000005, 56.02438, 56.76959, 59.50937, 56.9418, 60.39262, 62.595150000000004, 55.33977, 58.01236, 57.61335, 58.52147000000001, 58.99588, 56.30313, 57.94803, 57.30038999999999, 56.10736, 54.81037, 60.722069999999995, 60.12573, 57.45614, 56.955200000000005, 58.61957, 55.93893, 59.52548, 58.34685999999999, 59.612170000000006, 62.255520000000004, 56.739309999999996, 55.795680000000004, 59.004830000000005, 58.104310000000005, 55.31858};