name="iCMAES-ILS CEC13";
dim=50;
bound=3;
testID=26;
(*--------*)
min=200.0131;
max=300.;
median=200.0378;
mean=225.51539607843142;
std=43.99937311619774;
(*--------*)
data={200.0314, 200.0237, 200.0243, 200.0337, 300., 300., 300., 200.0292, 200.0284, 200.0283, 300., 300., 200.0444, 200.04, 200.05229999999997, 200.01600000000002, 300., 200.0212, 200.05079999999998, 200.0258, 200.0231, 200.0192, 200.0342, 300., 200.052, 200.01989999999998, 200.0352, 200.03310000000002, 200.0582, 200.02450000000002, 200.0131, 200.0559, 300., 300., 200.0378, 200.0362, 300., 300., 200.06189999999998, 200.0208, 200.0352, 200.03820000000002, 200.0207, 300., 200.0327, 200.02659999999997, 200.0414, 300., 200.0401, 200.02939999999998, 200.04629999999997};