name="iCMAES-ILS CEC13";
dim=50;
bound=2;
testID=2;
(*--------*)
min=6.1735100000000005*^-9;
max=9.661433000000002*^-9;
median=8.731344000000001*^-9;
mean=8.527308725490196*^-9;
std=8.477516628104502*^-10;
(*--------*)
data={9.013132000000002*^-9, 7.236823*^-9, 9.195343*^-9, 8.382815000000002*^-9, 9.295181*^-9, 7.581903*^-9, 9.400401*^-9, 7.874371*^-9, 9.138473*^-9, 7.259832*^-9, 8.40795*^-9, 9.130177*^-9, 8.557261*^-9, 8.766531000000001*^-9, 8.429492*^-9, 8.81105*^-9, 6.858911*^-9, 9.071246000000001*^-9, 6.7402160000000005*^-9, 9.340213000000001*^-9, 8.864929000000001*^-9, 9.605975000000002*^-9, 7.901753000000001*^-9, 8.530768000000001*^-9, 8.678746000000001*^-9, 9.272999000000001*^-9, 9.133278*^-9, 8.609871000000001*^-9, 9.075827*^-9, 9.620273*^-9, 8.705220000000002*^-9, 8.919564*^-9, 8.993793000000001*^-9, 8.444364000000001*^-9, 8.731344000000001*^-9, 8.069586*^-9, 9.037508000000002*^-9, 8.529593*^-9, 8.339403*^-9, 7.857418*^-9, 9.661433000000002*^-9, 8.893981*^-9, 6.883339000000001*^-9, 8.739231*^-9, 6.870077000000001*^-9, 9.091010000000002*^-9, 9.634822000000001*^-9, 6.1735100000000005*^-9, 7.737648*^-9, 8.177866*^-9, 9.616295*^-9};