name="iCMAES-ILS CEC13";
dim=50;
bound=4;
testID=4;
(*--------*)
min=6.258487*^-9;
max=9.545937000000001*^-9;
median=8.255619*^-9;
mean=8.225218568627452*^-9;
std=7.203356968825925*^-10;
(*--------*)
data={8.269667*^-9, 9.080920000000001*^-9, 8.350334000000001*^-9, 9.545937000000001*^-9, 8.619884000000001*^-9, 7.590291*^-9, 7.893547*^-9, 8.571181*^-9, 7.1336240000000005*^-9, 8.142768000000001*^-9, 8.641119000000001*^-9, 9.350979*^-9, 8.427614*^-9, 8.676625*^-9, 7.664847*^-9, 9.499240000000002*^-9, 7.803674*^-9, 8.629078*^-9, 9.016598000000001*^-9, 8.067596*^-9, 8.423526000000001*^-9, 8.243785000000002*^-9, 8.477333*^-9, 8.152732000000001*^-9, 7.991118000000001*^-9, 8.517626*^-9, 8.401172*^-9, 9.129116*^-9, 8.255619*^-9, 8.291436*^-9, 6.258487*^-9, 7.559776000000001*^-9, 8.680472*^-9, 7.717006*^-9, 8.233424*^-9, 7.609696*^-9, 8.994237999999999*^-9, 7.75462*^-9, 8.029904*^-9, 8.918575*^-9, 9.380851*^-9, 6.821655*^-9, 8.236985000000001*^-9, 7.960541*^-9, 8.443391999999999*^-9, 8.252588*^-9, 6.953443000000001*^-9, 8.059551000000002*^-9, 7.624525000000001*^-9, 6.3505030000000005*^-9, 8.786929000000002*^-9};