name="iCMAES-ILS CEC13";
dim=50;
bound=3;
testID=23;
(*--------*)
min=864.2542000000001;
max=3975.7760000000003;
median=1589.9669999999999;
mean=1664.80157254902;
std=489.6642746386041;
(*--------*)
data={1848.6100000000001, 1476.469, 1112.068, 1219.479, 1618.974, 2184.0510000000004, 1432.611, 1938.193, 1701.314, 1224.021, 1788.383, 3975.7760000000003, 1810.482, 2181.3129999999996, 1490.402, 1222.7030000000002, 2351.949, 2468.859, 1760.657, 1826.503, 2455.117, 1704.0610000000001, 1975.6180000000002, 1577.625, 1522.68, 1231.99, 1195.0140000000001, 1357.655, 1109.635, 1290.286, 2088.6800000000003, 1510.601, 1515.64, 1630.114, 1665.165, 1674.434, 1180.9940000000001, 1608.851, 2239.0789999999997, 864.2542000000001, 1985.509, 1337.368, 1111.939, 1557.61, 1710.283, 1589.9669999999999, 1520.03, 1455.527, 1590.854, 1557.863, 1457.62};