name="iCMAES-ILS CEC13";
dim=50;
bound=4;
testID=15;
(*--------*)
min=139.9353;
max=1403.7379999999998;
median=681.5025999999999;
mean=704.1573254901964;
std=238.49880940930157;
(*--------*)
data={732.1517, 753.9944, 739.2746999999999, 396.5333, 513.0366, 495.3125, 154.9317, 723.6122, 698.4279, 505.0381, 669.7083, 824.4992, 846.7509, 663.5301000000001, 1163.2610000000002, 1403.7379999999998, 501.3258000000001, 565.0094, 598.0305999999999, 917.4445999999999, 794.6618, 811.5565, 1089.032, 505.6552, 402.34069999999997, 509.9971, 802.5061000000001, 639.2497999999999, 801.8287, 961.9491, 796.5879, 681.5025999999999, 613.3065, 496.9606, 674.863, 498.8646, 626.6737, 912.6667, 803.5691999999999, 625.1956, 1033.9940000000001, 800.9278, 1236.717, 139.9353, 755.1966, 519.379, 626.7806, 604.8677, 982.8095, 739.6621, 557.1755999999999};