name="iCMAES-ILS CEC13";
dim=50;
bound=1;
testID=3;
(*--------*)
min=5.932973*^-9;
max=0.3487893;
median=9.692781000000001*^-9;
mean=0.008066451441981313;
std=0.049064314054207595;
(*--------*)
data={9.545187*^-9, 8.609329000000002*^-9, 8.904751*^-9, 0.3487893, 9.995119000000001*^-9, 9.171234*^-9, 8.184202*^-9, 1.1213230000000001*^-8, 9.255465*^-9, 9.723123*^-9, 8.023838000000001*^-9, 9.137636000000002*^-9, 9.052808000000002*^-9, 8.752598000000002*^-9, 9.994394*^-9, 9.907451999999999*^-9, 9.563936*^-9, 9.957199*^-9, 0.043680050000000005, 8.805149000000001*^-9, 9.692781000000001*^-9, 0.008346548, 1.114371*^-6, 1.319378*^-7, 8.821007*^-9, 1.741897*^-7, 9.971909*^-9, 5.932973*^-9, 9.106210000000001*^-9, 7.243592*^-9, 8.016272000000001*^-9, 7.291414*^-9, 9.878262*^-9, 9.92183*^-9, 9.977146*^-9, 9.726676*^-9, 9.994410000000002*^-9, 4.66004*^-7, 9.360149*^-9, 9.927019*^-9, 0.0007024964, 9.353833*^-9, 3.62946*^-6, 8.522176*^-9, 8.586625*^-9, 2.152771*^-8, 0.0036958760000000003, 9.405572*^-9, 9.316610000000001*^-9, 0.0061688590000000005, 8.807721*^-9};