name="iCMAES-ILS CEC13";
dim=50;
bound=3;
testID=20;
(*--------*)
min=12.31299;
max=25.;
median=18.80189;
mean=17.871407647058827;
std=2.302806015752598;
(*--------*)
data={18.80189, 19.41243, 19.74862, 12.31299, 15.606489999999999, 16.0221, 19.14575, 19.55227, 20.36627, 18.0473, 15.792649999999998, 18.78973, 19.47673, 20.069029999999998, 15.71079, 18.86868, 19.67254, 19.41867, 18.82357, 13.8906, 16.09129, 15.88916, 13.71406, 16.85603, 19.85314, 17.4302, 17.10943, 19.22278, 14.98227, 15.322769999999998, 19.0529, 19.24926, 19.23788, 19.87886, 15.045729999999999, 19.529220000000002, 16.26051, 16.77354, 19.33764, 19.8764, 19.274610000000003, 17.31335, 16.99165, 13.65057, 19.90446, 20.13038, 18.30669, 18.98355, 15.523, 16.12136, 25.};