name="iCMAES-ILS CEC13";
dim=50;
bound=2;
testID=6;
(*--------*)
min=1.455949;
max=43.47738;
median=43.45923;
mean=41.86156335294117;
std=7.983127368849519;
(*--------*)
data={43.467589999999994, 43.46153, 43.460809999999995, 43.44904, 43.462059999999994, 1.455949, 43.45226, 43.45997, 43.44805, 43.46458, 43.466820000000006, 43.45005999999999, 43.46044, 43.44794, 43.44806, 43.4573, 43.461299999999994, 43.466319999999996, 43.46013, 43.44772, 43.45102, 4.058502, 43.45509, 43.44845, 43.47738, 43.46941, 43.46209, 43.454550000000005, 43.462129999999995, 43.45923, 43.450379999999996, 43.459500000000006, 43.45278999999999, 43.46718, 43.46636, 43.451190000000004, 43.46089, 43.45941, 43.447919999999996, 43.46678, 43.45268, 43.44933, 43.44877, 43.4624, 43.459500000000006, 43.448969999999996, 43.459199999999996, 43.45021, 43.45639, 43.46463, 43.459469999999996};