name="iCMAES-ILS CEC13";
dim=50;
bound=0;
testID=23;
(*--------*)
min=33.826209999999996;
max=1643.781;
median=481.0627;
mean=532.104675490196;
std=355.43549400778727;
(*--------*)
data={372.059, 633.2118, 481.0627, 554.9714, 655.4838, 636.4079, 1024.764, 99.40756999999999, 462.8286, 535.6287, 166.8733, 807.9439000000001, 93.23532, 605.0787, 537.6091, 625.6102000000001, 108.1702, 991.1165000000001, 431.3048, 702.0779, 91.20392000000001, 199.9279, 504.5083, 636.3568, 844.1516999999999, 407.5779, 1030.9250000000002, 1441.282, 234.3921, 833.3731, 419.2026, 382.3919, 1643.781, 498.7814, 1363.724, 98.91703, 1061.884, 371.6805, 693.3036000000001, 412.2134, 333.8311, 33.826209999999996, 457.815, 506.32419999999996, 218.01279999999997, 359.4305, 148.4402, 576.8084, 215.5643, 240.03969999999998, 352.8225};