name="iCMAES-ILS CEC13";
dim=50;
bound=3;
testID=5;
(*--------*)
min=9.658645*^-9;
max=5.204428*^-8;
median=1.6525209999999998*^-8;
mean=1.8349362039215687*^-8;
std=8.893474218126346*^-9;
(*--------*)
data={1.670178*^-8, 1.999149*^-8, 1.591346*^-8, 1.4749909999999999*^-8, 1.58216*^-8, 5.204428*^-8, 9.658645*^-9, 2.216284*^-8, 1.1650620000000001*^-8, 1.6524669999999998*^-8, 1.6525209999999998*^-8, 1.841499*^-8, 1.153378*^-8, 2.538639*^-8, 1.653649*^-8, 9.956734*^-9, 3.723811*^-8, 1.0131040000000001*^-8, 1.2227*^-8, 1.251267*^-8, 2.669833*^-8, 9.867503*^-9, 2.5826639999999998*^-8, 3.595357*^-8, 1.486436*^-8, 1.811405*^-8, 1.236095*^-8, 2.307235*^-8, 1.0688150000000001*^-8, 9.983287000000001*^-9, 1.125245*^-8, 9.832761000000001*^-9, 2.506818*^-8, 9.967884*^-9, 2.885315*^-8, 9.954277*^-9, 2.048616*^-8, 2.055345*^-8, 1.759765*^-8, 2.052111*^-8, 3.4225599999999996*^-8, 1.211632*^-8, 1.520881*^-8, 1.062906*^-8, 2.023856*^-8, 2.3169019999999997*^-8, 9.964473000000001*^-9, 1.0986700000000001*^-8, 3.642287*^-8, 1.88968*^-8, 1.676128*^-8};