name="iCMAES-ILS CEC13";
dim=50;
bound=0;
testID=26;
(*--------*)
min=200.0206;
max=300.0274;
median=200.05670000000003;
mean=241.2015470588235;
std=49.68531691925232;
(*--------*)
data={200.0319, 300., 300., 300., 200.0416, 300., 200.027, 200.0312, 300., 200.0571, 200.0404, 200.05829999999997, 200.0592, 200.046, 200.0343, 200.03769999999997, 300., 200.0489, 200.0398, 200.0338, 300., 200.04270000000002, 200.0242, 200.04070000000002, 300.0081, 300.0016, 300., 200.0445, 300., 300., 200.04559999999998, 300., 300., 200.08059999999998, 200.0362, 300., 200.0257, 300.0274, 200.02399999999997, 200.02339999999998, 300., 200.0545, 200.05670000000003, 300., 200.0419, 300., 200.04979999999998, 200.0206, 300., 200.0435, 300.};