name="iCMAES-ILS CEC13";
dim=50;
bound=3;
testID=6;
(*--------*)
min=1.26854;
max=43.54261;
median=43.45644;
mean=38.63606817647059;
std=12.59550807294115;
(*--------*)
data={43.52532, 43.44869, 43.45198, 43.46908, 5.307751, 43.462500000000006, 43.4748, 26.66697, 43.48309999999999, 43.45644, 1.761633, 43.453030000000005, 43.447329999999994, 43.514759999999995, 43.496309999999994, 43.450990000000004, 43.49905, 43.45085, 43.510859999999994, 43.447329999999994, 43.4859, 7.617371, 8.08343, 43.456149999999994, 43.46646, 43.45024000000001, 43.4939, 43.46189, 43.48572, 43.54261, 43.467890000000004, 43.45092, 43.44883, 43.450559999999996, 43.44892, 43.479910000000004, 43.45223, 43.44937, 43.473490000000005, 43.48391, 43.45518, 43.47275, 1.26854, 43.48010000000001, 7.039802, 43.464020000000005, 43.4881, 43.45057, 43.48438, 43.45942, 43.44814};