name="iCMAES-ILS CEC13";
dim=50;
bound=2;
testID=4;
(*--------*)
min=5.743457000000001*^-9;
max=9.276565*^-9;
median=8.16193*^-9;
mean=8.105212843137256*^-9;
std=7.432504568906062*^-10;
(*--------*)
data={7.994552000000001*^-9, 7.518544000000001*^-9, 7.854964*^-9, 7.867914*^-9, 7.111812*^-9, 8.831384*^-9, 8.432186*^-9, 7.3067770000000006*^-9, 8.170326*^-9, 9.076202000000001*^-9, 7.680936*^-9, 7.855352*^-9, 7.584034000000001*^-9, 7.914502*^-9, 8.570057000000002*^-9, 8.0284*^-9, 8.371008*^-9, 8.056442000000001*^-9, 8.854544*^-9, 8.655238000000002*^-9, 8.303686000000002*^-9, 8.678238000000001*^-9, 8.979121*^-9, 7.889152000000001*^-9, 8.968076*^-9, 7.644721*^-9, 8.610855000000002*^-9, 7.2630810000000004*^-9, 8.400864000000002*^-9, 8.299113*^-9, 8.515922*^-9, 8.630469*^-9, 7.951564*^-9, 6.167909*^-9, 8.556302000000001*^-9, 8.465239*^-9, 8.16193*^-9, 6.5272160000000005*^-9, 8.102752000000002*^-9, 8.661377*^-9, 6.6797910000000005*^-9, 8.126165*^-9, 7.841063*^-9, 7.931300000000001*^-9, 7.954799000000001*^-9, 8.231585*^-9, 9.010517*^-9, 5.743457000000001*^-9, 8.996999*^-9, 9.276565*^-9, 9.060853*^-9};