name="iCMAES-ILS CEC13";
dim=50;
bound=2;
testID=5;
(*--------*)
min=9.809283000000001*^-9;
max=3.435469*^-8;
median=1.1769510000000001*^-8;
mean=1.492651752941177*^-8;
std=6.861455758400939*^-9;
(*--------*)
data={9.984289000000001*^-9, 1.743617*^-8, 1.118805*^-8, 1.8152850000000002*^-8, 1.480585*^-8, 9.886747*^-9, 1.078225*^-8, 1.049507*^-8, 3.435469*^-8, 1.534282*^-8, 2.725631*^-8, 1.361305*^-8, 1.931023*^-8, 9.809283000000001*^-9, 9.985313*^-9, 1.613893*^-8, 9.971882000000002*^-9, 9.819916*^-9, 1.1966079999999998*^-8, 1.402798*^-8, 9.943981000000002*^-9, 3.0444520000000005*^-8, 3.129044*^-8, 9.937603*^-9, 9.910538000000002*^-9, 9.944355*^-9, 2.417415*^-8, 1.2472620000000002*^-8, 9.977807000000001*^-9, 9.863314000000001*^-9, 1.007297*^-8, 1.067109*^-8, 1.2525550000000001*^-8, 1.1769510000000001*^-8, 1.7117670000000002*^-8, 1.1096299999999999*^-8, 9.903407*^-9, 1.2739810000000001*^-8, 1.929049*^-8, 2.0021710000000002*^-8, 3.271173*^-8, 1.948676*^-8, 1.0945260000000002*^-8, 1.754775*^-8, 1.1671549999999999*^-8, 9.8843*^-9, 1.207789*^-8, 1.053001*^-8, 9.934479*^-9, 9.93897*^-9, 2.9028100000000002*^-8};