name="iCMAES-ILS CEC13";
dim=50;
bound=1;
testID=15;
(*--------*)
min=131.7753;
max=1770.031;
median=626.6729;
mean=629.7927137254902;
std=267.508904591768;
(*--------*)
data={137.4567, 626.6729, 563.1711, 923.4512000000001, 668.3973, 397.9118, 498.2876, 1008.2860000000001, 375.4813, 901.4787, 869.1890000000001, 671.2148, 741.9645, 730.8856999999999, 532.6233, 912.5052999999999, 712.7816, 808.7007, 554.0243, 610.3452, 319.1967, 1073.176, 258.2915, 618.5404, 521.5767, 248.4462, 401.1197, 643.0662, 673.3857, 131.7753, 377.8343, 491.5189, 673.2321, 681.0487, 614.1415000000001, 560.3683, 378.7285, 644.0331, 672.7853, 1770.031, 591.6021, 956.0292999999999, 558.8915, 748.691, 258.95160000000004, 623.1484, 667.2112000000001, 840.4559, 523.0106000000001, 672.5157, 681.796};