name="iCMAES-ILS CEC13";
dim=50;
bound=3;
testID=11;
(*--------*)
min=0.9949591;
max=10.94455;
median=5.969754;
mean=6.338373100000003;
std=1.9720858565311687;
(*--------*)
data={0.9949591, 5.969754, 7.959672, 4.974795, 5.969754, 6.964713, 7.959672, 8.954632, 3.875183, 4.974795, 7.959672, 5.969754, 9.949591, 5.969754, 3.979836, 9.949591, 6.964713, 5.969754, 3.979836, 6.964713, 3.979836, 6.964713, 5.969754, 4.974795, 5.969754, 3.979836, 6.964713, 7.959672, 7.959672, 10.94455, 5.969754, 7.959672, 4.974795, 4.974795, 6.964713, 3.979836, 5.969754, 7.959672, 4.974795, 2.984877, 5.969754, 6.964713, 5.969754, 9.949591, 3.979836, 5.969754, 5.969754, 9.949591, 6.964713, 5.969754, 6.964713};