name="iCMAES-ILS CEC13";
dim=50;
bound=0;
testID=12;
(*--------*)
min=9.617825000000001*^-9;
max=8.954632;
median=5.969754;
mean=5.5600756276395655;
std=2.011458763786194;
(*--------*)
data={8.954632, 8.954632, 2.984877, 3.979836, 5.970289, 8.954632, 2.984877, 3.979836, 8.954632, 2.984877, 3.979836, 4.974795, 6.964713, 5.969754, 3.979836, 4.974795, 4.974795, 5.969754, 4.974795, 6.964713, 5.969754, 4.974795, 2.984877, 9.617825000000001*^-9, 6.964713, 6.964713, 1.989918, 5.969754, 3.979836, 7.959672, 4.974795, 6.964713, 6.964713, 6.964713, 8.954632, 4.974795, 4.974795, 6.964713, 4.974797, 6.964713, 2.984877, 4.974795, 5.969754, 5.969754, 2.984877, 7.959672, 2.984877, 7.959672, 5.969754, 4.974795, 6.964713};