name="iCMAES-ILS CEC13";
dim=50;
bound=2;
testID=9;
(*--------*)
min=9.087067*^-9;
max=16.80619;
median=10.490950000000002;
mean=10.046996729723277;
std=3.787375147268462;
(*--------*)
data={9.373156, 12.84967, 10.20556, 10.15965, 11.31421, 7.163733, 6.062385, 12.352559999999999, 13.64601, 8.639051, 0.005393556000000001, 9.794294, 13.90986, 11.246030000000001, 0.0002677108, 10.329699999999999, 15.175080000000001, 12.20872, 0.01444494, 7.483057, 8.357963, 10.16554, 11.68963, 14.291599999999999, 10.164740000000002, 10.512049999999999, 10.93998, 3.874983, 12.12111, 11.65742, 9.613007, 7.115739, 11.464970000000001, 13.28501, 13.261529999999999, 12.14485, 9.358612, 12.899080000000001, 12.33709, 14.438320000000001, 9.087067*^-9, 10.0306, 8.26745, 13.484100000000002, 10.490950000000002, 9.145169, 11.812940000000001, 16.80619, 10.16187, 11.217369999999999, 9.354138};