name="iCMAES-ILS CEC13";
dim=50;
bound=4;
testID=20;
(*--------*)
min=23.96891;
max=24.99993;
median=24.509690000000003;
mean=24.474213333333335;
std=0.2040312009342363;
(*--------*)
data={24.50967, 24.509690000000003, 24.5, 24.50971, 24.5, 24.50965, 24.50972, 24.50972, 24.50001, 24.50882, 24.5092, 24.509690000000003, 24.5, 24.50972, 24.50972, 24.50972, 24.99888, 24.50972, 24.017879999999998, 24.99988, 24.5, 24.50972, 24.49999, 24.50972, 24.5097, 24.50972, 24.02299, 23.96891, 24.50972, 24.50971, 24.5, 24.40578, 24.99993, 24.50972, 24.5, 24.50972, 24.508390000000002, 24.50972, 24.4999, 24.04694, 24.50953, 24.50972, 24.50972, 24.50956, 24.01894, 24.19141, 24.50972, 24.50971, 24.21545, 24.50972, 24.50972};