name="iCMAES-ILS CEC13";
dim=50;
bound=2;
testID=22;
(*--------*)
min=170.09099999999998;
max=2444.531;
median=1768.588;
mean=1413.7359196078435;
std=728.3875858307192;
(*--------*)
data={2374.3500000000004, 1915.433, 2019.393, 2266.7709999999997, 621.1726, 2223.893, 1958.3310000000001, 371.8689, 421.4558, 1957.123, 472.6533, 1598.1860000000001, 455.47510000000005, 2184.484, 2444.531, 1833.826, 2110.552, 796.7943, 1858.1499999999999, 2270.079, 842.2171999999999, 1627.3629999999998, 178.66500000000002, 1807.631, 1768.588, 1898.777, 317.5801, 2008.928, 1827.3919999999998, 429.6309, 1805.034, 170.09099999999998, 1262.065, 2040.5910000000001, 378.6883, 1430.55, 562.0073, 1728.6319999999998, 1798.726, 585.054, 354.2284, 1990.3310000000001, 1924.5710000000001, 1674.445, 1485.8290000000002, 1873.918, 1773.308, 1656.414, 2049.9700000000003, 248.178, 446.6067};