name="iCMAES-ILS CEC13";
dim=50;
bound=1;
testID=22;
(*--------*)
min=152.5264;
max=2253.682;
median=303.9298;
mean=637.2957098039216;
std=642.3872461823513;
(*--------*)
data={275.5489, 1831.8220000000001, 256.4446, 260.4959, 655.0516, 292.0401, 338.0995, 1665.162, 193.8458, 237.69840000000002, 325.38100000000003, 260.1248, 1802.154, 303.9298, 270.4367, 362.59749999999997, 348.61789999999996, 1726.1550000000002, 565.7848, 285.48740000000004, 1423.297, 1868.512, 1963.422, 283.5448, 204.44619999999998, 503.69590000000005, 695.8448, 508.2198, 156.8336, 205.2076, 2138.375, 1903.2720000000002, 2253.682, 365.923, 224.0721, 284.7421, 218.63760000000002, 228.49439999999998, 266.8921, 274.21229999999997, 593.8386, 248.21149999999997, 245.2292, 421.95790000000005, 191.11849999999998, 310.6678, 1297.3790000000001, 321.62289999999996, 152.5264, 192.2935, 299.0319};