name="iCMAES-ILS CEC13";
dim=50;
bound=4;
testID=9;
(*--------*)
min=8.091629*^-9;
max=15.190529999999999;
median=9.747951;
mean=9.177243087452776;
std=3.500585439853644;
(*--------*)
data={5.866426, 11.67237, 9.683488, 13.7141, 7.58311, 7.729631, 11.52403, 10.83352, 9.747951, 9.668475, 10.35178, 10.277149999999999, 11.09851, 9.046663, 11.525049999999998, 10.67669, 13.56732, 9.90681, 8.54793, 8.074337, 11.482460000000001, 8.209324, 15.190529999999999, 8.90126, 11.262179999999999, 8.398706, 9.652319, 0.007885481, 8.091629*^-9, 0.000357776, 8.590259, 9.607119, 8.534645, 0.002320195, 6.855063, 7.51695, 10.64305, 10.56579, 12.96824, 12.85494, 10.29547, 3.954892, 7.839799, 11.664589999999999, 15.18979, 9.887376, 6.741196, 11.93009, 10.24073, 6.483605, 11.473120000000002};