name="iCMAES-ILS CEC13";
dim=50;
bound=0;
testID=18;
(*--------*)
min=55.571;
max=86.7986;
median=60.80736;
mean=63.51971156862747;
std=8.073247960913717;
(*--------*)
data={59.61254, 61.60837, 61.218289999999996, 59.53397, 82.90913, 76.36424, 86.43160999999999, 58.23925, 59.18497000000001, 59.91929, 64.18943999999999, 58.76801999999999, 62.45682000000001, 62.942600000000006, 58.71470000000001, 57.6887, 62.42566, 60.80736, 60.38037, 60.798649999999995, 59.95442, 61.19208999999999, 61.76125, 55.571, 59.43998, 61.63294, 61.47502, 59.363749999999996, 61.59373000000001, 57.86234999999999, 59.33752, 61.632220000000004, 57.81039, 62.104330000000004, 63.85432, 86.7986, 84.85754, 62.691, 80.76971, 62.19824, 60.66831, 81.71684, 60.59732, 58.66517, 59.76551, 59.66273, 63.564429999999994, 59.16249, 62.37159, 59.715309999999995, 57.521209999999996};