name="iCMAES-ILS CEC13";
dim=50;
bound=0;
testID=4;
(*--------*)
min=6.862299000000001*^-9;
max=9.331923*^-9;
median=8.29036*^-9;
mean=8.273998960784315*^-9;
std=6.208681526196674*^-10;
(*--------*)
data={8.184366000000002*^-9, 7.910945000000001*^-9, 8.463785*^-9, 8.238210000000001*^-9, 9.240548000000001*^-9, 8.992452*^-9, 8.920054*^-9, 8.764932000000001*^-9, 8.0652*^-9, 8.316586*^-9, 6.889245*^-9, 8.872362000000001*^-9, 7.961505*^-9, 9.124059000000002*^-9, 8.301891*^-9, 7.808262*^-9, 8.180895*^-9, 8.552251*^-9, 8.22674*^-9, 7.739785000000001*^-9, 8.967032*^-9, 7.292018*^-9, 8.09474*^-9, 9.331923*^-9, 7.103991*^-9, 8.085566000000001*^-9, 8.517839*^-9, 8.403711*^-9, 8.13257*^-9, 8.048219*^-9, 8.834163*^-9, 8.635586*^-9, 6.987110000000001*^-9, 8.29036*^-9, 8.053979*^-9, 8.860550000000001*^-9, 9.068195*^-9, 7.764797*^-9, 8.19503*^-9, 8.345062000000001*^-9, 7.487526*^-9, 8.639254*^-9, 8.848322000000001*^-9, 9.100491*^-9, 7.88357*^-9, 7.279270000000001*^-9, 6.862299000000001*^-9, 8.88332*^-9, 8.482105000000001*^-9, 7.934713*^-9, 8.806563*^-9};