name="iCMAES-ILS CEC13";
dim=50;
bound=4;
testID=2;
(*--------*)
min=6.566808*^-9;
max=9.848946*^-9;
median=8.718790000000001*^-9;
mean=8.654250313725492*^-9;
std=7.502364678894648*^-10;
(*--------*)
data={8.605243*^-9, 9.457147000000002*^-9, 6.920358000000001*^-9, 8.668569*^-9, 9.663632*^-9, 9.044577*^-9, 8.413644*^-9, 8.759835*^-9, 9.753534000000001*^-9, 6.902632*^-9, 7.300438*^-9, 9.107502000000001*^-9, 8.642385000000001*^-9, 8.659907000000001*^-9, 9.175607*^-9, 8.907816*^-9, 9.582115000000001*^-9, 8.799984000000001*^-9, 9.071650000000001*^-9, 8.692989000000002*^-9, 9.848946*^-9, 9.098696000000002*^-9, 8.654265000000001*^-9, 8.933868000000002*^-9, 9.029253*^-9, 8.718790000000001*^-9, 8.075016*^-9, 9.278352*^-9, 8.6226*^-9, 7.3069220000000005*^-9, 8.312337*^-9, 9.694524*^-9, 8.86478*^-9, 8.504576000000001*^-9, 8.632571000000001*^-9, 9.70985*^-9, 8.735259*^-9, 6.566808*^-9, 9.077982000000001*^-9, 8.972060000000002*^-9, 8.335417*^-9, 8.472512*^-9, 8.521981*^-9, 7.972807000000001*^-9, 9.501631*^-9, 7.517144*^-9, 8.066126000000001*^-9, 8.119436000000001*^-9, 8.026552*^-9, 8.72885*^-9, 9.337291000000001*^-9};