name="iCMAES-ILS CEC13";
dim=50;
bound=0;
testID=9;
(*--------*)
min=9.417181*^-9;
max=13.70501;
median=9.186354;
mean=8.35187107865524;
std=3.8610087124007646;
(*--------*)
data={13.70501, 0.4199756, 7.116055, 9.301317, 0.01110839, 11.23912, 8.524093, 6.395306, 11.765749999999999, 7.772596, 8.923386, 12.66764, 11.38185, 7.925091, 11.51147, 7.067575, 12.91914, 7.215096, 8.605703, 0.001915026, 9.186354, 0.009321042, 10.384640000000001, 1.433926, 10.0206, 8.526498, 11.126249999999999, 7.219707, 9.098611, 7.288369, 3.450234, 11.13443, 12.36632, 0.007660944, 11.150079999999999, 9.436765, 11.22584, 4.924537, 10.103860000000001, 13.17295, 10.89359, 9.417181*^-9, 9.961876, 8.348057, 7.777068, 10.61704, 11.06175, 12.823139999999999, 10.013860000000001, 9.96628, 8.746614};