name="iCMAES-ILS CEC13";
dim=50;
bound=2;
testID=20;
(*--------*)
min=13.13548;
max=20.082279999999997;
median=16.73868;
mean=17.063430784313724;
std=2.0276688352133276;
(*--------*)
data={16.72282, 16.01059, 17.83186, 15.53374, 13.624279999999999, 13.59647, 19.98871, 16.08511, 13.13548, 20.05906, 15.77802, 15.173620000000001, 14.91235, 19.22692, 13.7505, 20.082279999999997, 18.83321, 19.314880000000002, 16.063879999999997, 18.83758, 16.442140000000002, 17.07725, 18.93188, 15.56571, 18.95126, 19.37885, 19.00176, 14.6302, 14.740070000000001, 17.39968, 18.81707, 17.13776, 19.12133, 16.079810000000002, 19.09493, 16.06328, 15.11201, 18.795930000000002, 19.08101, 19.459519999999998, 18.73957, 16.73868, 17.56657, 14.91002, 14.71848, 15.71079, 15.53711, 19.6494, 19.78729, 14.93517, 16.49908};