name="iCMAES-ILS CEC13";
dim=50;
bound=1;
testID=11;
(*--------*)
min=2.984877;
max=10.94455;
median=5.969754;
mean=6.399538627450978;
std=1.7375524311408044;
(*--------*)
data={7.959881, 8.954632, 6.964713, 8.954632, 7.959672, 6.964713, 5.969756, 3.979836, 5.969754, 5.969754, 4.974795, 7.959672, 2.984877, 8.954632, 7.959672, 3.979836, 3.979836, 8.954632, 5.969754, 8.954632, 4.974795, 6.964713, 4.974795, 3.979836, 5.969754, 5.969754, 6.964713, 7.960255, 5.969754, 5.969754, 6.964713, 6.964713, 6.964713, 6.964713, 7.959672, 4.974795, 4.974795, 5.969754, 4.974795, 4.974795, 4.974795, 8.954632, 3.979836, 5.969754, 4.974795, 7.959672, 7.959672, 4.974795, 3.979836, 5.998871, 10.94455};