name="iCMAES-ILS CEC13";
dim=50;
bound=4;
testID=19;
(*--------*)
min=2.050616;
max=5.567067;
median=3.563327;
mean=3.63491068627451;
std=0.8968215975745117;
(*--------*)
data={3.162372, 2.514568, 2.850289, 5.567067, 4.227903, 4.266088, 4.346932, 2.86272, 3.643656, 4.051788, 2.458535, 4.57125, 4.157798, 3.490623, 4.266071, 2.927043, 2.050616, 2.444819, 4.049867, 2.503618, 5.521998, 4.653449, 2.56155, 4.573282, 3.25948, 4.282822, 2.832195, 4.056352, 3.491271, 4.06578, 4.941628, 4.033429, 3.563327, 3.104432, 5.111912, 2.417431, 4.69688, 2.812718, 4.223524, 3.014006, 4.349278, 2.209244, 3.772707, 3.008293, 2.75924, 4.531205, 2.942159, 3.107087, 3.008899, 3.335406, 4.725838};