name="iCMAES-ILS CEC13";
dim=50;
bound=1;
testID=4;
(*--------*)
min=6.310863*^-9;
max=9.387508000000001*^-9;
median=8.284074*^-9;
mean=8.235776196078434*^-9;
std=7.682924522926153*^-10;
(*--------*)
data={8.048773000000002*^-9, 7.432750000000001*^-9, 8.00396*^-9, 6.449284*^-9, 7.105744*^-9, 8.319478*^-9, 8.734536000000001*^-9, 8.135098*^-9, 7.991904*^-9, 6.892424000000001*^-9, 6.310863*^-9, 8.714896*^-9, 7.694839*^-9, 9.086345*^-9, 8.154305000000001*^-9, 6.936442000000001*^-9, 8.708461*^-9, 7.848262000000001*^-9, 8.254301*^-9, 8.780164*^-9, 8.302103000000002*^-9, 9.210955000000001*^-9, 9.195922*^-9, 8.307741000000001*^-9, 8.284074*^-9, 7.515958*^-9, 9.252842*^-9, 8.235658000000002*^-9, 7.593818*^-9, 7.320174*^-9, 7.657169*^-9, 9.337491999999999*^-9, 9.088200000000001*^-9, 8.656019000000001*^-9, 8.444315*^-9, 8.396475*^-9, 8.790083*^-9, 8.992006*^-9, 9.259351000000001*^-9, 9.387508000000001*^-9, 8.876974*^-9, 7.266065*^-9, 9.125679*^-9, 8.559365*^-9, 7.507805000000001*^-9, 8.069361000000002*^-9, 7.841667000000001*^-9, 7.871334*^-9, 8.030097000000001*^-9, 9.141832000000001*^-9, 8.903715*^-9};