name="iCMAES-ILS CEC13";
dim=50;
bound=0;
testID=7;
(*--------*)
min=8.579079*^-9;
max=5.491324;
median=0.02040391;
mean=0.4717501771884302;
std=1.288243086462243;
(*--------*)
data={9.06839*^-9, 3.237289, 0.02040391, 4.600229, 0.07569418, 2.330045, 9.290143000000002*^-9, 9.55013*^-9, 0.1050471, 0.01817659, 9.881122*^-9, 0.09562324999999999, 0.0007720755, 0.15455700000000003, 0.09223673, 0.005114304, 9.228108000000001*^-9, 0.03933643, 0.10898200000000001, 0.0006678400000000001, 0.002622438, 1.600586*^-6, 9.821162*^-9, 7.689158*^-7, 4.966722, 9.226563000000002*^-9, 0.02856889, 0.003933422000000001, 0.05339821, 0.0300106, 1.147189, 8.579079*^-9, 0.0221538, 9.683656*^-9, 1.005978, 0.06707979, 0.02350024, 0.11765880000000001, 0.02231975, 9.430545*^-9, 0.03820054, 0.03774518, 9.725503000000001*^-9, 0.07625216, 5.491324, 0.01760303, 0.0029853139999999998, 8.765059000000002*^-9, 0.006493242000000001, 0.01334373, 9.35868*^-9};