name="iCMAES-ILS CEC13";
dim=50;
bound=1;
testID=25;
(*--------*)
min=262.64889999999997;
max=289.872;
median=275.0666;
mean=276.2451156862746;
std=6.938868304741705;
(*--------*)
data={270.3076, 270.9766, 278.5213, 271.6516, 270.9491, 275.0902, 277.5647, 267.8986, 288.5074, 285.6395, 272.7498, 274.902, 279.4341, 267.75509999999997, 276.9198, 278.28970000000004, 267.8692, 274.4833, 285.4034, 282.0059, 274.2184, 276.73580000000004, 269.1431, 285.1409, 274.4453, 278.1821, 269.0613, 262.64889999999997, 283.2152, 270.6239, 279.174, 266.675, 280.8096, 272.5235, 274.3732, 287.0301, 272.3068, 283.6948, 286.1782, 272.18019999999996, 280.6513, 265.5221, 274.97729999999996, 275.0666, 266.1203, 281.0029, 285.0886, 289.872, 282.3021, 265.6813, 286.93719999999996};