name="iCMAES-ILS CEC13";
dim=50;
bound=3;
testID=22;
(*--------*)
min=231.6961;
max=2596.7799999999997;
median=1634.371;
mean=1601.4477529411768;
std=471.5259828769886;
(*--------*)
data={1462.019, 1530.9140000000002, 1278.329, 1700.347, 2502.384, 1509.647, 1798.379, 1795.6490000000001, 2038.545, 1677.406, 1249.737, 2108.402, 1634.371, 1457.509, 1607.23, 1373.068, 2029.6660000000002, 1680.444, 1070.817, 2103.9379999999996, 1657.4789999999998, 1903.43, 1400.895, 822.4146, 231.6961, 1493.677, 617.2999, 1417.384, 1173.655, 2596.7799999999997, 1667.18, 2162.862, 2384.2180000000003, 1906.333, 1625.634, 1492.304, 1812.676, 1766.747, 1390.772, 1899.963, 2180.727, 1222.599, 1734.9699999999998, 1384.0079999999998, 2060.9700000000003, 1242.566, 1094.096, 2057.2059999999997, 1248.206, 1869.3809999999999, 546.9058};