name="iCMAES-ILS CEC13";
dim=50;
bound=1;
testID=5;
(*--------*)
min=9.62244*^-9;
max=3.343562*^-8;
median=1.17665*^-8;
mean=1.4421006490196078*^-8;
std=6.045063029075555*^-9;
(*--------*)
data={9.972108000000001*^-9, 9.993080000000001*^-9, 9.905337*^-9, 9.792027*^-9, 2.302863*^-8, 1.464924*^-8, 9.985902*^-9, 2.230673*^-8, 1.747258*^-8, 9.664272*^-9, 1.389192*^-8, 1.4538530000000001*^-8, 1.1886580000000001*^-8, 9.912094*^-9, 9.937644000000002*^-9, 9.92274*^-9, 1.012422*^-8, 1.4829190000000001*^-8, 1.379416*^-8, 3.343562*^-8, 9.906697*^-9, 9.875334000000001*^-9, 1.28192*^-8, 1.665668*^-8, 1.4827360000000002*^-8, 2.549943*^-8, 1.775076*^-8, 1.1062320000000001*^-8, 1.941927*^-8, 9.918361*^-9, 9.910618000000001*^-9, 1.17665*^-8, 9.719780000000001*^-9, 1.072832*^-8, 9.848422*^-9, 1.98782*^-8, 1.95852*^-8, 2.642006*^-8, 2.1838400000000002*^-8, 9.62244*^-9, 1.202444*^-8, 2.16713*^-8, 9.816685*^-9, 1.929545*^-8, 9.930766000000001*^-9, 3.181494*^-8, 9.81918*^-9, 9.942587*^-9, 9.850667*^-9, 9.98838*^-9, 1.522098*^-8};