name="iCMAES-ILS CEC13";
dim=50;
bound=1;
testID=16;
(*--------*)
min=0.01441038;
max=1.239089;
median=0.7149407000000001;
mean=0.695075391764706;
std=0.37271623213310184;
(*--------*)
data={0.7470600000000001, 0.5844834, 0.8333748999999999, 0.3593609, 0.9924714, 0.714108, 0.5785482000000001, 1.21839, 0.04453761, 1.071479, 0.01627214, 0.016633910000000002, 0.7512503, 0.7149407000000001, 0.020013990000000002, 0.5904578, 1.124359, 0.8877215, 0.7428507, 0.7120011, 0.1388377, 0.648907, 0.7003982, 1.113451, 0.03672351, 1.209141, 0.7265776, 1.239089, 1.167375, 1.180484, 0.627572, 0.6182322, 0.6682789, 0.9970673, 0.5533348, 1.095324, 0.5976628, 0.8408418, 0.5219817, 0.6584647000000001, 0.02838168, 0.6043471, 1.106233, 0.9662326000000001, 0.7939926, 0.01441038, 0.8626628000000001, 1.005152, 0.024602560000000002, 0.8492855000000001, 1.133486};