name="iCMAES-ILS CEC13";
dim=50;
bound=4;
testID=18;
(*--------*)
min=55.178039999999996;
max=93.43932000000001;
median=60.9576;
mean=64.0983256862745;
std=8.242641754317424;
(*--------*)
data={61.55789, 60.726870000000005, 93.43932000000001, 61.39501, 78.40368, 75.48357, 62.12581, 59.57631, 61.13982, 58.811299999999996, 58.82776, 59.64816, 57.42926, 81.97613000000001, 56.85848, 70.82801, 62.72568, 73.9551, 63.369369999999996, 58.345, 61.15024, 62.88242, 60.56727000000001, 61.52425, 60.9576, 59.26672, 74.26392, 59.70084, 58.79525, 59.773360000000004, 61.27732, 59.0127, 56.10633, 58.794940000000004, 60.73345, 74.70532, 67.61650999999999, 58.79491, 55.178039999999996, 59.46348999999999, 59.05467, 81.05000000000001, 76.2007, 62.50104999999999, 59.08073, 60.59993, 62.91508999999999, 58.30209, 81.04872, 61.87471000000001, 59.199510000000004};