name="iCMAES-ILS CEC13";
dim=50;
bound=4;
testID=14;
(*--------*)
min=36.825739999999996;
max=1986.809;
median=333.0841;
mean=674.4619870588233;
std=655.1343875688743;
(*--------*)
data={241.49790000000002, 1391.846, 1567.217, 47.103390000000005, 1941.694, 1347.914, 1590.892, 177.2376, 1728.395, 1296.847, 333.0841, 1061.7060000000001, 395.9078, 176.8691, 56.30267, 169.5263, 275.3356, 179.1584, 1986.809, 48.14085, 1489.626, 260.64750000000004, 53.12662, 257.8605, 1627.517, 162.06, 177.8943, 55.10161, 167.09179999999998, 369.9087, 286.0028, 1776.819, 1600.866, 1282.853, 936.4879, 36.825739999999996, 391.60089999999997, 1486.688, 181.3186, 426.31699999999995, 203.662, 170.8926, 158.5736, 371.4676, 1482.912, 504.2806, 561.8339, 143.9719, 1645.1960000000001, 67.18803, 47.486430000000006};