name="iCMAES-ILS CEC13";
dim=50;
bound=2;
testID=14;
(*--------*)
min=155.3912;
max=2231.5040000000004;
median=1289.048;
mean=1136.1036529411767;
std=553.6549571341666;
(*--------*)
data={1353.4850000000001, 660.5152999999999, 1984.894, 1208.743, 1528.057, 1620.611, 819.1677999999999, 1155.162, 850.3149999999999, 1385.527, 1619.991, 1884.335, 962.1786, 1252.937, 451.46959999999996, 1494.606, 1531.6399999999999, 1328.935, 156.5669, 1110.517, 1190.193, 1617.132, 155.3912, 789.3339, 1548.962, 407.32160000000005, 269.41229999999996, 1459.587, 761.9875999999999, 1435.422, 1438.243, 261.00370000000004, 1531.0710000000001, 1563.7559999999999, 158.9462, 1591.4740000000002, 242.34749999999997, 1289.048, 270.3834, 1609.233, 1880.1190000000001, 1417.545, 1412.2060000000001, 957.9354999999999, 1388.9199999999998, 846.8465, 822.1612, 2038.687, 624.3582, 371.1023, 2231.5040000000004};