name="iCMAES-ILS CEC13";
dim=50;
bound=3;
testID=25;
(*--------*)
min=200.042;
max=304.9916;
median=289.08619999999996;
mean=287.6654588235295;
std=14.037711326525793;
(*--------*)
data={283.3209, 281.0455, 295.0103, 289.8139, 284.98290000000003, 304.9916, 290.5579, 289.8104, 286.6247, 299.2941, 281.68489999999997, 289.21999999999997, 300.7436, 292.4149, 289.2965, 291.1277, 283.996, 283.6936, 297.48019999999997, 280.2918, 283.5594, 282.3677, 285.0689, 297.7708, 294.66519999999997, 298.4289, 286.9898, 297.5331, 295.5937, 287.9788, 297.0195, 289.5427, 289.08619999999996, 277.0037, 295.0529, 278.8615, 283.0647, 293.1596, 288.4506, 285.903, 286.9557, 292.6663, 294.03090000000003, 288.0595, 285.278, 295.6706, 200.042, 294.95619999999997, 286.3855, 277.3576, 287.034};