name="iCMAES-ILS CEC13";
dim=50;
bound=4;
testID=11;
(*--------*)
min=1.989918;
max=8.954632;
median=4.974795;
mean=5.273807137254903;
std=1.702399701195298;
(*--------*)
data={3.979836, 4.974795, 6.964713, 1.989918, 3.979836, 7.959672, 5.969754, 4.195748, 5.969754, 4.974795, 3.979836, 5.969754, 4.974795, 3.979836, 2.984877, 1.989918, 7.038977, 6.964713, 4.974795, 6.964713, 5.969754, 4.974795, 3.979836, 6.964713, 1.989918, 7.959716, 4.974795, 4.974795, 6.965012, 7.959672, 5.969754, 6.964713, 4.976344, 6.002919, 1.989918, 2.984877, 5.969754, 4.974795, 5.969754, 3.979836, 8.954632, 3.979836, 4.974795, 2.984877, 4.974795, 5.969754, 4.974795, 3.979836, 5.969754, 6.964713, 7.959672};