name="iCMAES-ILS CEC13";
dim=50;
bound=3;
testID=14;
(*--------*)
min=668.9886;
max=2218.562;
median=1518.046;
mean=1515.5201803921573;
std=321.8866208667972;
(*--------*)
data={1788.739, 1495.069, 754.005, 1975.847, 874.6036, 668.9886, 1603.852, 1055.138, 1198.15, 2218.562, 1383.742, 1738.4679999999998, 1997.863, 1368.1019999999999, 1295.763, 1378.222, 1607.732, 1900.3220000000001, 1474.603, 1691.744, 1213.105, 1254.348, 1428.97, 1892.658, 1518.046, 1686.862, 1835.893, 1356.004, 1623.1819999999998, 1370.7469999999998, 1836.444, 1405.324, 1888.238, 1360.445, 1122.657, 1846.68, 1572.286, 1065.684, 1705.951, 1409.241, 1407.3850000000002, 1234.1519999999998, 1729.733, 1593.5839999999998, 1245.837, 1825.1580000000001, 1799.8529999999998, 1617.894, 1755.954, 1508.3, 1711.399};