name="iCMAES-ILS CEC13";
dim=50;
bound=0;
testID=22;
(*--------*)
min=111.60570000000001;
max=2610.369;
median=357.89390000000003;
mean=633.7964274509804;
std=646.7346123356446;
(*--------*)
data={183.4678, 180.81629999999998, 565.5452, 409.7478, 207.4957, 229.837, 317.95550000000003, 290.3917, 1151.859, 1581.277, 1677.348, 220.30569999999997, 332.0967, 180.6391, 122.457, 187.6097, 151.4912, 1461.2620000000002, 503.7753, 407.48670000000004, 1585.536, 157.5324, 2093.828, 296.8242, 478.5255, 111.60570000000001, 230.5179, 726.6967, 2610.369, 2291.141, 234.3817, 216.35369999999998, 458.884, 173.98590000000002, 246.0502, 288.5925, 464.38430000000005, 1915.868, 453.9638, 563.8522, 1527.5939999999998, 415.7642, 438.7637, 466.0463, 357.89390000000003, 277.8368, 246.6077, 1656.442, 192.3829, 247.6687, 534.8605};