name="iCMAES-ILS CEC13";
dim=50;
bound=1;
testID=13;
(*--------*)
min=1.989918;
max=13.550450000000001;
median=4.974795;
mean=5.173613784313725;
std=2.1599633162642684;
(*--------*)
data={6.292699, 6.009281, 5.974086, 4.974795, 4.015324, 4.974795, 4.077039, 3.979836, 8.969152, 3.979836, 4.998556, 5.894064, 5.2773, 5.245719, 13.550450000000001, 6.964714, 2.984877, 3.979836, 3.979836, 5.969875, 4.239933, 7.245653, 2.984877, 10.06546, 3.979836, 6.031171, 4.974795, 7.046308, 2.984877, 3.003223, 1.989918, 2.984877, 4.21576, 4.974795, 1.989918, 2.98594, 5.2519, 6.723333, 5.969754, 6.212937, 1.989918, 2.984877, 9.157525, 4.974795, 6.928273, 2.984877, 4.247596, 3.979836, 5.969754, 6.033684, 6.655833};