name="iCMAES-ILS CEC13";
dim=50;
bound=0;
testID=25;
(*--------*)
min=255.5292;
max=285.5893;
median=273.2675;
mean=273.2100921568628;
std=6.54159899751867;
(*--------*)
data={280.1212, 270.97950000000003, 269.524, 271.3988, 270.4031, 275.62600000000003, 276.2853, 260.9432, 266.1371, 271.23089999999996, 262.28479999999996, 273.2052, 274.8506, 265.185, 283.9157, 280.0399, 274.7189, 276.952, 272.285, 273.7358, 282.2353, 272.1395, 268.678, 273.147, 274.8089, 276.3639, 285.5893, 283.9494, 268.4243, 267.4106, 277.2045, 267.0128, 282.4984, 273.2675, 273.2996, 275.9835, 255.5292, 270.0591, 272.9352, 283.6368, 279.02049999999997, 280.8214, 276.2683, 269.8919, 264.8999, 279.1875, 276.2989, 270.6275, 262.6554, 263.2378, 276.8108};