name="iCMAES-ILS CEC13";
dim=50;
bound=0;
testID=11;
(*--------*)
min=2.984877;
max=10.94455;
median=5.969754;
mean=5.777070647058823;
std=1.9586605926856935;
(*--------*)
data={6.964713, 5.969754, 3.979836, 3.979836, 3.979836, 5.992649, 5.969754, 3.979836, 3.979836, 5.969754, 3.979836, 7.959672, 6.964713, 5.969754, 5.969754, 2.984877, 2.984877, 6.964764, 8.954632, 3.979836, 7.959673, 2.984877, 6.964713, 6.964713, 4.974795, 3.979836, 3.039073, 10.94455, 6.015337, 8.954632, 2.984877, 7.959672, 3.979836, 3.979836, 5.969754, 6.964713, 7.959672, 6.964713, 3.979836, 5.969754, 6.964713, 8.954632, 5.969754, 6.964713, 9.949591, 3.979836, 5.969754, 5.969754, 3.979836, 3.979836, 4.974803};