name="iCMAES-ILS CEC13";
dim=50;
bound=3;
testID=13;
(*--------*)
min=1.989918;
max=24.638019999999997;
median=4.974795;
mean=5.892753999999999;
std=3.8897743040141948;
(*--------*)
data={7.092734, 24.638019999999997, 4.974795, 2.984877, 4.974795, 3.979836, 8.449848, 5.806156, 2.984877, 3.979836, 7.166622, 4.046879, 4.974795, 4.974795, 18.36848, 2.984877, 10.75735, 10.05921, 3.979836, 3.979836, 3.979836, 4.16168, 11.48941, 3.979836, 1.989918, 4.974795, 3.979836, 4.977408, 3.979836, 6.949277, 5.97558, 10.13114, 5.969754, 2.984877, 2.984877, 3.979836, 7.959672, 6.336227, 3.983771, 3.979836, 4.974795, 6.826244, 5.999026, 2.984877, 3.979836, 3.979836, 2.984877, 7.967675, 5.972801, 4.974795, 3.979836};