name="iCMAES-ILS CEC13";
dim=50;
bound=4;
testID=16;
(*--------*)
min=0.013557159999999999;
max=1.489695;
median=0.7315296;
mean=0.7139017011764706;
std=0.30232376832440444;
(*--------*)
data={0.7209648, 0.542431, 0.7745951, 0.013557159999999999, 0.5885973, 1.158331, 0.990871, 0.7976605000000001, 0.0269327, 0.431807, 0.6735353000000001, 0.8501006000000001, 0.7693150000000001, 0.5866515, 0.02380139, 0.6287031000000001, 1.093835, 0.9174213999999999, 0.6860687000000001, 1.162932, 0.6072391, 0.5403323999999999, 0.8825295000000001, 0.6836114000000001, 0.6534253, 0.8087314, 0.7442883, 0.6058405, 0.801934, 0.04956231, 1.105689, 0.7652997, 0.7234828000000001, 0.7315296, 0.5353359000000001, 0.8080857, 1.489695, 0.9592664, 0.8971637, 0.7772701, 0.8745932000000001, 0.6924507000000001, 0.5584804, 0.954491, 0.7242593, 1.121342, 0.6567925, 0.8707245000000001, 0.49803100000000006, 0.019437199999999998, 0.8299613000000001};