name="iCMAES-ILS CEC13";
dim=50;
bound=4;
testID=25;
(*--------*)
min=261.542;
max=290.3384;
median=273.9318;
mean=274.6326980392157;
std=5.680200255536423;
(*--------*)
data={273.2831, 277.9658, 265.65279999999996, 284.1069, 269.3119, 276.3861, 279.7612, 270.0717, 275.76329999999996, 287.2743, 290.3384, 273.4295, 273.5077, 273.9318, 267.9659, 278.5342, 272.7669, 266.77, 280.02799999999996, 268.034, 274.7729, 278.64680000000004, 273.8999, 283.4437, 274.0511, 269.0408, 267.86249999999995, 269.4569, 261.542, 278.2858, 278.95759999999996, 267.2855, 280.4868, 271.0993, 277.3043, 269.5027, 275.7086, 274.3977, 278.02479999999997, 276.9554, 272.07710000000003, 273.6126, 281.384, 270.71860000000004, 269.5285, 272.02860000000004, 271.55330000000004, 279.4013, 279.5328, 279.2725, 271.54970000000003};