name="iCMAES-ILS CEC13";
dim=50;
bound=4;
testID=22;
(*--------*)
min=96.5615;
max=2073.8720000000003;
median=226.0138;
mean=536.7983980392157;
std=622.6758996894571;
(*--------*)
data={1237.548, 184.77859999999998, 1433.362, 117.7136, 106.33749999999999, 293.2611, 135.875, 291.9191, 1594.6560000000002, 132.79399999999998, 1322.748, 173.89239999999998, 195.7058, 266.8972, 150.1323, 1470.4479999999999, 142.0912, 214.74540000000002, 175.1082, 1560.7089999999998, 127.1252, 137.3366, 227.1493, 254.7116, 2058.0099999999998, 159.4733, 2073.8720000000003, 152.4998, 451.79150000000004, 115.3451, 319.89619999999996, 163.8056, 1751.7730000000001, 208.752, 166.4922, 120.1875, 1309.148, 1464.988, 96.5615, 227.38459999999998, 226.0138, 2054.3450000000003, 351.51849999999996, 128.0234, 192.6483, 306.8768, 349.5785, 348.4539, 219.2793, 182.2237, 230.7317};