name="iCMAES-ILS CEC13";
dim=50;
bound=0;
testID=15;
(*--------*)
min=131.37810000000002;
max=1475.4;
median=600.0116;
mean=631.0859333333334;
std=311.39365465992637;
(*--------*)
data={450.7321, 253.08130000000003, 749.0217, 453.2959, 1426.7179999999998, 1030.9550000000002, 956.8557999999999, 516.2471, 1446.938, 998.7409, 253.04380000000003, 494.2969, 434.9032, 1475.4, 600.0116, 679.9728, 722.9232999999999, 801.4378, 252.9553, 434.33219999999994, 911.8713, 817.1341, 387.56719999999996, 381.3796, 825.6873, 829.3307000000001, 383.90209999999996, 695.5482, 442.90139999999997, 510.3525, 741.8905, 509.53749999999997, 377.7009, 927.7282, 458.48319999999995, 536.4227999999999, 719.3185, 670.6632, 1077.69, 254.65849999999998, 754.2146, 255.3423, 381.4417, 575.8006, 625.305, 249.7119, 257.1623, 131.37810000000002, 652.2882, 620.2482, 790.8593};