name="iCMAES-ILS CEC13";
dim=50;
bound=2;
testID=3;
(*--------*)
min=4.506969*^-9;
max=0.18954420000000002;
median=9.812259*^-9;
mean=0.006111252193906451;
std=0.028025484828465695;
(*--------*)
data={9.59771*^-9, 9.090578000000001*^-9, 9.600508*^-9, 9.142369*^-9, 9.750391000000002*^-9, 8.619938*^-9, 0.02526744, 9.920277000000001*^-9, 9.921378000000001*^-9, 9.874566*^-9, 8.549661000000002*^-9, 3.247372*^-8, 4.8563039999999996*^-8, 4.506969*^-9, 4.280544*^-8, 8.528283000000001*^-9, 9.921289000000001*^-9, 9.812259*^-9, 9.771540999999999*^-9, 8.093401999999998*^-6, 9.72503*^-9, 2.780764*^-8, 8.953174000000002*^-9, 9.371392000000001*^-9, 9.946535000000002*^-9, 0.0001546115, 0.06599874, 0.000041878330000000004, 0.007795689000000001, 8.563123*^-9, 0.00010644450000000001, 8.549745*^-9, 9.517419000000001*^-9, 0.009248207000000001, 0.002212803, 5.288037*^-9, 0.0009226211, 8.723256*^-9, 0.000187619, 8.540639000000001*^-9, 9.635467000000002*^-9, 5.22489*^-6, 9.611675000000001*^-9, 9.570915*^-9, 7.653196*^-9, 9.991917000000001*^-9, 7.335376000000001*^-9, 9.372776*^-9, 0.010134220000000001, 0.18954420000000002, 0.00004563156};