name="iCMAES-ILS CEC13";
dim=50;
bound=3;
testID=3;
(*--------*)
min=7.068018000000001*^-9;
max=17.45184;
median=9.837562000000001*^-9;
mean=0.37511632150126734;
std=2.4481778954407867;
(*--------*)
data={9.634912*^-9, 0.0007478493000000001, 1.3638039999999999*^-6, 9.924512000000001*^-9, 0.1437643, 2.1262530000000002*^-7, 8.955193*^-9, 9.837562000000001*^-9, 9.345408000000001*^-9, 8.398283*^-9, 9.931844*^-9, 9.8994*^-9, 9.382512*^-9, 9.871907*^-9, 8.477456*^-9, 9.144611*^-9, 3.2970769999999997*^-6, 9.752727*^-9, 9.854639000000002*^-9, 9.905236*^-9, 7.570293*^-9, 9.784676*^-9, 9.626605*^-9, 0.0006996716, 9.953997*^-9, 0.00011873260000000002, 8.688482000000001*^-9, 17.45184, 8.545495000000002*^-9, 9.958345*^-9, 9.7206*^-9, 1.505763, 8.405688*^-9, 9.76771*^-9, 9.797211000000001*^-9, 9.766925000000002*^-9, 7.068018000000001*^-9, 9.861344000000002*^-9, 0.002179882, 9.871784000000001*^-9, 0.01663446, 8.544273000000001*^-9, 7.860262*^-8, 8.399551000000002*^-9, 9.855583*^-9, 9.628859000000001*^-9, 9.412034000000001*^-9, 9.334074*^-9, 8.047965*^-9, 0.00006450403, 0.009114701000000001};