name="iCMAES-ILS CEC13";
dim=50;
bound=0;
testID=10;
(*--------*)
min=5.94708*^-9;
max=9.227066000000002*^-9;
median=8.219011000000001*^-9;
mean=8.079935215686274*^-9;
std=7.73885827886422*^-10;
(*--------*)
data={8.572056999999999*^-9, 7.44063*^-9, 8.826046*^-9, 7.857105000000001*^-9, 8.654613*^-9, 8.178101*^-9, 8.404328*^-9, 8.300563*^-9, 7.761115000000001*^-9, 8.06686*^-9, 9.113911000000001*^-9, 8.553407000000001*^-9, 7.89731*^-9, 9.227066000000002*^-9, 7.601586000000001*^-9, 8.441772*^-9, 9.1837*^-9, 8.195082*^-9, 8.965997*^-9, 7.302807*^-9, 8.100173*^-9, 7.236101*^-9, 5.94708*^-9, 8.219011000000001*^-9, 8.264429*^-9, 8.766652000000002*^-9, 8.751538000000001*^-9, 8.629783*^-9, 7.497444*^-9, 8.116358*^-9, 7.471285000000001*^-9, 7.294864*^-9, 7.199118000000001*^-9, 7.1628710000000004*^-9, 6.79428*^-9, 8.533885*^-9, 8.326178000000002*^-9, 8.60417*^-9, 9.10855*^-9, 9.004419*^-9, 8.294221*^-9, 8.105582*^-9, 8.517639000000001*^-9, 8.681343*^-9, 7.899114*^-9, 6.8777020000000006*^-9, 8.854548*^-9, 6.837758*^-9, 8.410862*^-9, 8.078231*^-9, 5.947451*^-9};