name="iCMAES-ILS CEC13";
dim=50;
bound=0;
testID=8;
(*--------*)
min=20.96047;
max=21.216430000000003;
median=21.130309999999998;
mean=21.12257529411765;
std=0.060026560832783016;
(*--------*)
data={21.079279999999997, 20.96047, 21.100279999999998, 20.9732, 21.132780000000004, 20.96354, 21.15306, 21.110799999999998, 21.14871, 21.162670000000002, 21.185740000000003, 21.17069, 21.19123, 21.11759, 21.18062, 21.08915, 21.11905, 21.0708, 21.171329999999998, 21.17846, 21.11055, 21.128110000000003, 21.18848, 21.136249999999997, 21.144949999999998, 21.21136, 21.11419, 21.16057, 21.158610000000003, 21.116860000000003, 21.170840000000002, 21.09292, 21.15174, 21.130309999999998, 21.18754, 21.033559999999998, 21.10334, 21.16942, 21.159390000000002, 21.04765, 21.07142, 21.216430000000003, 21.033620000000003, 21.099999999999998, 21.11113, 21.05066, 21.192259999999997, 21.16972, 21.1261, 21.132740000000002, 21.071170000000002};