name="iCMAES-ILS CEC13";
dim=50;
bound=4;
testID=13;
(*--------*)
min=1.989918;
max=15.626169999999998;
median=5.969754;
mean=5.93250694117647;
std=2.474448799723756;
(*--------*)
data={8.54535, 5.766753, 7.084498, 5.325896, 2.984877, 7.707766, 8.138092, 5.970026, 1.989918, 2.984877, 5.286693, 6.964835, 5.969754, 7.627854, 3.979836, 6.964713, 5.969754, 7.633632, 5.969754, 12.7241, 5.010117, 4.974795, 4.038615, 4.974795, 4.97745, 7.611492, 4.997526, 5.969754, 7.124394, 3.979836, 3.979836, 6.422541, 11.069119999999998, 4.974795, 2.984877, 5.969754, 15.626169999999998, 5.969754, 2.984877, 7.270847, 2.984877, 3.981378, 4.974795, 1.989918, 4.974795, 5.969754, 8.024507, 4.974795, 4.974795, 5.969754, 7.238163};