name="iCMAES-ILS CEC13";
dim=50;
bound=0;
testID=20;
(*--------*)
min=23.33263;
max=25.;
median=24.5097;
mean=24.430226078431375;
std=0.2617731919893893;
(*--------*)
data={23.7424, 24.4955, 24.50972, 24.50972, 24.50972, 23.80827, 24.50972, 24.49992, 24.50971, 24.50972, 24.5, 24.49999, 24.50895, 24.50971, 24.5097, 24.50971, 24.50972, 24.50972, 24.50972, 24.5, 24.498359999999998, 24.50971, 24.50972, 24.5, 24.50932, 23.33263, 24.073549999999997, 25., 24.49911, 24.01943, 24.5, 23.72979, 24.50972, 24.50972, 24.50972, 24.5, 24.50972, 24.50972, 24.50972, 24.5, 24.49919, 24.50971, 24.50972, 24.50889, 24.49949, 24.47381, 24.5, 24.50972, 24.5, 24.50972, 24.50972};