name="iCMAES-ILS CEC13";
dim=50;
bound=3;
testID=19;
(*--------*)
min=1.165182;
max=5.284333;
median=3.629725;
mean=3.622295705882353;
std=0.902540109480466;
(*--------*)
data={2.577757, 4.427905, 5.284333, 2.992281, 4.298399, 2.382826, 4.131905, 3.080889, 4.378831, 1.165182, 3.202767, 2.826276, 2.01233, 4.196041, 2.663628, 4.843412, 4.69856, 4.847592, 4.867982, 4.03882, 2.194277, 4.462434, 3.629725, 3.057046, 3.166282, 3.583534, 3.521805, 3.666957, 3.991257, 3.951965, 3.438989, 3.306703, 3.787578, 4.547285, 3.326018, 3.580419, 4.652548, 4.546584, 4.722725, 3.625597, 2.934776, 2.612407, 4.62906, 2.103085, 4.428524, 2.784322, 4.070416, 4.017125, 2.379583, 3.941688, 3.158651};