name="iCMAES-ILS CEC13";
dim=50;
bound=4;
testID=26;
(*--------*)
min=200.01000000000002;
max=300.00460000000004;
median=200.04110000000003;
mean=225.51617254901964;
std=43.99912382432214;
(*--------*)
data={200.0204, 200.0312, 300.00460000000004, 200.02779999999998, 200.02620000000002, 200.0432, 200.0242, 200.04979999999998, 300., 200.02249999999998, 200.0375, 200.0435, 300., 200.0279, 300., 200.0268, 200.0159, 200.0272, 200.02460000000002, 200.0307, 200.0175, 300., 300., 200.0305, 300., 200.04110000000003, 200.0535, 300., 200.0257, 300., 200.0687, 200.01000000000002, 300., 200.0219, 300., 200.0188, 200.0258, 200.04070000000002, 200.0521, 200.0416, 200.0398, 300., 200.0476, 200.0342, 200.0501, 300., 200.052, 200.0636, 200.0258, 200.0264, 200.0534};