name="iCMAES-ILS CEC13";
dim=50;
bound=0;
testID=5;
(*--------*)
min=9.728541*^-9;
max=4.520166*^-8;
median=1.388078*^-8;
mean=1.542172492156863*^-8;
std=7.251793581517666*^-9;
(*--------*)
data={1.908248*^-8, 9.792501*^-9, 1.253048*^-8, 1.01438*^-8, 1.942467*^-8, 9.954297000000001*^-9, 9.953680000000002*^-9, 1.036608*^-8, 2.146366*^-8, 9.988216000000001*^-9, 9.728541*^-9, 1.4161680000000002*^-8, 9.937068*^-9, 1.078894*^-8, 1.166162*^-8, 9.851208*^-9, 1.219098*^-8, 2.815804*^-8, 1.683112*^-8, 9.993902*^-9, 9.976879*^-9, 9.926601*^-9, 3.037999*^-8, 2.135014*^-8, 1.567831*^-8, 1.388078*^-8, 1.875495*^-8, 9.917901000000001*^-9, 9.950002*^-9, 1.421152*^-8, 1.593171*^-8, 1.338898*^-8, 9.973151*^-9, 9.843615*^-9, 3.72523*^-8, 1.752301*^-8, 1.4367460000000002*^-8, 9.816383000000001*^-9, 2.1595830000000002*^-8, 1.422307*^-8, 1.104299*^-8, 1.1585419999999999*^-8, 1.835953*^-8, 4.520166*^-8, 1.5428210000000002*^-8, 9.896846000000001*^-9, 2.193898*^-8, 2.0813570000000002*^-8, 1.679007*^-8, 1.599699*^-8, 1.550816*^-8};