name="iCMAES-ILS CEC13";
dim=50;
bound=4;
testID=5;
(*--------*)
min=9.315679*^-9;
max=4.1563999999999994*^-8;
median=1.377297*^-8;
mean=1.6317485352941178*^-8;
std=8.054754655089651*^-9;
(*--------*)
data={1.759288*^-8, 1.515715*^-8, 1.78191*^-8, 9.877255*^-9, 1.8974549999999998*^-8, 9.973534000000001*^-9, 1.616638*^-8, 9.554658999999999*^-9, 1.2430619999999999*^-8, 9.989541*^-9, 9.802802*^-9, 9.940588999999999*^-9, 1.322029*^-8, 1.395962*^-8, 4.1563999999999994*^-8, 9.999532000000002*^-9, 1.041328*^-8, 3.478659*^-8, 1.767073*^-8, 1.896066*^-8, 1.0455170000000001*^-8, 9.977845*^-9, 2.049327*^-8, 9.900128*^-9, 1.551788*^-8, 1.38177*^-8, 9.945668*^-9, 9.315679*^-9, 3.351737*^-8, 9.95186*^-9, 9.977168000000001*^-9, 2.1147499999999998*^-8, 1.657127*^-8, 1.130271*^-8, 1.498479*^-8, 1.275655*^-8, 1.07738*^-8, 2.331332*^-8, 9.878653*^-9, 2.2172480000000002*^-8, 2.425723*^-8, 2.642252*^-8, 2.045318*^-8, 2.7271600000000002*^-8, 1.377297*^-8, 9.879459000000001*^-9, 4.0492249999999997*^-8, 1.3757360000000001*^-8, 2.2568990000000002*^-8, 9.98388*^-9, 9.707741000000002*^-9};