name="jSO CEC17";
dim=10;
bound=1;
testID=8;
(*--------*)
min=0;
max=3.97984;
median=1.98992;
mean=2.009436058823529;
std=0.7831845857967178;
(*--------*)
data={2.98488, 1.98992, 1.99029, 1.98992, 1.98992, 1.98992, 0.994959, 0.994959, 2.98488, 1.98992, 1.98992, 1.98992, 0.994959, 1.98992, 1.98992, 0.994959, 2.98488, 2.98488, 1.98992, 2.98488, 2.98488, 1.98992, 1.98992, 0, 1.98992, 0.994959, 0.994959, 2.98488, 0.994959, 1.98992, 2.98488, 1.98992, 0.994959, 2.98488, 1.98992, 1.98992, 2.98488, 0.994959, 1.98992, 0.994959, 1.98992, 1.98992, 2.98488, 1.98992, 3.97984, 2.98488, 0.994959, 1.98992, 1.98992, 1.98992, 1.98992};