name="jSO CEC17";
dim=10;
bound=2;
testID=17;
(*--------*)
min=0.0242238;
max=1.44592;
median=0.368415;
mean=0.4242943019607842;
std=0.3654308289971029;
(*--------*)
data={0.0432521, 0.64411, 0.0704381, 0.374864, 0.69333, 0.0580688, 0.368415, 1.08167, 1.06784, 0.122421, 0.753164, 1.44592, 0.181998, 0.0532133, 0.113582, 0.422516, 0.0398044, 0.202688, 0.369811, 1.37879, 0.543864, 0.0591328, 0.126476, 0.350547, 0.32283, 0.0665365, 0.441631, 0.38731, 0.472122, 0.831902, 0.365689, 0.370064, 0.428253, 0.181258, 0.435489, 0.363767, 0.0397489, 0.281954, 0.144274, 0.546571, 0.0242238, 0.657156, 1.05297, 1.32772, 0.0827517, 0.154508, 0.392331, 0.3223, 0.539515, 0.16301, 0.677209};