name="jSO CEC17";
dim=10;
bound=5;
testID=19;
(*--------*)
min=0;
max=0.0391612;
median=0;
mean=0.011278982352941174;
std=0.012714689258911612;
(*--------*)
data={0.0194318, 0, 0, 0, 0, 0, 0.0194318, 0.0391612, 0, 0, 0, 0.0391612, 0.0197293, 0.0194318, 0, 0, 0, 0, 0, 0, 0, 0.0194318, 0.0293523, 0.0194318, 0.0194318, 0.0194318, 0.0194318, 0, 0, 0.0194318, 0.0194318, 0.0194318, 0.0194318, 0, 0, 0, 0, 0.0391612, 0, 0, 0.0194318, 0.0194318, 0.0391612, 0.0194318, 0.0194318, 0.0194318, 0, 0, 0.0197293, 0, 0.0194318};