name="jSO CEC17";
dim=10;
bound=2;
testID=30;
(*--------*)
min=394.501;
max=394.665;
median=394.501;
mean=394.5194117647059;
std=0.04449951751226665;
(*--------*)
data={394.501, 394.501, 394.501, 394.501, 394.501, 394.515, 394.501, 394.501, 394.501, 394.502, 394.515, 394.501, 394.501, 394.665, 394.501, 394.515, 394.514, 394.665, 394.501, 394.501, 394.501, 394.501, 394.501, 394.574, 394.502, 394.501, 394.501, 394.533, 394.501, 394.501, 394.665, 394.514, 394.501, 394.515, 394.501, 394.514, 394.501, 394.501, 394.665, 394.501, 394.514, 394.514, 394.515, 394.515, 394.501, 394.501, 394.501, 394.514, 394.514, 394.501, 394.502};