name="jSO CEC17";
dim=10;
bound=5;
testID=12;
(*--------*)
min=0;
max=120.154;
median=0.416286;
mean=2.9382683137254904;
std=16.81345500424794;
(*--------*)
data={0.624429, 0.416286, 0, 0.624429, 0, 0.624429, 0.416286, 0.416286, 0.624429, 0.624429, 0.416286, 0.416286, 0.208143, 0.416286, 0.416286, 0.416286, 0.624429, 0.624429, 0, 0.416286, 0.208143, 0.416286, 0.416286, 0.416286, 0.624429, 11.3811, 0.416286, 0.416286, 0.416286, 0.208143, 120.154, 0.416286, 0, 0.208143, 0.208143, 0.208143, 0.624429, 0.416286, 0.208143, 0.624429, 0.208143, 0.208143, 0.416286, 0.208143, 0.416286, 0.416286, 0.208143, 0.416286, 0.208143, 0.416286, 0.416286};