name="jSO CEC17";
dim=10;
bound=1;
testID=29;
(*--------*)
min=229.541;
max=243.613;
median=234.437;
mean=234.73592156862745;
std=3.1209487393620376;
(*--------*)
data={238.216, 234.514, 232.676, 235.934, 243.613, 237.041, 231.94, 237.947, 233.128, 230.692, 237.207, 241.984, 237.827, 237.445, 231.661, 237.434, 237.399, 234.793, 233.245, 236.142, 233.909, 233.6, 233.479, 230.191, 230.469, 231.417, 232.917, 233.648, 234.011, 233.891, 235.937, 235.598, 230.541, 236.591, 229.695, 237.016, 239.634, 230.498, 232.885, 235.007, 239.486, 229.541, 234.437, 236.992, 233.856, 234.123, 237.496, 231.316, 235.724, 235.157, 231.632};