name="jSO CEC17";
dim=10;
bound=1;
testID=17;
(*--------*)
min=0.0493346;
max=1.39891;
median=0.433753;
mean=0.5707880490196081;
std=0.38520255311921986;
(*--------*)
data={1.14756, 0.210898, 0.127289, 1.05563, 0.0775599, 0.231057, 0.40921, 1.00607, 0.898861, 0.421915, 0.536951, 0.0608006, 0.40997, 0.456083, 0.37227, 0.70743, 0.728433, 0.297078, 1.39891, 0.699026, 0.436192, 1.24906, 0.331907, 1.28374, 1.35885, 0.686706, 0.735396, 0.331254, 0.481677, 0.37487, 0.673129, 1.30681, 0.118306, 1.14146, 0.331903, 0.372991, 0.457999, 0.0908085, 1.06897, 0.82049, 0.262803, 0.0493346, 0.412718, 0.558855, 0.0732619, 0.370826, 0.201089, 0.433753, 0.411344, 1.04502, 0.385666};