name="jSO CEC17";
dim=10;
bound=3;
testID=16;
(*--------*)
min=0.0195643;
max=0.920894;
median=0.599966;
mean=0.5334279039215686;
std=0.25578676888200447;
(*--------*)
data={0.576495, 0.920894, 0.436447, 0.517432, 0.698196, 0.707976, 0.515616, 0.373571, 0.542908, 0.0199151, 0.228149, 0.665217, 0.692416, 0.0275671, 0.72757, 0.472065, 0.425095, 0.439068, 0.0195643, 0.889671, 0.443695, 0.707353, 0.704024, 0.916226, 0.698545, 0.53624, 0.72301, 0.214024, 0.610257, 0.722975, 0.24529, 0.708097, 0.20829, 0.654917, 0.72694, 0.680417, 0.026598, 0.599966, 0.481368, 0.915435, 0.851046, 0.0280986, 0.727057, 0.710453, 0.719337, 0.514708, 0.098822, 0.249962, 0.725892, 0.472665, 0.687283};