name="jSO CEC17";
dim=10;
bound=1;
testID=28;
(*--------*)
min=300;
max=611.822;
median=300;
mean=391.84474509803925;
std=135.7385871810729;
(*--------*)
data={300, 300, 300, 300, 300, 300, 611.822, 300, 583.734, 300, 300, 300, 583.734, 300, 300, 611.822, 583.734, 415.728, 300, 300, 300, 583.734, 611.822, 611.822, 300, 300, 300, 300, 300, 611.822, 300, 300, 300, 300, 300, 300, 300, 300, 300, 583.734, 300, 300, 415.728, 583.734, 611.822, 300, 611.822, 300, 300, 583.734, 583.734};