name="jSO CEC17";
dim=10;
bound=3;
testID=23;
(*--------*)
min=300;
max=304.245;
median=300;
mean=300.7243529411765;
std=1.337477025201249;
(*--------*)
data={300, 300, 300, 300, 300, 300, 300, 300, 300, 300, 300, 300, 300, 300, 300, 300, 300, 304.245, 300, 302.882, 303.798, 300, 302.882, 302.882, 300, 302.882, 300, 300, 300, 300, 300, 300, 300, 300, 300, 300, 300, 300, 302.882, 302.576, 302.882, 300, 300, 302.882, 300, 303.267, 300, 300, 302.882, 300, 300};