name="jSO CEC17";
dim=10;
bound=3;
testID=15;
(*--------*)
min=0.0000232122;
max=0.5;
median=0.474651;
mean=0.3439615889254903;
std=0.20347623460590314;
(*--------*)
data={0.5, 0.4943, 0.498604, 0.465351, 0.334277, 0.00876567, 0.474651, 0.499984, 0.499999, 0.00025113, 0.492964, 0.00243683, 0.497117, 0.494175, 0.499963, 0.469202, 0.328914, 0.499932, 0.478105, 0.0000232122, 0.495358, 0.000299083, 0.0915911, 0.225278, 0.498435, 0.0211573, 0.151464, 0.499763, 0.499776, 0.499956, 0.0137182, 0.5, 0.178711, 0.473578, 0.5, 0.00005991, 0.10792, 0.497716, 0.499995, 0.487742, 0.0623069, 0.469917, 0.499204, 0.314837, 0.493422, 0.009174, 0.0546397, 0.449677, 0.494082, 0.5, 0.413249};