name="jSO CEC17";
dim=10;
bound=2;
testID=10;
(*--------*)
min=0.249818;
max=249.424;
median=15.182;
mean=67.82211039215684;
std=72.14180323108765;
(*--------*)
data={18.597, 11.9544, 0.312272, 3.53987, 15.182, 121.791, 128.683, 122.431, 10.2449, 15.1196, 11.892, 125.393, 228.276, 12.0169, 0.249818, 0.249818, 3.53987, 0.312272, 11.9544, 23.5341, 10.1824, 130.143, 249.424, 143.62, 3.53987, 122.041, 10.3698, 125.721, 242.273, 122.044, 125.268, 122.041, 125.846, 11.8295, 0.312272, 122.166, 3.66478, 125.268, 130.205, 0.249818, 3.85214, 130.393, 11.8295, 0.56209, 10.2449, 136.91, 119.203, 118.688, 3.53987, 6.76747, 125.456};