name="jSO CEC17";
dim=10;
bound=0;
testID=29;
(*--------*)
min=226.53;
max=242.666;
median=234.277;
mean=234.04078431372548;
std=3.5177651673397725;
(*--------*)
data={229.022, 228.702, 236.293, 239.228, 236.505, 226.53, 237.499, 235.677, 232.78, 235.638, 231.566, 229.501, 235.222, 231.616, 231.348, 232.433, 230.325, 236.883, 233.955, 233.891, 234.675, 234.032, 241.913, 236.02, 235.473, 228.151, 230.663, 234.584, 231.221, 230.284, 230.372, 233.969, 236.135, 235.935, 235.634, 238.917, 230.324, 234.277, 230.597, 242.666, 235.132, 237.249, 239.386, 237.988, 234.273, 234.937, 231.107, 230.218, 237.233, 231.657, 236.444};