name="jSO CEC17";
dim=10;
bound=5;
testID=30;
(*--------*)
min=394.501;
max=394.685;
median=394.502;
mean=394.52078431372547;
std=0.04741110153772145;
(*--------*)
data={394.501, 394.501, 394.501, 394.501, 394.514, 394.501, 394.502, 394.514, 394.502, 394.501, 394.514, 394.514, 394.501, 394.501, 394.501, 394.533, 394.514, 394.682, 394.514, 394.501, 394.501, 394.665, 394.501, 394.514, 394.515, 394.514, 394.501, 394.514, 394.514, 394.514, 394.501, 394.514, 394.501, 394.685, 394.514, 394.685, 394.514, 394.502, 394.502, 394.501, 394.502, 394.514, 394.502, 394.515, 394.501, 394.502, 394.533, 394.501, 394.502, 394.501, 394.502};