name="jSO CEC17";
dim=10;
bound=3;
testID=10;
(*--------*)
min=3.60232;
max=335.953;
median=122.368;
mean=114.6000337254902;
std=81.16356683671003;
(*--------*)
data={122.368, 122.041, 15.3069, 15.1196, 118.563, 150.137, 118.751, 125.721, 121.978, 136.973, 245.218, 125.268, 10.2449, 147.296, 134.135, 218.204, 119.016, 21.9542, 3.60232, 125.393, 31.8863, 335.953, 240.744, 7.01728, 130.121, 122.306, 134.073, 121.916, 122.103, 125.456, 15.182, 36.8239, 228.969, 141.837, 133.485, 15.2445, 237.454, 144.072, 10.3073, 31.7937, 6.89238, 11.9544, 224.032, 122.369, 26.6993, 143.682, 122.041, 7.07974, 264.418, 220.742, 130.658};