name="jSO CEC17";
dim=10;
bound=1;
testID=16;
(*--------*)
min=0.0332813;
max=1.86789;
median=0.539578;
mean=0.6336418294117645;
std=0.33683325220046223;
(*--------*)
data={0.40936, 0.260813, 0.437658, 0.935472, 0.518906, 0.520673, 0.858962, 0.673859, 0.90641, 0.680705, 0.354605, 0.404816, 0.347075, 0.554453, 0.447894, 0.684484, 0.499807, 0.935594, 0.727575, 0.470408, 0.665167, 1.11743, 0.921157, 0.722597, 0.445623, 0.825804, 0.519432, 0.539578, 0.0332813, 1.86789, 0.691171, 0.435795, 0.676792, 1.08282, 0.22764, 0.404721, 0.438669, 0.437971, 0.459497, 0.389135, 0.644817, 0.330789, 1.4533, 0.926242, 0.231079, 0.397621, 0.71225, 1.4164, 0.715356, 0.727575, 0.228605};