name="jSO CEC17";
dim=10;
bound=0;
testID=13;
(*--------*)
min=0;
max=5.39413;
median=1.98992;
mean=2.6179593251432;
std=2.353424071752727;
(*--------*)
data={0, 0.994959, 5.20413, 1.98992, 0, 0, 0.0131621, 1.98992, 5.20413, 0.994959, 4.83714, 5.20413, 0, 0.994959, 0, 0.0225674, 0, 4.1088, 7.32585*^-7, 4.83714, 0.994959, 4.83714, 5.39413, 4.83714, 4.83714, 0, 0, 0.0047073, 0, 0.994959, 5.20413, 5.39413, 5.20413, 4.83714, 0, 5.39413, 0.99531, 4.83714, 0.0000140165, 4.83714, 4.83714, 5.39413, 4.83714, 4.83714, 5.39413, 0.994959, 0, 1.98992, 3.32182*^-8, 4.83788, 5.39413};