name="jSO CEC17";
dim=10;
bound=5;
testID=23;
(*--------*)
min=300;
max=304.556;
median=300;
mean=301.2243529411765;
std=1.5680232628826563;
(*--------*)
data={300, 303.007, 303.343, 300, 302.816, 300, 300, 300, 304.556, 300, 302.882, 300, 300, 300, 300, 303.007, 300, 302.882, 300, 302.882, 300, 300, 300, 300, 304.111, 300, 302.882, 300, 300, 300, 300, 300, 302.882, 303.007, 302.882, 300, 300, 302.882, 303.827, 300, 300, 300, 302.816, 303.214, 300, 300, 300, 302.816, 300, 302.866, 302.882};