name="jSO CEC17";
dim=10;
bound=5;
testID=13;
(*--------*)
min=0;
max=5.39413;
median=4.83714;
mean=2.945872264322157;
std=2.423497762847822;
(*--------*)
data={0, 5.20413, 5.20413, 0, 0, 4.83714, 5.20413, 0, 4.83714, 4.83714, 0.995001, 5.39413, 0, 4.83714, 4.83714, 0.994959, 0.994959, 4.83714, 4.83714, 0.00368804, 5.20413, 5.20413, 0, 0.000180466, 4.83714, 5.39413, 5.20413, 0.994959, 0, 5.20413, 0, 5.20413, 5.39413, 5.02714, 4.83714, 1.98992, 0, 0.00107442, 0, 5.39413, 0, 5.20413, 0, 4.83714, 4.83714, 0, 4.55443*^-6, 1.98997, 5.39413, 5.39413, 4.83714};