name="jSO CEC17";
dim=10;
bound=0;
testID=30;
(*--------*)
min=394.501;
max=817578;
median=394.501;
mean=16417.71280392157;
std=114428.57701603282;
(*--------*)
data={394.501, 394.504, 394.501, 394.501, 394.501, 394.516, 394.514, 394.514, 394.514, 394.501, 394.514, 394.501, 394.501, 394.514, 394.501, 394.501, 394.501, 394.514, 394.501, 394.514, 394.501, 394.515, 394.501, 394.502, 394.501, 394.514, 394.501, 817578, 394.534, 394.501, 394.501, 394.501, 394.501, 394.514, 394.514, 394.514, 394.501, 394.514, 394.501, 394.502, 394.501, 394.515, 394.515, 394.501, 394.514, 394.501, 394.501, 394.501, 394.514, 394.514, 394.514};