name="jSO CEC17";
dim=10;
bound=1;
testID=15;
(*--------*)
min=1.12963*^-6;
max=0.499999;
median=0.403593;
mean=0.2852004720496079;
std=0.22000965301182462;
(*--------*)
data={0.499182, 0.498662, 0.0130807, 0.499873, 0.494874, 0.00467487, 0.491803, 0.499873, 0.499935, 0.0000834889, 0.499971, 0.469356, 0.029401, 0.499827, 0.0414848, 0.499965, 0.0877189, 0.111165, 0.105533, 0.499998, 0.485933, 0.499995, 0.129655, 0.000879896, 0.00486881, 0.499901, 0.198424, 0.499789, 0.257793, 0.00108674, 0.0591451, 0.0184953, 0.498964, 1.12963*^-6, 0.0552005, 0.439148, 0.117432, 0.396148, 0.173937, 0.00270393, 0.499999, 0.00238901, 0.0211877, 0.476861, 0.499465, 0.493642, 0.403593, 0.492635, 0.499973, 0.0282952, 0.441223};