name="jSO CEC17";
dim=10;
bound=4;
testID=23;
(*--------*)
min=300;
max=304.42;
median=300;
mean=301.01301960784315;
std=1.5503474899543805;
(*--------*)
data={300, 300, 300, 300, 300, 300, 300, 302.866, 303.007, 300, 302.882, 300, 300, 300, 300, 300, 300, 302.882, 302.882, 304.076, 300, 300, 302.882, 304.317, 300, 300, 303.267, 300, 300, 300, 300, 300, 304.42, 302.882, 300, 300, 300, 302.576, 300, 300, 302.882, 300, 300, 300, 300, 300, 302.866, 300, 300, 302.866, 304.111};