name="jSO CEC17";
dim=10;
bound=4;
testID=12;
(*--------*)
min=0;
max=120.154;
median=0.416286;
mean=5.277906960784313;
std=23.469401177277998;
(*--------*)
data={0.624429, 0.416286, 120.154, 0.416286, 0.208143, 0.416286, 0.208143, 0.624429, 119.946, 0.208143, 0.624429, 0.416286, 0.208143, 0.416286, 0.416286, 0.416286, 0.416286, 0.416286, 0.416286, 0.624429, 0.416286, 0.208143, 0.416286, 0.208143, 0.624429, 11.3811, 0.208143, 0.416286, 0.208143, 0.624429, 0.416286, 0.208143, 0.416286, 0.416286, 0.416286, 0.416286, 0.208143, 0.416286, 0.624429, 0.208143, 0.208143, 0.208143, 0.416286, 0.416286, 0, 0.416286, 0.208143, 0, 0.624429, 0.208143, 0.416286};