name="jSO CEC17";
dim=10;
bound=3;
testID=18;
(*--------*)
min=0.0000314631;
max=0.5;
median=0.271812;
mean=0.26258756177647063;
std=0.21483231705271333;
(*--------*)
data={0.498568, 0.0550035, 0.000893346, 0.0000759505, 0.5, 0.354673, 0.00786108, 0.00061689, 0.37024, 0.39976, 0.5, 0.493664, 0.0005432, 0.00697919, 0.110298, 0.499998, 0.499404, 0.00168248, 0.271812, 0.5, 0.114658, 0.439554, 0.205506, 0.00369312, 0.499999, 0.5, 0.499996, 0.00167029, 0.0699826, 0.00114644, 0.195353, 0.0721469, 0.468628, 0.000818077, 0.00841978, 0.18135, 0.5, 0.000100514, 0.419909, 0.185294, 0.287912, 0.5, 0.5, 0.246431, 0.499078, 0.5, 0.0000314631, 0.434318, 0.478812, 0.00513283, 0.499953};