name="jSO CEC17";
dim=10;
bound=2;
testID=29;
(*--------*)
min=227.125;
max=249.039;
median=235.028;
mean=236.1257647058823;
std=4.221823286629771;
(*--------*)
data={235.644, 242.177, 233.405, 239.645, 242.787, 233.219, 233.704, 231.279, 235.986, 236.225, 234.29, 237.152, 227.125, 239.493, 248.704, 231.108, 229.72, 237.945, 234.483, 237.365, 238.425, 234.311, 239.39, 234.986, 238.862, 234.789, 239.985, 233.832, 234.718, 234.283, 235.715, 241.665, 234.316, 233.374, 240.862, 239.72, 237.187, 249.039, 231.672, 233.203, 237.013, 231.658, 234.27, 234.881, 229.958, 235.667, 238.969, 235.028, 232.345, 233.632, 237.203};