name="jSO CEC17";
dim=10;
bound=0;
testID=21;
(*--------*)
min=100;
max=204.418;
median=100;
mean=142.50186274509804;
std=51.30756013104486;
(*--------*)
data={100, 100, 204.074, 100, 100, 100, 100, 100, 100, 100, 100, 203.242, 204.418, 202.929, 100, 100, 201.962, 100, 201.99, 203.316, 204.036, 203.024, 100, 100, 100, 100, 202.027, 203.242, 100, 202.998, 202.58, 100, 100, 203.733, 100, 204.166, 204.153, 100, 100, 100, 201.713, 100, 203.925, 100, 100, 203.193, 204.03, 100, 100, 202.844, 100};