name="jSO CEC17";
dim=10;
bound=4;
testID=30;
(*--------*)
min=394.501;
max=394.533;
median=394.501;
mean=394.5059019607843;
std=0.007197929985668806;
(*--------*)
data={394.514, 394.501, 394.501, 394.501, 394.502, 394.515, 394.501, 394.501, 394.501, 394.501, 394.515, 394.502, 394.514, 394.501, 394.502, 394.501, 394.501, 394.501, 394.501, 394.533, 394.514, 394.501, 394.501, 394.514, 394.501, 394.501, 394.514, 394.514, 394.501, 394.514, 394.502, 394.501, 394.501, 394.501, 394.502, 394.514, 394.501, 394.502, 394.515, 394.514, 394.501, 394.514, 394.502, 394.514, 394.501, 394.501, 394.501, 394.501, 394.514, 394.514, 394.501};