name="jSO CEC17";
dim=10;
bound=2;
testID=5;
(*--------*)
min=0;
max=3.97984;
median=1.98992;
mean=1.794829568627451;
std=0.890355621638708;
(*--------*)
data={1.98992, 0.994959, 1.98992, 0.994959, 1.98992, 1.98992, 3.97984, 2.98488, 1.98992, 0, 0.994959, 1.98992, 1.98992, 0.994959, 1.98992, 1.98992, 1.98992, 1.98992, 0.994959, 1.98992, 0, 0.994959, 0.994959, 1.98992, 1.98992, 0.994959, 0.994959, 1.98992, 1.98992, 1.98992, 1.98992, 0.994959, 1.98992, 1.98992, 3.97984, 1.98992, 1.98992, 1.98992, 2.98488, 0, 0.994959, 0, 2.98488, 2.98488, 1.98992, 2.98488, 1.98992, 2.98488, 0.994959, 1.98992, 1.98992};