name="jSO CEC17";
dim=10;
bound=1;
testID=23;
(*--------*)
min=300;
max=305.246;
median=302.804;
mean=302.27262745098045;
std=1.8359362402957715;
(*--------*)
data={304.403, 302.804, 302.576, 303.977, 300, 300, 300, 303.007, 304.111, 305.246, 300, 302.882, 302.882, 300, 302.804, 304.111, 300, 300, 302.882, 300, 300, 304.481, 303.007, 304.953, 304.344, 300, 304.344, 300, 304.344, 300, 304.98, 303.267, 303.007, 303.007, 302.576, 300, 302.576, 303.12, 300, 303.007, 300, 302.576, 303.081, 302.882, 300, 300, 302.576, 300, 305.112, 304.403, 302.576};