name="jSO CEC17";
dim=10;
bound=0;
testID=15;
(*--------*)
min=0.000126253;
max=0.5;
median=0.378318;
mean=0.2888468155686274;
std=0.21446959370453506;
(*--------*)
data={0.142278, 0.499984, 0.0436477, 0.499832, 0.186661, 0.499235, 0.485823, 0.477824, 0.0191662, 0.368173, 0.0367256, 0.499275, 0.462465, 0.470951, 0.0996289, 0.000126253, 0.436466, 0.00234523, 0.499996, 0.481, 0.485744, 0.0548266, 0.461441, 0.000257469, 0.499999, 0.499988, 0.00709408, 0.0289392, 0.289923, 0.499953, 0.378318, 0.00118384, 0.499706, 0.495104, 0.00211887, 0.320208, 0.247017, 0.499997, 0.029214, 0.0635399, 0.482009, 0.000425192, 0.00447656, 0.0521988, 0.154319, 0.5, 0.425461, 0.5, 0.495814, 0.5, 0.0403092};