name="jSO CEC17";
dim=10;
bound=1;
testID=21;
(*--------*)
min=100;
max=204.774;
median=100;
mean=140.39058823529413;
std=50.78966508106801;
(*--------*)
data={203.237, 100, 203.015, 100, 100, 204.774, 203.024, 202.881, 100, 100, 100, 100, 100, 203.157, 100, 100, 100, 100, 100, 203.082, 201.957, 203.542, 100, 100, 204.03, 203.794, 100, 100, 200, 203.258, 203.015, 100, 100, 100, 100, 201.979, 202.652, 100, 100, 100, 203.095, 100, 203.774, 100, 203.095, 202.559, 100, 100, 100, 100, 100};