name="jSO CEC17";
dim=10;
bound=4;
testID=19;
(*--------*)
min=0;
max=0.0391612;
median=0.0194318;
mean=0.011078658410513725;
std=0.011873727383157371;
(*--------*)
data={0.0194318, 0, 0, 0, 0, 0.0194318, 0, 0.0194318, 0.0194318, 0.0194318, 0.0194318, 0.0194318, 0.0194318, 0.0194318, 7.89362*^-8, 0.0197293, 0, 0.0194318, 0, 0, 0.0391612, 0.0197308, 0.0194318, 0.0194318, 0, 0.0391612, 0.0194318, 0, 0, 0.0194318, 0, 0, 0, 0.0194318, 0.0194318, 0.0194318, 0, 0.0194318, 0, 0, 0, 0, 0, 0, 0.0194318, 0.0391612, 0.0194318, 0, 0, 0.0194318, 0};