name="jSO CEC17";
dim=10;
bound=1;
testID=12;
(*--------*)
min=0;
max=0.624429;
median=0.416286;
mean=0.346905;
std=0.159425400391782;
(*--------*)
data={0.416286, 0, 0.208143, 0.416286, 0.416286, 0.416286, 0.208143, 0.416286, 0.416286, 0.416286, 0.416286, 0.208143, 0.208143, 0.208143, 0.416286, 0.416286, 0.416286, 0.416286, 0.416286, 0.208143, 0, 0, 0.416286, 0.416286, 0.416286, 0.416286, 0.624429, 0.416286, 0.208143, 0, 0.208143, 0.416286, 0.416286, 0.416286, 0.416286, 0.416286, 0.624429, 0.416286, 0.416286, 0.208143, 0.416286, 0.624429, 0.416286, 0.208143, 0.208143, 0.208143, 0.624429, 0.208143, 0.416286, 0.208143, 0.624429};