name="jSO CEC17";
dim=10;
bound=2;
testID=16;
(*--------*)
min=0.0245077;
max=1.10891;
median=0.574166;
mean=0.6160217901960784;
std=0.25811556008622205;
(*--------*)
data={0.227746, 0.426331, 0.256714, 0.340987, 0.935086, 1.10891, 0.44072, 0.727575, 0.504204, 0.916204, 0.0740056, 0.698558, 0.724326, 0.90864, 0.868734, 0.717173, 0.441687, 0.914344, 0.935591, 0.0245077, 0.519432, 0.563102, 0.725531, 0.519422, 0.711737, 0.510573, 0.574166, 0.915564, 0.672236, 0.519137, 0.935628, 0.11647, 0.497798, 0.260737, 0.670213, 0.712512, 1.02791, 0.518329, 0.545592, 0.500678, 0.911782, 0.892229, 0.920553, 0.517338, 0.238095, 0.515899, 0.935423, 0.498986, 0.598842, 0.659743, 0.519411};