name="jSO CEC17";
dim=10;
bound=3;
testID=19;
(*--------*)
min=0;
max=0.0391612;
median=0;
mean=0.008411517647058823;
std=0.011880389004737275;
(*--------*)
data={0.0194318, 0, 0, 0, 0, 0, 0.0194318, 0.0194318, 0.0194318, 0.0194318, 0, 0, 0.0194318, 0, 0.0197293, 0.0391612, 0.0391612, 0, 0, 0.0194318, 0, 0, 0, 0, 0.0194318, 0, 0, 0, 0, 0.0194318, 0, 0, 0, 0.0194318, 0.0194318, 0, 0, 0, 0.0194318, 0, 0, 0, 0, 0, 0.0197293, 0, 0.0194318, 0, 0.0194318, 0, 0.0391612};