name="jSO CEC17";
dim=10;
bound=0;
testID=20;
(*--------*)
min=0;
max=0.624347;
median=0.312173;
mean=0.3856257450980392;
std=0.16025478824906833;
(*--------*)
data={0.312173, 0.624347, 0.312173, 0.312173, 0.624347, 0.312173, 0.312173, 0.312173, 0.624347, 0.624347, 0.312173, 0, 0.312173, 0.312173, 0.624347, 0.312173, 0.624347, 0.312173, 0.312173, 0, 0.312173, 0.312173, 0.624347, 0.312173, 0.312173, 0.312173, 0.624347, 0.312173, 0.312173, 0.312173, 0.312173, 0.624347, 0.624347, 0.312173, 0.312173, 0.312173, 0.312173, 0.312173, 0.624347, 0.312173, 0.624347, 0.312173, 0.624347, 0.312173, 0.312173, 0.312173, 0.624347, 0.312173, 0.312173, 0.312173, 0.312173};