name="jSO CEC17";
dim=10;
bound=2;
testID=15;
(*--------*)
min=0.0000241327;
max=0.5;
median=0.381841;
mean=0.2887204834843138;
std=0.21342931591806907;
(*--------*)
data={0.0415042, 0.497317, 0.401972, 0.00292384, 0.00144447, 0.496289, 0.448714, 0.49985, 0.419843, 0.010393, 0.368271, 0.499626, 0.1053, 0.469774, 0.499851, 0.00264465, 0.5, 0.381841, 0.00209083, 0.5, 0.499614, 0.452916, 0.000899266, 0.499986, 0.0773422, 0.0064687, 0.31947, 0.16043, 0.196365, 0.499919, 0.0947137, 0.38771, 0.499766, 0.00590348, 0.499348, 0.000148429, 0.499937, 0.499059, 0.117535, 0.0688417, 0.00772556, 0.499999, 0.0000241327, 0.491203, 0.129095, 0.0021835, 0.498255, 0.19179, 0.499648, 0.5, 0.3688};