name="jSO CEC17";
dim=10;
bound=0;
testID=18;
(*--------*)
min=4.99101*^-8;
max=0.5;
median=0.283151;
mean=0.2547192531956883;
std=0.2120011793874844;
(*--------*)
data={0.223951, 0.0000103943, 0.353449, 0.000129036, 0.00105558, 0.499326, 0.0571225, 0.499998, 0.5, 0.499712, 0.5, 0.0890111, 0.21998, 0.357923, 0.0130927, 0.5, 0.000984323, 0.499989, 0.284571, 0.498094, 0.264796, 0.0396257, 0.288936, 0.308949, 0.00731685, 0.0128846, 0.000924137, 0.0843489, 0.019643, 0.499998, 0.276453, 0.454849, 0.283151, 0.486544, 0.00525243, 0.499999, 0.462046, 0.5, 0.499998, 0.499999, 5.93736*^-6, 0.00883484, 4.99101*^-8, 1.68641*^-6, 0.376949, 0.150224, 0.5, 0.5, 0.00170436, 0.000581789, 0.358268};