name="jSO CEC17";
dim=10;
bound=1;
testID=19;
(*--------*)
min=0;
max=0.110003;
median=0;
mean=0.013235813725490195;
std=0.01897838357645898;
(*--------*)
data={0.0194318, 0.0194318, 0, 0.0194318, 0.0194318, 0, 0, 0.0391612, 0, 0, 0, 0.0194318, 0, 0.0194318, 0, 0.0194318, 0, 0.0391612, 0, 0.0194451, 0, 0.110003, 0, 0, 0, 0, 0.0194318, 0, 0, 0, 0, 0, 0.0194318, 0.0194318, 0.0391612, 0, 0.0194318, 0, 0.0194318, 0, 0, 0.0194318, 0.0194318, 0.0194318, 0.0194318, 0.0194318, 0, 0.0391612, 0.0194318, 0, 0.0391612};