name="jSO CEC17";
dim=10;
bound=4;
testID=10;
(*--------*)
min=0.249818;
max=217.514;
median=10.2449;
mean=39.95435858823529;
std=56.88186230931197;
(*--------*)
data={26.8242, 21.8246, 3.53987, 3.55375, 15.3069, 10.2449, 7.07974, 13.7224, 3.78969, 125.456, 0.249818, 3.66478, 217.514, 11.7046, 125.268, 10.2449, 6.89238, 125.846, 3.60232, 3.78969, 3.72724, 0.249818, 7.01728, 0.249818, 125.783, 15.3694, 15.182, 6.95487, 118.815, 0.374727, 118.813, 137.445, 130.33, 6.89238, 6.82992, 15.3069, 6.82992, 3.41496, 3.53989, 0.374727, 3.60232, 26.6994, 3.66478, 122.459, 125.518, 3.60232, 13.7223, 3.66478, 11.892, 122.166, 137.063};