name="jSO CEC17";
dim=10;
bound=5;
testID=21;
(*--------*)
min=100;
max=204.848;
median=100;
mean=130.31113725490198;
std=47.42688951682141;
(*--------*)
data={100, 100, 100, 203.082, 100, 100, 100, 201.957, 100, 100, 100, 201.979, 100, 100, 100, 202.745, 100, 100, 202.835, 204.848, 203.833, 100, 100, 202.575, 100, 100, 100, 100, 204.013, 100, 100, 100, 203.583, 202.151, 100, 100, 100, 202.835, 100, 100, 100, 203.193, 100, 100, 100, 100, 100, 100, 203.157, 203.082, 100};