name="jSO CEC17";
dim=10;
bound=0;
testID=10;
(*--------*)
min=0.312272;
max=224.157;
median=10.3073;
mean=41.51801386274509;
std=61.37343168269765;
(*--------*)
data={0.437181, 10.2449, 6.95483, 3.85216, 3.66478, 128.558, 3.60232, 130.658, 125.268, 3.60232, 11.892, 3.60232, 12.0169, 0.312272, 15.3069, 6.8301, 6.89238, 6.89238, 15.2445, 10.1824, 3.60232, 11.892, 125.393, 125.268, 3.47742, 122.335, 11.9545, 3.66478, 224.157, 10.3073, 15.2445, 0.437181, 7.07974, 10.3698, 13.5974, 118.751, 221.557, 6.82992, 26.7617, 123.481, 122.042, 3.60232, 3.53987, 0.312272, 125.331, 13.5974, 11.9544, 6.82992, 0.437181, 3.85214, 133.745};