name="jSO CEC17";
dim=10;
bound=4;
testID=25;
(*--------*)
min=397.743;
max=443.373;
median=398.009;
mean=406.829137254902;
std=18.21716104778086;
(*--------*)
data={397.743, 398.009, 443.373, 397.743, 443.334, 398.009, 398.009, 398.009, 398.009, 443.334, 398.009, 398.057, 398.009, 398.009, 398.009, 398.009, 398.009, 397.743, 443.33, 397.743, 398.009, 398.032, 397.743, 398.009, 398.009, 398.009, 398.009, 397.743, 398.009, 398.009, 443.37, 443.334, 397.743, 397.743, 443.342, 397.743, 398.009, 443.357, 398.009, 398.036, 398.033, 397.743, 397.743, 397.743, 443.372, 398.009, 397.743, 398.009, 397.743, 398.009, 443.373};