name="jSO CEC17";
dim=10;
bound=0;
testID=19;
(*--------*)
min=0;
max=0.0391612;
median=0;
mean=0.008798370588235295;
std=0.013145648591960673;
(*--------*)
data={0, 0, 0, 0.0194318, 0, 0.0194318, 0.0194318, 0, 0.0391612, 0, 0, 0, 0.0194318, 0, 0.0194318, 0.0391612, 0, 0.0194318, 0.0194318, 0.0194318, 0.0391612, 0, 0, 0, 0.0391612, 0.0194318, 0, 0, 0, 0, 0.0391612, 0, 0.0194318, 0, 0, 0, 0, 0, 0, 0, 0, 0, 0, 0, 0, 0.0194318, 0, 0, 0.0197293, 0, 0.0194318};