name="jSO CEC17";
dim=10;
bound=4;
testID=27;
(*--------*)
min=389.006;
max=393.819;
median=389.518;
mean=389.4216274509804;
std=0.6744408338997426;
(*--------*)
data={389.006, 389.006, 389.518, 389.006, 389.518, 389.518, 389.518, 389.518, 389.518, 389.518, 389.518, 389.518, 389.006, 389.006, 389.518, 389.006, 389.518, 389.518, 389.006, 389.006, 389.006, 389.518, 389.518, 389.518, 389.518, 389.518, 389.518, 389.006, 389.518, 389.518, 389.006, 389.518, 389.518, 389.518, 389.006, 389.518, 389.518, 389.006, 389.006, 393.819, 389.518, 389.006, 389.006, 389.518, 389.518, 389.518, 389.518, 389.518, 389.006, 389.006, 389.518};