name="jSO CEC17";
dim=10;
bound=1;
testID=13;
(*--------*)
min=0;
max=5.39449;
median=4.83714;
mean=4.583313490196079;
std=1.2172738720884528;
(*--------*)
data={4.83849, 4.83714, 5.39449, 4.83714, 5.20413, 4.83714, 0, 4.83714, 4.83714, 5.20413, 5.39413, 4.83714, 5.02719, 4.83714, 4.83714, 5.39413, 0.994959, 5.02714, 5.39413, 4.83714, 4.83767, 4.83714, 0.997619, 4.83731, 4.83714, 4.83714, 4.83714, 5.20417, 5.20413, 4.83714, 1.11547, 4.83714, 4.83714, 4.83714, 4.83714, 5.02714, 4.83714, 4.83714, 4.83714, 4.83714, 1.98992, 5.02714, 4.83714, 5.02732, 4.83714, 5.39413, 5.02714, 5.20413, 4.83714, 5.02714, 5.02714};