name="jSO CEC17";
dim=10;
bound=1;
testID=25;
(*--------*)
min=397.743;
max=443.373;
median=398.009;
mean=412.1669607843134;
std=21.29293054979589;
(*--------*)
data={443.365, 397.743, 397.743, 443.334, 398.036, 397.743, 398.009, 398.009, 398.009, 397.743, 443.334, 398.009, 398.009, 443.373, 443.33, 443.357, 443.373, 398.009, 443.364, 398.009, 443.33, 398.009, 398.009, 398.033, 398.009, 398.033, 398.009, 397.743, 397.743, 397.743, 443.357, 397.743, 443.334, 443.357, 398.009, 443.334, 443.373, 398.009, 443.334, 397.743, 398.009, 397.743, 397.743, 443.334, 397.743, 398.009, 398.009, 397.743, 398.009, 398.009, 398.009};