name="jSO CEC17";
dim=10;
bound=1;
testID=18;
(*--------*)
min=7.11716*^-7;
max=0.5;
median=0.233505;
mean=0.2650190830344314;
std=0.20442019456202237;
(*--------*)
data={0.499976, 0.43549, 0.0675476, 0.445795, 0.0569787, 0.00130031, 0.00711457, 0.000803077, 0.227688, 0.216675, 0.215178, 0.250663, 0.345306, 0.00253311, 0.499969, 0.00367119, 0.000129796, 0.49502, 0.126969, 0.051409, 0.0575407, 0.5, 0.499693, 6.95704*^-6, 0.00418922, 0.5, 0.499996, 0.000305223, 0.499893, 0.234974, 0.493893, 0.5, 0.00458827, 0.396862, 7.11716*^-7, 0.0475808, 0.436208, 0.5, 0.5, 0.5, 0.344427, 0.141574, 0.499948, 0.459168, 0.233505, 0.202042, 0.139117, 0.5, 0.152736, 0.495104, 0.222405};