name="jSO CEC17";
dim=10;
bound=0;
testID=27;
(*--------*)
min=389.006;
max=389.518;
median=389.518;
mean=389.3975294117647;
std=0.21934250412915224;
(*--------*)
data={389.518, 389.518, 389.518, 389.518, 389.006, 389.518, 389.006, 389.006, 389.518, 389.518, 389.006, 389.518, 389.518, 389.518, 389.518, 389.518, 389.518, 389.518, 389.518, 389.518, 389.518, 389.518, 389.518, 389.518, 389.006, 389.518, 389.518, 389.518, 389.518, 389.006, 389.518, 389.518, 389.518, 389.006, 389.518, 389.006, 389.518, 389.518, 389.518, 389.518, 389.518, 389.518, 389.006, 389.518, 389.518, 389.518, 389.518, 389.006, 389.006, 389.518, 389.006};