name="jSO CEC17";
dim=10;
bound=5;
testID=7;
(*--------*)
min=10.652;
max=13.3046;
median=11.8428;
mean=11.910019607843138;
std=0.5765608807470753;
(*--------*)
data={11.2086, 11.5317, 11.2127, 11.1988, 10.652, 11.9242, 12.7991, 12.0067, 12.9091, 12.4061, 12.1001, 12.4544, 11.5909, 13.3046, 12.0004, 12.8313, 11.6814, 10.8981, 12.1277, 11.5537, 12.2736, 13.0196, 12.6082, 12.1518, 11.6648, 12.0279, 11.7148, 11.661, 11.643, 11.1857, 11.2597, 12.3448, 12.2297, 11.787, 11.839, 12.5844, 11.7755, 10.9639, 11.8103, 11.4944, 12.0045, 11.9973, 11.3436, 11.6164, 12.4506, 12.0931, 11.2662, 11.8428, 11.7437, 12.7573, 11.8648};