name="jSO CEC17";
dim=10;
bound=0;
testID=17;
(*--------*)
min=0.0202062;
max=1.72012;
median=0.412716;
mean=0.5168814764705882;
std=0.383906375775995;
(*--------*)
data={1.36442, 1.44537, 0.368948, 0.623335, 1.15629, 0.0694149, 0.103691, 0.534557, 0.334643, 0.434736, 0.367092, 0.343341, 0.414066, 1.06783, 0.0912879, 0.199339, 0.585127, 0.375361, 0.412716, 0.0202062, 0.628556, 0.738296, 0.220689, 0.274559, 0.339696, 0.382589, 0.405784, 0.395181, 0.242573, 0.20108, 0.182063, 0.76368, 0.156983, 0.0392723, 0.36198, 0.17594, 1.72012, 0.578506, 0.37918, 0.200407, 0.476763, 0.66956, 0.448515, 1.09071, 0.706079, 1.02003, 0.558213, 0.443049, 1.31664, 0.42244, 0.510051};