name="jSO CEC17";
dim=10;
bound=4;
testID=17;
(*--------*)
min=0.00994801;
max=1.64263;
median=0.393156;
mean=0.5072265570588236;
std=0.3919665696722692;
(*--------*)
data={0.785921, 0.393156, 0.436645, 0.698687, 1.23472, 0.978581, 0.542076, 0.349353, 1.32891, 0.134061, 0.167562, 0.456741, 0.315892, 0.363385, 0.351604, 0.648319, 0.113394, 0.126875, 0.318526, 0.446164, 0.400327, 0.181617, 0.00994801, 0.223614, 0.395793, 0.571032, 1.43162, 0.484809, 0.49584, 0.382274, 0.150818, 0.480351, 0.675761, 0.20224, 1.3308, 0.324146, 0.189924, 1.0154, 0.498187, 0.349504, 1.36457, 0.495466, 1.64263, 0.349491, 0.371816, 0.336823, 0.750319, 0.0243782, 0.23172, 0.0753382, 0.241426};