name="jSO CEC17";
dim=10;
bound=3;
testID=24;
(*--------*)
min=100;
max=331.057;
median=100;
mean=192.16884313725492;
std=111.44218117793146;
(*--------*)
data={100, 100, 100, 100, 100, 100, 100, 328.589, 327.09, 100, 327.165, 100, 100, 100, 100, 331.057, 100, 100, 328.319, 328.589, 328.319, 100, 100, 100, 324.143, 326.508, 100, 328.693, 100, 329.945, 328.781, 100, 100, 329.544, 100, 100, 324.74, 100, 100, 300, 100, 100, 100, 326.735, 100, 100, 300, 300, 326.64, 328.589, 327.165};