name="jSO CEC17";
dim=10;
bound=5;
testID=29;
(*--------*)
min=228.768;
max=242.485;
median=234.765;
mean=234.91649019607846;
std=3.193262396813322;
(*--------*)
data={232.435, 231.497, 231.135, 229.538, 236.833, 237.577, 232.735, 231.219, 236.693, 238.061, 238.838, 235.322, 232.828, 233.748, 236.863, 234.404, 234.765, 232.225, 236.15, 236.324, 234.973, 237.787, 241.901, 234.609, 235.068, 229.626, 237.457, 228.768, 238.264, 236.838, 235.874, 230.464, 234.265, 240.379, 239.179, 238.201, 233.095, 235.12, 234.151, 230.691, 234.763, 233.668, 232.565, 230.174, 231.752, 233.177, 236.03, 239.648, 242.485, 234.756, 235.823};