name="jSO CEC17";
dim=10;
bound=3;
testID=17;
(*--------*)
min=0.0341932;
max=1.72069;
median=0.425653;
mean=0.5143564588235291;
std=0.41248208755503957;
(*--------*)
data={0.122109, 0.363662, 0.619066, 0.145403, 0.39108, 0.337773, 0.544638, 0.0478684, 0.0341932, 0.558997, 0.10503, 0.505225, 0.959882, 0.551191, 0.196886, 1.13697, 0.425653, 0.0425141, 0.196466, 0.307674, 0.779649, 0.193783, 0.336731, 1.72069, 0.10101, 0.45796, 0.0452997, 0.444523, 1.14161, 0.449361, 0.189357, 0.125529, 1.11826, 1.46972, 1.28012, 0.493555, 0.473961, 1.45758, 0.368183, 1.08172, 0.478385, 0.410732, 0.527257, 0.371947, 0.51853, 1.07277, 0.14639, 0.450431, 0.155789, 0.395143, 0.383923};