name="jSO CEC17";
dim=10;
bound=5;
testID=8;
(*--------*)
min=0;
max=3.97984;
median=1.98992;
mean=1.7948294901960784;
std=0.8209383733087734;
(*--------*)
data={0.994959, 1.98992, 0.994959, 2.98488, 1.98992, 1.98992, 0.994959, 2.98488, 0, 1.98992, 0.994959, 1.98992, 2.98488, 0.994959, 0.994959, 1.98992, 2.98488, 1.98992, 1.98992, 0.994959, 1.98992, 1.98992, 0, 0.994959, 1.98992, 1.98992, 0.994959, 0.994959, 1.98992, 0.994959, 3.97984, 0.994959, 1.98992, 0.994959, 1.98992, 1.98992, 1.98992, 1.98992, 1.98992, 1.98992, 0.994959, 2.98488, 0.994959, 2.98488, 1.98992, 0.994959, 1.98992, 1.98992, 1.98992, 2.98488, 2.98488};