name="jSO CEC17";
dim=10;
bound=3;
testID=7;
(*--------*)
min=10.4359;
max=13.4279;
median=12.0995;
mean=12.101905882352936;
std=0.6638358819502798;
(*--------*)
data={12.648, 12.5847, 11.722, 11.6473, 12.5448, 13.0766, 11.2543, 11.9358, 12.0995, 11.4661, 12.2342, 12.8692, 11.1003, 12.5678, 11.8162, 12.1298, 11.37, 12.1949, 12.4124, 13.2491, 12.3637, 12.2142, 11.8181, 12.1101, 11.7079, 10.4359, 12.2492, 11.3516, 13.2167, 13.4, 11.5889, 11.1924, 12.0543, 12.3778, 13.4279, 12.9206, 11.7903, 12.0668, 12.0867, 12.6522, 12.0985, 12.6938, 12.9791, 11.6188, 11.038, 12.199, 11.7937, 11.0599, 12.0178, 11.3272, 12.4231};