name="jSO CEC17";
dim=10;
bound=1;
testID=24;
(*--------*)
min=0;
max=333.502;
median=329.564;
mean=283.04498039215684;
std=97.22745328979674;
(*--------*)
data={329.544, 331.396, 330.387, 328.319, 332.375, 327.92, 332.213, 327.09, 330.831, 330.973, 329.826, 329.544, 330.986, 328.157, 329.564, 331.345, 0, 100, 329.564, 329.493, 330.244, 326.056, 331.138, 329.564, 330.387, 331.396, 327.5, 100, 332.789, 330.994, 328.781, 100, 329.544, 100, 331.663, 330.244, 100, 329.645, 330.244, 329.544, 100, 328.781, 332.869, 100, 329.564, 100, 331.227, 333.502, 331.138, 328.953, 100};