name="jSO CEC17";
dim=10;
bound=3;
testID=25;
(*--------*)
min=397.743;
max=443.378;
median=397.743;
mean=404.0845294117647;
std=15.820524220585028;
(*--------*)
data={397.743, 397.743, 397.743, 398.036, 398.033, 397.743, 398.009, 397.743, 397.743, 397.743, 397.743, 397.743, 397.743, 397.743, 398.009, 443.342, 397.743, 443.37, 443.378, 397.743, 398.009, 397.743, 397.743, 443.334, 397.743, 398.009, 397.743, 397.743, 443.373, 398.009, 397.743, 443.33, 397.743, 397.743, 398.009, 397.743, 397.743, 397.743, 398.036, 398.036, 398.009, 397.743, 398.009, 443.37, 398.036, 397.743, 397.743, 397.743, 397.743, 398.009, 398.009};