name="jSO CEC17";
dim=10;
bound=4;
testID=15;
(*--------*)
min=0.000160832;
max=0.499999;
median=0.430347;
mean=0.2796008761764706;
std=0.23073879074374454;
(*--------*)
data={0.0411537, 0.486713, 0.492609, 0.042245, 0.499579, 0.499951, 0.486119, 0.490959, 0.430321, 0.00731161, 0.0270565, 0.499997, 0.489814, 0.0602626, 0.105245, 0.499923, 0.0306248, 0.472489, 0.465306, 0.482787, 0.499497, 0.00475422, 0.000792518, 0.00100443, 0.09289, 0.498802, 0.00237608, 0.499834, 0.489995, 0.430347, 0.499737, 0.00144652, 0.499984, 0.000520902, 0.0099295, 0.00875427, 0.449542, 0.000995933, 0.370636, 0.499999, 0.000160832, 0.00593387, 0.0101445, 0.0048942, 0.491118, 0.498793, 0.497547, 0.0191807, 0.499999, 0.263942, 0.495628};