name="jSO CEC17";
dim=10;
bound=2;
testID=13;
(*--------*)
min=0;
max=5.39413;
median=0;
mean=0.8213138929071528;
std=1.778150106805791;
(*--------*)
data={0.998382, 1.98992, 0, 0, 0, 0, 0, 0, 0, 0, 0, 0.994959, 2.65268*^-8, 0, 0.015458, 0, 0, 0, 0, 0, 0, 0, 3.05738*^-7, 0, 0, 0, 0, 0, 0, 0, 5.39413, 0.994959, 5.39413, 0.000431206, 0, 0, 0, 0, 0, 4.83714, 5.20413, 0, 0.994959, 0, 4.83714, 0, 4.83714, 0, 0, 5.39413, 0};