name="jSO CEC17";
dim=10;
bound=5;
testID=16;
(*--------*)
min=0.0212146;
max=1.14385;
median=0.661862;
mean=0.617247462745098;
std=0.3052021482644354;
(*--------*)
data={0.519432, 1.12969, 0.587412, 0.447946, 0.612015, 0.0281932, 0.662258, 0.758012, 0.845104, 0.927061, 1.14348, 0.228322, 0.711319, 0.848594, 0.694439, 0.937038, 0.499055, 0.932022, 1.14297, 0.589918, 0.228169, 0.232184, 0.726882, 0.233435, 0.466648, 0.726641, 0.686786, 0.408518, 0.821002, 0.23026, 0.635109, 0.286983, 0.933169, 0.904745, 0.661862, 0.608442, 0.525659, 0.51643, 0.102421, 0.712109, 0.851439, 0.934435, 0.915792, 0.0354718, 0.0212146, 0.477883, 0.36917, 0.888209, 1.14385, 0.230464, 0.719958};