name="jSO CEC17";
dim=10;
bound=0;
testID=16;
(*--------*)
min=0.0122286;
max=0.934363;
median=0.461761;
mean=0.4519154019607842;
std=0.26147023519645024;
(*--------*)
data={0.67182, 0.934363, 0.517388, 0.917743, 0.238748, 0.454358, 0.0122286, 0.250661, 0.215067, 0.437192, 0.517738, 0.437321, 0.706384, 0.915802, 0.714682, 0.228312, 0.0218058, 0.727496, 0.59226, 0.0210966, 0.51605, 0.228328, 0.573947, 0.343372, 0.69988, 0.461761, 0.840456, 0.712027, 0.51681, 0.662981, 0.519077, 0.438607, 0.437965, 0.0198052, 0.917038, 0.302115, 0.0467817, 0.436474, 0.552954, 0.519082, 0.287017, 0.0272107, 0.0612315, 0.435353, 0.519432, 0.737878, 0.516622, 0.0272024, 0.448279, 0.498068, 0.211415};