name="jSO CEC17";
dim=10;
bound=0;
testID=5;
(*--------*)
min=0;
max=3.97984;
median=1.98992;
mean=1.8143399019607842;
std=0.8833536517331494;
(*--------*)
data={3.97984, 1.98992, 0.994959, 2.98488, 2.98488, 1.98992, 0.994959, 1.98992, 2.98488, 1.98992, 1.98992, 0.994959, 0.994959, 0.994959, 0.994959, 1.98992, 2.98488, 1.98992, 0.994959, 0, 1.98992, 0, 1.98992, 0.994959, 0.994959, 1.98992, 0.994959, 0.994959, 2.98488, 2.98488, 1.98992, 2.98488, 0, 0.994959, 1.98992, 1.98992, 1.98992, 1.98992, 2.98488, 0.994959, 2.98488, 1.98992, 1.98992, 1.98992, 1.98992, 1.98992, 1.98992, 0.994959, 1.98992, 0.994959, 2.98495};