name="jSO CEC17";
dim=10;
bound=4;
testID=18;
(*--------*)
min=0.000102779;
max=0.5;
median=0.170176;
mean=0.20609835480392155;
std=0.20233005405044752;
(*--------*)
data={0.00776614, 0.479696, 0.00374726, 0.000571731, 0.402713, 0.223502, 0.00165323, 0.000268098, 0.43529, 0.498394, 0.000909325, 0.0962748, 0.00155925, 0.198485, 0.499425, 0.16048, 0.463675, 0.0103803, 0.474496, 0.201606, 0.0053951, 0.198713, 0.000167501, 0.0426232, 0.00033356, 0.5, 0.000597973, 0.0017247, 0.269997, 0.000890838, 0.00998424, 0.5, 0.435829, 0.00101514, 0.054562, 0.00166951, 0.293049, 0.434515, 0.136808, 0.340015, 0.00233487, 0.00028755, 0.335172, 0.170176, 0.000102779, 0.479459, 0.499961, 0.470927, 0.295708, 0.385031, 0.483075};