name="jSO CEC17";
dim=10;
bound=2;
testID=7;
(*--------*)
min=11.0599;
max=13.2191;
median=12.0906;
mean=12.07429803921569;
std=0.5726605355671703;
(*--------*)
data={12.6894, 12.6109, 11.2991, 12.9504, 12.1548, 12.2465, 12.0809, 11.4796, 12.1845, 11.9954, 11.8109, 12.6755, 13.0817, 12.9184, 11.8104, 12.1986, 11.7145, 11.0599, 11.8456, 11.7392, 13.1172, 11.2933, 12.4752, 11.5932, 11.4374, 12.1028, 11.4075, 12.989, 13.2191, 11.257, 11.5967, 12.1375, 12.5798, 12.4796, 11.4435, 12.4578, 11.8041, 12.4018, 12.184, 11.5598, 12.2083, 11.5382, 11.4699, 11.7716, 11.7974, 12.6878, 12.8034, 12.0906, 12.5755, 11.2801, 11.4839};