name="jSO CEC17";
dim=10;
bound=4;
testID=21;
(*--------*)
min=100;
max=206.06;
median=200;
mean=152.6066274509804;
std=52.107618864024396;
(*--------*)
data={100, 202.844, 204.276, 100, 100, 100, 100, 203.557, 202.75, 100, 100, 100, 100, 202.58, 201.713, 202.782, 100, 203.955, 100, 205.35, 203.743, 204.034, 100, 200, 200, 203.193, 206.06, 100, 201.713, 202.652, 100, 204.367, 201.957, 203.557, 100, 203.824, 203.925, 202.575, 100, 100, 100, 100, 100, 100, 100, 100, 203.285, 203.592, 100, 100, 204.654};