name="jSO CEC17";
dim=10;
bound=1;
testID=10;
(*--------*)
min=0.187363;
max=223.97;
median=11.9544;
mean=40.40127260784314;
std=59.20578366499605;
(*--------*)
data={11.9544, 7.01728, 10.3698, 0.187363, 13.5349, 0.187363, 3.66478, 3.6658, 3.53988, 6.89238, 221.682, 125.456, 3.66478, 30.1248, 125.331, 3.53987, 10.1824, 3.53987, 30.2392, 6.76747, 125.331, 3.53987, 11.9544, 6.89238, 13.5974, 28.5962, 0.374727, 10.3073, 119.016, 10.2449, 13.6598, 11.8295, 39.0835, 125.393, 13.4725, 10.2449, 7.01728, 148.553, 3.72709, 223.97, 18.4721, 18.7219, 6.89238, 26.9491, 3.60232, 128.622, 133.745, 6.82992, 15.182, 21.8351, 131.267};