name="jSO CEC17";
dim=10;
bound=1;
testID=30;
(*--------*)
min=394.501;
max=817578;
median=394.502;
mean=16417.7198627451;
std=114428.57600783592;
(*--------*)
data={394.502, 394.502, 394.514, 394.502, 394.501, 394.501, 394.502, 394.501, 394.515, 394.502, 394.514, 394.514, 394.501, 394.514, 394.501, 394.534, 394.514, 394.501, 394.514, 394.502, 394.533, 394.502, 394.685, 394.514, 394.501, 394.501, 394.501, 394.502, 394.514, 394.514, 394.514, 394.501, 394.501, 394.502, 394.515, 394.514, 394.501, 394.502, 394.502, 394.665, 394.502, 394.515, 817578, 394.501, 394.501, 394.514, 394.501, 394.514, 394.501, 394.515, 394.514};