name="jSO CEC17";
dim=10;
bound=4;
testID=5;
(*--------*)
min=0;
max=2.98511;
median=1.98992;
mean=1.716797882352941;
std=0.772712843932716;
(*--------*)
data={0.994959, 2.98488, 1.98992, 2.98488, 1.98992, 0, 1.98992, 0.994959, 0.994959, 1.98992, 0.994959, 0.994959, 0.994959, 1.98992, 0.994959, 1.98992, 1.98992, 1.98992, 0.994959, 1.98992, 1.98992, 0.994959, 0.994959, 0.994959, 1.98992, 2.98488, 1.98992, 0.994959, 1.98992, 0.994959, 1.98992, 1.98992, 2.98488, 0.994959, 1.98992, 0.994959, 1.98992, 2.98511, 2.98488, 1.98992, 2.98488, 1.98992, 0.994959, 0, 1.98992, 2.98488, 0.994959, 0.994959, 1.98992, 1.98992, 1.98992};