name="jSO CEC17";
dim=10;
bound=4;
testID=29;
(*--------*)
min=228.01;
max=240.976;
median=233.93;
mean=233.95372549019615;
std=2.805133195257804;
(*--------*)
data={238.348, 233.93, 228.248, 235.926, 236.489, 234.715, 236.564, 233.351, 232.905, 232.487, 230.342, 229.23, 238.071, 232.922, 234.647, 234.511, 237.094, 228.01, 235.53, 234.753, 230.087, 235.044, 236.976, 230.686, 234.629, 233.468, 239.143, 234.048, 233.079, 233.485, 235.768, 233.559, 232.303, 231.426, 231.979, 237.01, 234.246, 235.396, 232.87, 236.746, 231.864, 229.593, 233.45, 236.432, 230.039, 233.851, 236.075, 230.437, 235.947, 240.976, 232.955};