name="jSO CEC17";
dim=10;
bound=0;
testID=24;
(*--------*)
min=100;
max=333.433;
median=329.12;
mean=292.5283137254902;
std=83.98390056826135;
(*--------*)
data={329.226, 329.544, 329.544, 333.433, 331.014, 329.544, 328.781, 331.369, 330.387, 329.544, 328.319, 328.011, 100, 327.165, 330.403, 100, 329.544, 100, 329.544, 327.165, 326.64, 326.735, 329.564, 328.589, 329.945, 100, 329.544, 329.544, 329.12, 326.056, 330.931, 300, 100, 100, 328.011, 329.894, 328.589, 327.92, 330.302, 327.165, 100, 328.319, 328.589, 329.564, 321.722, 330.387, 329.945, 100, 329.843, 329.544, 329.945};