name="jSO CEC17";
dim=10;
bound=2;
testID=24;
(*--------*)
min=100;
max=330.821;
median=324.74;
mean=241.77972549019606;
std=110.41539460620126;
(*--------*)
data={328.589, 328.589, 329.564, 100, 324.74, 100, 100, 329.564, 326.64, 319.277, 100, 100, 327.165, 321.199, 100, 328.319, 100, 325.089, 327.165, 324.143, 100, 326.056, 327.92, 328.205, 100, 327.92, 324.143, 100, 100, 100, 327.92, 328.589, 100, 100, 100, 100, 100, 324.143, 327.165, 325.467, 327.165, 327.92, 330.821, 327.165, 327.92, 100, 329.544, 300, 324.74, 100, 327.92};