name="jSO CEC17";
dim=10;
bound=3;
testID=8;
(*--------*)
min=0;
max=3.97984;
median=1.98992;
mean=1.853356705882353;
std=0.8678336290270224;
(*--------*)
data={0.994967, 1.98992, 0.994959, 0.994959, 0.994959, 2.98488, 1.98992, 0.994959, 3.97984, 2.98488, 0, 1.98992, 1.98992, 2.98488, 2.98488, 0.994959, 1.98992, 1.98992, 1.98992, 0.994959, 2.98488, 0.994959, 2.98488, 0.994959, 0.994959, 1.98992, 0.994959, 1.98992, 1.98992, 0.994959, 1.98992, 1.98992, 0.994959, 1.98992, 2.98488, 1.98992, 1.98992, 1.98992, 2.98488, 0.994959, 1.98992, 1.98992, 0.994959, 0.994959, 2.98488, 1.98992, 2.98488, 1.98992, 2.98488, 0, 1.98992};