name="jSO CEC17";
dim=10;
bound=2;
testID=8;
(*--------*)
min=0;
max=2.98747;
median=1.98992;
mean=1.755862294117647;
std=0.7601250663837443;
(*--------*)
data={0, 2.98488, 0.994959, 1.98992, 1.98992, 0.994959, 2.98488, 1.98992, 0.994959, 1.98992, 1.98992, 0.994959, 1.98992, 1.98992, 1.98992, 1.98992, 1.98992, 0.994959, 0.994959, 1.98992, 0, 1.98992, 1.98992, 0.994959, 0.994959, 2.98488, 1.98992, 0.994959, 1.98992, 1.98992, 1.98992, 0.994959, 0, 2.98488, 1.98992, 1.98992, 0.994959, 1.98992, 2.98747, 1.98992, 1.98992, 0.994959, 1.98992, 1.98992, 1.98992, 1.98992, 1.98992, 0.994959, 2.98488, 1.98992, 2.98488};