name="jSO CEC17";
dim=10;
bound=5;
testID=20;
(*--------*)
min=0;
max=0.624347;
median=0.312173;
mean=0.3733836666666666;
std=0.17680839257101644;
(*--------*)
data={0.312173, 0.312173, 0.312173, 0.624347, 0.624347, 0.312173, 0.312173, 0.624347, 0.312173, 0, 0.624347, 0.624347, 0.312173, 0.624347, 0.312173, 0.312173, 0.312173, 0.312173, 0.624347, 0, 0.624347, 0.312173, 0.312173, 0.312173, 0.312173, 0.312173, 0.312173, 0.312173, 0.312173, 0.312173, 0.312173, 0.312173, 0.312173, 0.624347, 0.312173, 0.312173, 0.312173, 0.312173, 0, 0.624347, 0.312173, 0.624347, 0.312173, 0.312173, 0.312173, 0.624347, 0.624347, 0.624347, 0, 0.312173, 0.312173};