name="jSO CEC17";
dim=10;
bound=3;
testID=30;
(*--------*)
min=394.501;
max=394.685;
median=394.501;
mean=394.5231372549019;
std=0.05289121651384601;
(*--------*)
data={394.514, 394.501, 394.685, 394.501, 394.501, 394.514, 394.502, 394.514, 394.514, 394.514, 394.514, 394.501, 394.501, 394.501, 394.501, 394.501, 394.502, 394.501, 394.501, 394.682, 394.514, 394.501, 394.533, 394.501, 394.514, 394.515, 394.501, 394.501, 394.515, 394.501, 394.514, 394.685, 394.685, 394.501, 394.514, 394.515, 394.501, 394.501, 394.514, 394.665, 394.501, 394.501, 394.501, 394.501, 394.514, 394.501, 394.501, 394.501, 394.501, 394.501, 394.501};