name="jSO CEC17";
dim=10;
bound=4;
testID=8;
(*--------*)
min=0;
max=3.9812;
median=1.98992;
mean=1.912008725490196;
std=0.8866081033030564;
(*--------*)
data={1.98992, 2.9899, 1.98992, 1.98992, 0.994959, 0.994959, 1.98992, 0.994959, 1.98992, 0.994959, 2.98488, 2.98488, 0.994959, 2.98488, 2.98488, 1.98992, 1.98992, 0.994959, 2.98488, 0.994959, 1.98992, 0.994959, 2.98488, 1.98992, 2.98488, 0.994959, 2.98488, 1.98992, 1.98992, 0.994959, 0, 2.98488, 1.98992, 0, 1.98992, 1.98992, 0.994959, 0.994959, 1.98992, 1.98992, 2.98488, 3.9812, 1.98992, 2.98488, 0.994959, 1.98992, 0.994959, 1.98992, 1.98992, 2.98488, 0.994959};