name="jSO CEC17";
dim=10;
bound=1;
testID=7;
(*--------*)
min=10.6585;
max=13.4254;
median=12.0489;
mean=12.010652941176478;
std=0.7040121022689713;
(*--------*)
data={11.8372, 12.6459, 12.3809, 10.7948, 10.9196, 12.7399, 11.8063, 11.6689, 11.5521, 11.3229, 12.0489, 12.1209, 11.9892, 11.6753, 10.7225, 12.5465, 12.0543, 12.9765, 12.7522, 12.8007, 12.5206, 11.6505, 13.0991, 12.3774, 10.7721, 11.0706, 11.8154, 12.3245, 11.3293, 11.4337, 11.4732, 12.3768, 10.9655, 10.6585, 12.1344, 11.2979, 13.148, 12.5002, 11.7411, 12.5083, 12.7751, 12.922, 12.5759, 12.6755, 11.5335, 13.4254, 12.2938, 11.4019, 11.8216, 11.9954, 12.5706};