name="jSO CEC17";
dim=10;
bound=2;
testID=18;
(*--------*)
min=0.000028061;
max=0.5;
median=0.341162;
mean=0.2839983605960784;
std=0.21782729428780723;
(*--------*)
data={0.00573598, 0.5, 0.499999, 0.0624594, 0.499887, 0.00702319, 0.499954, 0.491086, 0.320929, 0.37106, 0.473354, 0.0861034, 0.495477, 0.499803, 0.49988, 0.217984, 0.341162, 0.000154858, 0.444215, 0.267965, 0.0251073, 0.456209, 0.40075, 0.0207654, 0.499886, 0.111684, 0.323843, 0.040558, 0.000734625, 0.000829213, 0.499973, 0.499242, 0.499535, 0.5, 0.0000473974, 0.49999, 0.477597, 0.482372, 0.000448464, 0.5, 0.334206, 0.00126446, 0.499989, 0.499991, 0.0319431, 0.194819, 0.000028061, 0.491538, 0.00483944, 0.000160782, 0.00133432};