name="jSO CEC17";
dim=10;
bound=3;
testID=29;
(*--------*)
min=228.55;
max=244.386;
median=236.083;
mean=235.85141176470586;
std=3.479992150430634;
(*--------*)
data={232.362, 237.089, 230.792, 234.689, 234.022, 237.416, 236.008, 233.424, 238.221, 242.937, 237.79, 240.055, 237.39, 232.133, 244.386, 239.236, 235.184, 235.763, 238.554, 232.487, 235.299, 236.083, 238.629, 235.048, 228.588, 238.207, 237.982, 234.339, 237.596, 232.725, 230.587, 236.233, 234.672, 237.515, 242.943, 234.051, 233.129, 232.949, 229.599, 238.632, 237.883, 234.224, 236.126, 240.561, 228.55, 236.982, 239.396, 234.151, 231.602, 236.328, 237.875};