name="jSO CEC17";
dim=10;
bound=3;
testID=5;
(*--------*)
min=0;
max=3.97984;
median=1.98992;
mean=2.0094288039215686;
std=0.7831847684139169;
(*--------*)
data={1.98992, 1.98992, 1.98992, 2.98488, 1.98992, 0.994959, 0.994959, 2.98488, 1.98992, 2.98488, 2.98488, 1.98992, 2.98488, 1.98992, 0.994959, 3.97984, 1.98992, 1.98992, 1.98992, 1.98992, 0.994959, 1.98992, 1.98992, 1.98992, 1.98992, 0.994959, 1.98992, 1.98992, 2.98488, 1.98992, 0.994959, 1.98992, 1.98992, 0.994959, 0, 0.994959, 2.98488, 1.98992, 1.98992, 1.98992, 2.98488, 1.98992, 2.98488, 0.994959, 0.994959, 2.98488, 1.98992, 2.98488, 1.98992, 0.994959, 2.98488};