name="jSO CEC17";
dim=10;
bound=0;
testID=7;
(*--------*)
min=10.4359;
max=13.4464;
median=12.1493;
mean=12.123658823529414;
std=0.6158839290569191;
(*--------*)
data={12.6243, 11.7608, 12.0863, 11.7533, 12.589, 11.7437, 10.7634, 11.0784, 12.1696, 12.0597, 12.6574, 12.1159, 13.4464, 11.854, 12.7321, 11.5019, 11.4427, 12.3036, 13.1508, 12.7869, 10.4359, 11.5171, 12.0008, 12.1493, 12.3394, 13.0105, 12.1458, 12.4594, 12.4823, 12.1497, 12.3832, 11.1523, 11.1932, 12.1353, 12.5354, 11.3722, 12.3392, 13.3386, 11.561, 12.1668, 11.9777, 12.1428, 12.2231, 12.3471, 12.1382, 11.7175, 12.663, 12.2672, 11.8501, 12.5095, 12.9828};