name="jSO CEC17";
dim=10;
bound=4;
testID=24;
(*--------*)
min=100;
max=332.287;
median=328.319;
mean=282.7563921568628;
std=91.3466761041864;
(*--------*)
data={327.92, 300, 329.564, 329.544, 329.544, 332.287, 100, 327.607, 330.539, 329.544, 329.544, 328.319, 322.321, 328.589, 324.74, 328.589, 328.589, 100, 100, 330.973, 327.165, 324.124, 329.544, 100, 331.019, 100, 329.544, 329.544, 327.92, 100, 329.544, 100, 331.174, 327.92, 327.92, 324.143, 300, 330.384, 100, 329.12, 331.822, 100, 330.387, 100, 329.826, 326.056, 327.494, 330.403, 327.165, 329.843, 330.302};