name="jSO CEC17";
dim=10;
bound=1;
testID=5;
(*--------*)
min=0;
max=2.98488;
median=1.98992;
mean=1.716793392156863;
std=0.8916627855815241;
(*--------*)
data={1.98992, 2.98488, 1.98992, 0, 0.994959, 2.98488, 1.98992, 1.98992, 1.98992, 0.994959, 1.98992, 1.98992, 2.98488, 1.98992, 0.994959, 1.98992, 0.994959, 1.98992, 0.994959, 1.98992, 2.98488, 0.994959, 0.994959, 1.98992, 1.98992, 0, 0.994959, 0.994959, 0, 1.98992, 0.994959, 2.98488, 1.98992, 0.994959, 0.994959, 2.98488, 0.994959, 1.98992, 2.98488, 1.98992, 2.98488, 2.98488, 1.98992, 2.98488, 0.994959, 1.98992, 0.994959, 0.994959, 0, 2.98488, 0.994959};