name="jSO CEC17";
dim=10;
bound=5;
testID=25;
(*--------*)
min=397.743;
max=443.381;
median=398.009;
mean=407.75133333333326;
std=18.85690230092595;
(*--------*)
data={397.743, 397.743, 398.009, 397.743, 398.009, 398.009, 397.743, 398.009, 443.334, 398.009, 398.009, 398.009, 398.009, 443.37, 443.33, 398.036, 398.009, 443.334, 398.009, 398.036, 398.009, 398.009, 398.009, 398.009, 398.033, 398.009, 443.365, 397.743, 398.009, 397.743, 398.009, 398.009, 443.334, 398.009, 398.009, 398.009, 443.365, 397.743, 398.009, 398.009, 398.033, 397.743, 398.009, 398.009, 398.009, 443.373, 443.357, 443.365, 443.381, 398.058, 398.036};