name="jSO CEC17";
dim=10;
bound=0;
testID=25;
(*--------*)
min=397.743;
max=443.37;
median=398.009;
mean=405.0567450980393;
std=16.677481665818892;
(*--------*)
data={398.009, 398.009, 397.743, 398.033, 398.009, 398.009, 398.009, 443.334, 398.009, 397.743, 398.009, 398.009, 398.036, 398.009, 398.036, 397.743, 398.009, 397.743, 443.334, 398.009, 398.009, 398.036, 398.009, 443.342, 397.743, 398.009, 443.334, 398.009, 397.743, 443.346, 398.009, 398.036, 443.37, 398.068, 398.036, 397.743, 398.009, 397.743, 397.743, 398.009, 397.743, 443.33, 398.009, 398.009, 397.743, 398.009, 397.743, 398.009, 397.743, 398.036, 443.33};