name="jSO CEC17";
dim=10;
bound=0;
testID=23;
(*--------*)
min=300;
max=304.567;
median=300;
mean=301.25015686274514;
std=1.6124673810350285;
(*--------*)
data={300, 300, 303.214, 300, 300, 300, 300, 302.866, 300, 302.576, 300, 300, 300, 300, 302.882, 302.882, 303.007, 303.798, 300, 300, 303.007, 300, 300, 302.576, 300, 302.882, 300, 300, 302.576, 304.076, 303.878, 300, 302.816, 300, 303.007, 303.343, 300, 300, 300, 300, 300, 304.567, 300, 302.866, 302.804, 300, 300, 300, 304.135, 300, 300};