name="jSO CEC17";
dim=10;
bound=4;
testID=16;
(*--------*)
min=0.0253479;
max=1.14385;
median=0.64465;
mean=0.5964391666666667;
std=0.26173884409768816;
(*--------*)
data={0.909463, 0.107622, 0.509097, 0.500427, 0.795173, 0.645165, 0.533855, 0.439987, 0.727564, 0.716022, 0.674927, 0.516775, 0.727426, 0.460479, 0.668405, 0.708114, 0.430799, 0.579248, 0.492623, 0.244124, 0.64465, 0.959614, 0.438824, 0.249836, 0.572094, 0.824113, 1.12702, 0.0253479, 0.0517069, 0.439589, 0.519431, 0.0261297, 0.450219, 0.726949, 0.656059, 0.250575, 0.719257, 0.497582, 0.629901, 0.647685, 0.876391, 0.682699, 1.09688, 0.674827, 0.927246, 0.935717, 0.738653, 0.371519, 0.662859, 0.463879, 1.14385};