name="jSO CEC17";
dim=10;
bound=4;
testID=7;
(*--------*)
min=10.9436;
max=13.797;
median=11.7284;
mean=11.936674509803922;
std=0.6629805010234123;
(*--------*)
data={11.7557, 11.9227, 11.7284, 13.797, 11.5955, 11.2598, 11.8995, 12.8522, 11.6627, 11.2555, 11.6303, 12.0418, 12.9939, 12.54, 11.08, 11.7185, 11.3985, 11.6046, 11.5333, 11.2261, 11.48, 11.014, 12.3915, 12.5205, 11.6848, 11.616, 12.1599, 11.4847, 12.6709, 11.7481, 11.921, 13.2478, 11.4644, 11.7196, 12.8701, 11.3838, 12.1287, 11.508, 10.9436, 11.1787, 11.2597, 12.0443, 12.058, 13.3088, 11.2817, 11.6057, 11.9686, 12.8921, 12.8286, 12.8743, 12.0165};