name="jSO CEC17";
dim=10;
bound=5;
testID=24;
(*--------*)
min=100;
max=333.363;
median=329.544;
mean=303.6155294117647;
std=70.30108517920699;
(*--------*)
data={100, 328.277, 328.157, 319.277, 327.92, 329.976, 329.564, 330.403, 100, 329.544, 100, 331.81, 329.391, 328.589, 328.589, 329.564, 327.92, 330.568, 329.544, 329.945, 321.199, 330.244, 330.531, 329.391, 331.329, 331.822, 332.121, 100, 328.589, 330.384, 100, 329.901, 333.363, 329.63, 329.493, 327.165, 331.027, 329.544, 327.92, 332.381, 200, 330.244, 329.645, 326.056, 329.645, 324.143, 329.564, 329.544, 331.786, 328.693, 300};