name="jSO CEC17";
dim=10;
bound=3;
testID=12;
(*--------*)
min=0;
max=0.624429;
median=0.208143;
mean=0.3183363529411765;
std=0.1577110989533487;
(*--------*)
data={0.416286, 0, 0.208143, 0.416286, 0.208143, 0.208143, 0.416286, 0.416286, 0.416286, 0.208143, 0.416286, 0.208143, 0.208143, 0.208143, 0, 0.416286, 0.208143, 0.624429, 0.208143, 0.208143, 0.624429, 0.208143, 0.208143, 0.208143, 0.208143, 0.624429, 0.208143, 0.208143, 0.416286, 0.624429, 0.416286, 0.208143, 0.208143, 0.416286, 0.624429, 0.416286, 0.208143, 0.208143, 0.416286, 0.416286, 0, 0.208143, 0.416286, 0.416286, 0.208143, 0.208143, 0.416286, 0.416286, 0.416286, 0.416286, 0.416286};