name="jSO CEC17";
dim=10;
bound=5;
testID=10;
(*--------*)
min=0.187363;
max=237.579;
median=12.0169;
mean=45.68864892156863;
std=62.688262650679185;
(*--------*)
data={15.0571, 12.0169, 10.3698, 3.66478, 237.579, 134.01, 26.8866, 125.268, 125.658, 21.8246, 18.4721, 11.8295, 6.95483, 6.95483, 137.425, 18.7219, 3.66478, 3.78969, 3.47742, 6.82992, 15.182, 3.60232, 0.374727, 15.0576, 122.041, 3.66478, 125.658, 128.746, 3.53988, 15.3069, 10.12, 7.01728, 119.078, 220.68, 12.0169, 0.374727, 6.89238, 11.7671, 128.636, 12.0793, 15.3069, 125.331, 125.393, 7.71025, 122.103, 0.437181, 3.72743, 25.2437, 0.187363, 12.0169, 0.374727};