name="jSO CEC17";
dim=10;
bound=4;
testID=13;
(*--------*)
min=0;
max=5.58412;
median=4.83714;
mean=3.0480906570058828;
std=2.4003197594778243;
(*--------*)
data={4.83714, 5.20413, 4.83714, 5.20413, 5.39413, 4.83714, 0, 0, 0.994959, 0.0000608163, 5.58412, 0, 4.83714, 1.98993, 4.83714, 5.39413, 5.39413, 5.20413, 0, 5.20413, 4.83714, 0, 4.83714, 4.83714, 0, 5.20413, 5.20413, 5.20413, 0, 0, 5.39413, 0, 4.83714, 0.994959, 4.83714, 0.995149, 4.83714, 0, 4.83714, 0, 0.994959, 5.39413, 5.39413, 0.994959, 0.994959, 4.83714, 5.39413, 0, 0, 4.83714, 0.000788691};