name="jSO CEC17";
dim=10;
bound=5;
testID=17;
(*--------*)
min=0.00996733;
max=1.62138;
median=0.39913;
mean=0.49358378490196075;
std=0.40228448369196596;
(*--------*)
data={0.330893, 1.03752, 0.337166, 0.386033, 0.662072, 1.40065, 0.35154, 0.47668, 0.408244, 0.370852, 0.00996733, 0.6713, 0.181697, 0.0704831, 1.08273, 0.504524, 0.647248, 0.344631, 0.397454, 0.110672, 0.445939, 0.092022, 0.0523067, 0.39913, 0.111326, 0.412208, 0.652433, 0.0887135, 0.427123, 0.177381, 0.281501, 0.0202653, 0.388394, 1.58539, 0.531523, 0.334051, 0.780276, 0.331915, 1.43297, 0.454825, 0.407357, 0.107643, 1.62138, 0.0756491, 0.532338, 0.451908, 0.64311, 1.37864, 0.380586, 0.40688, 0.385233};