name="jSO CEC17";
dim=10;
bound=5;
testID=18;
(*--------*)
min=0.0000492586;
max=0.5;
median=0.203896;
mean=0.23491848273725488;
std=0.2111879435375447;
(*--------*)
data={0.5, 0.00225837, 0.431973, 0.5, 0.5, 0.0376571, 0.000914236, 0.097024, 0.417514, 0.35229, 0.211064, 0.00281668, 0.0218418, 0.0539957, 0.499998, 0.499865, 0.000638519, 0.0416668, 0.00145622, 0.129937, 0.5, 0.475305, 0.000117043, 0.00198417, 0.23826, 0.000821679, 0.369861, 0.499998, 0.0184399, 0.286432, 0.417173, 0.4853, 0.203896, 0.00327199, 0.142746, 0.341855, 0.00893399, 0.473763, 0.499987, 0.5, 0.145946, 0.000196054, 0.361312, 0.498619, 0.498339, 0.499907, 0.0840971, 0.00536953, 0.0000492586, 0.00826948, 0.107683};