name="jSO CEC17";
dim=10;
bound=2;
testID=25;
(*--------*)
min=397.743;
max=443.373;
median=398.009;
mean=411.2148823529412;
std=20.94703101983386;
(*--------*)
data={397.743, 397.743, 443.347, 443.373, 397.743, 398.009, 398.047, 398.009, 397.743, 397.743, 443.37, 443.342, 397.743, 443.342, 397.743, 397.743, 443.33, 397.743, 397.743, 443.357, 398.033, 397.743, 397.743, 443.33, 443.33, 443.372, 443.365, 443.334, 398.009, 398.009, 397.743, 397.743, 397.743, 398.009, 397.743, 397.743, 397.743, 398.009, 397.743, 397.743, 397.743, 398.009, 443.334, 397.743, 398.046, 398.009, 443.33, 397.743, 443.33, 397.743, 397.743};