name="jSO CEC17";
dim=10;
bound=5;
testID=15;
(*--------*)
min=1.3838*^-8;
max=0.5;
median=0.220177;
mean=0.24912190516545088;
std=0.21474183183909815;
(*--------*)
data={0.499857, 0.494744, 0.146961, 0.482939, 0.00152421, 0.0250025, 0.499325, 0.0990706, 0.0402759, 0.498263, 0.00070185, 0.491929, 0.00360933, 0.410809, 0.118569, 0.0743925, 0.0245578, 0.0481597, 0.499822, 0.319691, 0.5, 0.0670546, 0.5, 0.220177, 0.316858, 0.323232, 0.499103, 0.000816148, 0.00397528, 0.5, 0.0119071, 0.499782, 0.498393, 0.108797, 0.281953, 0.0283807, 0.0227299, 0.499953, 0.00313696, 0.499967, 0.0635676, 0.159874, 0.243125, 0.5, 0.49822, 0.486276, 0.0000393716, 0.499054, 0.011401, 1.3838*^-8, 0.0772411};