name="iCMAES-ILS CEC13";
dim=10;
bound=2;
testID=8;
(*--------*)
min=20.;
max=20.50988;
median=20.40571;
mean=20.38361333333334;
std=0.08274180118094254;
(*--------*)
data={20.37526, 20.278360000000003, 20.341520000000003, 20.373540000000002, 20.433699999999998, 20.34576, 20.409709999999997, 20.4213, 20.44648, 20.40893, 20.40702, 20.314030000000002, 20.30055, 20.34316, 20.32567, 20.46522, 20.33299, 20.40686, 20.50988, 20.43123, 20.37011, 20.364369999999997, 20.44571, 20.34695, 20.41903, 20.4122, 20.40695, 20.290840000000003, 20.4608, 20.40571, 20.27962, 20., 20.49332, 20.44975, 20.35029, 20.47514, 20.44811, 20.29707, 20.43502, 20.37846, 20.48787, 20.303779999999996, 20.353910000000003, 20.50651, 20.442230000000002, 20.45033, 20.35415, 20.35269, 20.30588, 20.371229999999997, 20.43508};