name="iCMAES-ILS CEC13";
dim=10;
bound=3;
testID=26;
(*--------*)
min=100.;
max=122.93270000000001;
median=100.;
mean=101.31251372549018;
std=4.018579500172645;
(*--------*)
data={100., 100.99499999999999, 100.99499999999999, 100., 100., 112.97189999999999, 100., 100., 100., 100., 100.54670000000002, 100.00119999999998, 113.0276, 122.93270000000001, 100., 100., 100.99499999999999, 100., 104.0113, 100., 100., 100.99499999999999, 100.101, 100., 100., 100.99499999999999, 100.99499999999999, 100., 100., 100.99499999999999, 100.99499999999999, 100.3992, 100., 100., 100., 100., 100.99499999999999, 100., 101.98989999999999, 100.99499999999999, 100., 100., 100., 100., 100., 100.99499999999999, 100., 100., 100., 100.01169999999999, 100.};