name="iCMAES-ILS CEC13";
dim=10;
bound=4;
testID=15;
(*--------*)
min=0.3747266;
max=390.7858;
median=25.05219;
mean=64.93886369999998;
std=78.46015597554523;
(*--------*)
data={136.3165, 164.538, 23.5966, 21.76214, 11.829529999999998, 150.1893, 239.9664, 390.7858, 25.05633, 15.18203, 138.6096, 130.1326, 31.823800000000002, 150.5896, 15.05712, 138.5472, 11.95443, 3.414961, 11.89198, 3.664778, 25.05219, 3.664778, 18.47208, 26.88665, 3.664778, 138.3598, 43.465959999999995, 10.369790000000002, 148.37009999999998, 0.3747266, 10.18243, 122.2432, 43.528409999999994, 10.24488, 169.5335, 11.95443, 15.18203, 6.892376, 10.30734, 122.6804, 0.43718110000000004, 6.892376, 30.11425, 134.0728, 3.53987, 12.01689, 122.3681, 58.40232, 7.142194, 53.52762, 127.02990000000001};