name="iCMAES-ILS CEC13";
dim=10;
bound=1;
testID=11;
(*--------*)
min=3.839749*^-9;
max=0.9980466;
median=8.446084000000002*^-9;
mean=0.23556485949350292;
std=0.42568805618526734;
(*--------*)
data={0.9980466, 0.9949591, 8.411111*^-9, 0.9949591, 6.331344*^-9, 5.889972*^-9, 0.9949591, 9.32519*^-9, 0.0712059, 1.901005*^-7, 5.019193*^-9, 7.779039*^-9, 9.276245*^-9, 0.9949591, 6.074958*^-9, 8.042077000000002*^-9, 8.803335*^-9, 9.214702000000001*^-9, 0.9949591, 2.241591*^-6, 8.236947000000001*^-9, 2.7450139999999997*^-7, 9.806835*^-9, 6.9085190000000006*^-9, 6.566452*^-9, 0.9949591, 0.9949591, 4.755438*^-9, 5.8354120000000004*^-9, 8.132415000000001*^-9, 2.241733*^-6, 0.9949591, 3.839749*^-9, 0.9949591, 7.262233000000001*^-9, 0.9949591, 0.9949591, 6.909747000000001*^-9, 9.161745000000001*^-9, 9.245709*^-9, 4.797835*^-8, 7.2419460000000006*^-9, 6.726295000000001*^-9, 4.769515000000001*^-9, 7.875567000000001*^-9, 8.285775*^-9, 4.927667*^-9, 4.953540000000001*^-9, 8.446084000000002*^-9, 7.936419*^-9, 6.273221000000001*^-9};