name="iCMAES-ILS CEC13";
dim=10;
bound=3;
testID=21;
(*--------*)
min=100.68299999999999;
max=400.1939;
median=201.0377;
mean=204.82204901960787;
std=101.63084103549741;
(*--------*)
data={400.1939, 400.1939, 201.0488, 400.1939, 202.04369999999997, 200.85510000000002, 200.83120000000002, 200.5788, 400.1939, 201.2813, 201.1018, 201.2069, 201.2862, 201.18140000000002, 100.68299999999999, 201.0752, 201.2847, 101.0831, 201.0354, 100.8381, 201.011, 100.93350000000001, 100.8765, 201.0377, 100.74289999999999, 101.18419999999999, 201.2613, 200.9057, 201.4424, 400.1939, 201.0514, 201.0401, 100.726, 100.9298, 101.053, 201.29359999999997, 400.1939, 101.202, 200.8623, 201.11819999999997, 400.1939, 101.1081, 201.2524, 400.1939, 100.8091, 100.9947, 100.96119999999999, 400.1939, 101.47749999999999, 201.0239, 200.46620000000001};