name="iCMAES-ILS CEC13";
dim=10;
bound=2;
testID=6;
(*--------*)
min=3.5763640000000003*^-9;
max=9.819521;
median=8.274926000000001*^-9;
mean=2.338449154123867;
std=4.171812382381634;
(*--------*)
data={8.418839*^-9, 0.8801681000000001, 4.350654*^-9, 9.755641, 7.643680000000001*^-9, 0.1271216, 9.812423, 6.6305370000000004*^-9, 4.031847*^-9, 9.343362000000001*^-9, 9.164219*^-9, 7.909769*^-9, 9.812423, 9.812423, 9.451368, 4.739353*^-9, 8.868019000000001*^-9, 6.762689*^-9, 8.627389000000002*^-9, 6.371151000000001*^-9, 9.0021*^-9, 5.775082000000001*^-9, 5.540126*^-9, 6.913050000000001*^-9, 9.819521, 9.370625000000001*^-9, 6.138116000000001*^-9, 7.82612*^-9, 9.812427, 9.812423, 9.812423, 9.812423, 0.9048577999999999, 9.812423, 6.7460440000000004*^-9, 5.503284*^-9, 8.725856*^-9, 7.171748*^-9, 5.7986240000000004*^-9, 4.932266*^-9, 5.4348729999999996*^-9, 7.2649990000000005*^-9, 7.670157*^-9, 0.01026007, 9.812423, 4.732118*^-9, 8.274926000000001*^-9, 3.5763640000000003*^-9, 0.0001580564, 6.708972000000001*^-9, 7.950274000000001*^-9};