name="iCMAES-ILS CEC13";
dim=10;
bound=1;
testID=4;
(*--------*)
min=1.730648*^-9;
max=7.782794*^-9;
median=5.043877000000001*^-9;
mean=5.11616231372549*^-9;
std=1.4059815714228903*^-9;
(*--------*)
data={4.816813*^-9, 3.770313*^-9, 4.035464*^-9, 3.1671310000000003*^-9, 6.2105990000000005*^-9, 5.647374*^-9, 6.919213000000001*^-9, 3.489071*^-9, 4.355761*^-9, 7.307316*^-9, 4.4828810000000005*^-9, 5.404561*^-9, 3.837095*^-9, 4.2606250000000005*^-9, 4.956006000000001*^-9, 4.985954000000001*^-9, 5.654826*^-9, 3.449143*^-9, 2.664381*^-9, 6.891499*^-9, 6.969646*^-9, 1.730648*^-9, 3.018582*^-9, 6.435047*^-9, 5.043877000000001*^-9, 6.106216*^-9, 6.606683000000001*^-9, 4.662038*^-9, 6.21133*^-9, 5.180717*^-9, 7.372756*^-9, 3.499173*^-9, 7.782794*^-9, 4.431774*^-9, 4.957837*^-9, 4.654995000000001*^-9, 3.275081*^-9, 5.805434000000001*^-9, 5.867180000000001*^-9, 5.798464000000001*^-9, 7.138945*^-9, 3.1308440000000004*^-9, 5.217417*^-9, 4.557211*^-9, 5.941134000000001*^-9, 5.332484000000001*^-9, 5.239616*^-9, 7.759685*^-9, 5.952114*^-9, 4.025927000000001*^-9, 4.912603*^-9};