name="iCMAES-ILS CEC13";
dim=10;
bound=0;
testID=2;
(*--------*)
min=2.245007*^-9;
max=7.888118*^-9;
median=5.159522*^-9;
mean=5.082413098039216*^-9;
std=1.389955299533971*^-9;
(*--------*)
data={3.8423840000000006*^-9, 5.483038*^-9, 5.547665000000001*^-9, 7.888118*^-9, 3.9628030000000005*^-9, 4.9764190000000006*^-9, 6.739019*^-9, 6.289456000000001*^-9, 6.266190000000001*^-9, 6.854686000000001*^-9, 6.940137*^-9, 5.1311760000000004*^-9, 7.121954*^-9, 4.896548000000001*^-9, 5.4383710000000004*^-9, 4.033027*^-9, 5.9144010000000005*^-9, 4.095571*^-9, 5.591213*^-9, 6.058902*^-9, 3.250994*^-9, 3.5933290000000005*^-9, 6.043973000000001*^-9, 7.2106330000000005*^-9, 6.022486*^-9, 6.729695000000001*^-9, 2.750828*^-9, 4.9411379999999995*^-9, 4.1544080000000005*^-9, 5.251635000000001*^-9, 6.397935*^-9, 5.159522*^-9, 6.728268*^-9, 6.010733*^-9, 5.8321660000000005*^-9, 4.6477040000000004*^-9, 2.245007*^-9, 3.0946460000000002*^-9, 5.177087*^-9, 3.564619*^-9, 2.3740860000000004*^-9, 4.217464*^-9, 4.380446*^-9, 4.9807990000000005*^-9, 3.823447*^-9, 5.22215*^-9, 2.756531*^-9, 4.919375*^-9, 3.103964*^-9, 7.040637000000001*^-9, 4.506285000000001*^-9};