name="iCMAES-ILS CEC13";
dim=10;
bound=2;
testID=24;
(*--------*)
min=106.29029999999999;
max=200.;
median=120.78880000000001;
mean=131.7943549019608;
std=30.191544067081523;
(*--------*)
data={115.47829999999999, 121.90090000000001, 123.3158, 119.68039999999999, 114.92169999999999, 112.53139999999999, 126.4764, 107.5869, 113.17980000000001, 122.3983, 200., 200., 120.36469999999998, 124.18020000000001, 134.0386, 118.24289999999999, 116.2998, 119.58770000000001, 118.3973, 122.4203, 200., 125.56099999999999, 110.5344, 116.47030000000001, 124.12700000000001, 117.1192, 200., 200., 119.86319999999999, 112.9786, 200., 126.2003, 110.40589999999999, 124.8483, 120.78880000000001, 200., 123.9998, 111.6895, 116.5381, 117.0731, 116.86840000000001, 111.0759, 117.5346, 106.29029999999999, 120.52560000000001, 200., 123.03249999999998, 121.86829999999999, 122.91529999999999, 129.1486, 123.05369999999999};