name="iCMAES-ILS CEC13";
dim=10;
bound=1;
testID=28;
(*--------*)
min=100.4574;
max=300.;
median=300.;
mean=218.06321960784314;
std=98.9078469711742;
(*--------*)
data={300., 300., 300., 300., 300., 300., 100.8283, 300., 101.10650000000001, 100.9232, 100.84500000000001, 100.9366, 300., 300., 100.77210000000001, 100.4574, 300., 100.9158, 300., 101.1525, 101.1429, 300., 300., 100.77380000000001, 300., 300., 300., 101.04610000000001, 300., 300., 300., 300., 100.92209999999999, 300., 101.9061, 101.2281, 101.2258, 100.87010000000001, 101.0073, 300., 100.83740000000002, 300., 100.8288, 300., 300., 300., 300., 300., 300., 101.4983, 300.};