name="iCMAES-ILS CEC13";
dim=10;
bound=3;
testID=10;
(*--------*)
min=1.974561*^-9;
max=9.12713*^-9;
median=5.385698*^-9;
mean=5.1969329215686305*^-9;
std=1.7417865388162104*^-9;
(*--------*)
data={6.2808480000000005*^-9, 2.935054*^-9, 7.667402000000001*^-9, 6.849103000000001*^-9, 6.045805*^-9, 7.036743000000001*^-9, 2.898132*^-9, 6.144879000000001*^-9, 1.974561*^-9, 2.7745600000000004*^-9, 4.908622000000001*^-9, 4.212566*^-9, 3.664049*^-9, 7.107878000000001*^-9, 6.722764*^-9, 7.879544*^-9, 4.859415000000001*^-9, 4.933171*^-9, 3.4222000000000004*^-9, 2.007351*^-9, 5.218473000000001*^-9, 5.805783*^-9, 4.749024*^-9, 3.409453*^-9, 6.823792*^-9, 3.6265740000000003*^-9, 5.062099*^-9, 6.007825*^-9, 5.385698*^-9, 2.47124*^-9, 6.593223000000001*^-9, 4.435988*^-9, 5.1985450000000005*^-9, 6.4204070000000005*^-9, 6.055903*^-9, 9.12713*^-9, 7.469515000000001*^-9, 7.526619000000001*^-9, 3.902750000000001*^-9, 7.2427840000000005*^-9, 7.4333070000000005*^-9, 3.2953420000000006*^-9, 2.9033790000000005*^-9, 5.583402000000001*^-9, 5.793239*^-9, 2.709589*^-9, 3.113893*^-9, 5.8661100000000005*^-9, 5.483173*^-9, 4.391794*^-9, 5.612879000000001*^-9};