name="iCMAES-ILS CEC13";
dim=10;
bound=4;
testID=8;
(*--------*)
min=20.;
max=20.61143;
median=20.32732;
mean=20.32561764705882;
std=0.10338116106115731;
(*--------*)
data={20.404270000000004, 20.36234, 20.22798, 20.300919999999998, 20.3202, 20.247700000000002, 20., 20.23339, 20.39029, 20.29747, 20.32556, 20.361530000000002, 20.31164, 20.377049999999997, 20.27828, 20.42125, 20.36969, 20.313560000000003, 20.37446, 20.203030000000002, 20.19484, 20.423969999999997, 20.46146, 20.32732, 20.35356, 20., 20.32183, 20.22102, 20.33792, 20.30013, 20.33657, 20.218519999999998, 20.4049, 20.38694, 20.27224, 20.315739999999998, 20.29032, 20.2336, 20.39317, 20.499450000000003, 20.3238, 20.36853, 20.3801, 20.26456, 20.34115, 20.46324, 20.32342, 20.61143, 20.33922, 20.33506, 20.44188};