name="iCMAES-ILS CEC13";
dim=10;
bound=4;
testID=1;
(*--------*)
min=1.6278390000000001*^-9;
max=8.639441*^-9;
median=4.462105000000001*^-9;
mean=4.498924235294119*^-9;
std=1.4318105340444398*^-9;
(*--------*)
data={3.803579*^-9, 3.5693000000000005*^-9, 3.003841*^-9, 2.274466*^-9, 4.297544000000001*^-9, 6.115756000000001*^-9, 4.580924*^-9, 4.367931*^-9, 4.330842*^-9, 6.077595*^-9, 6.3155290000000005*^-9, 4.531476*^-9, 4.533534000000001*^-9, 5.150352*^-9, 4.462105000000001*^-9, 6.8984740000000005*^-9, 3.0732*^-9, 6.518512000000001*^-9, 4.584608*^-9, 6.114663000000001*^-9, 4.7719040000000005*^-9, 2.8086400000000003*^-9, 3.851635*^-9, 4.949409000000001*^-9, 3.0384650000000002*^-9, 6.277898000000001*^-9, 2.639106*^-9, 5.637555*^-9, 4.7114790000000005*^-9, 4.385418*^-9, 4.9939190000000006*^-9, 8.639441*^-9, 5.814279*^-9, 6.64666*^-9, 1.6278390000000001*^-9, 4.534884*^-9, 3.131828*^-9, 2.539563*^-9, 2.6416810000000002*^-9, 3.4510040000000002*^-9, 4.23614*^-9, 5.657008000000001*^-9, 5.024049*^-9, 2.816202*^-9, 6.0506410000000004*^-9, 3.8861390000000005*^-9, 3.496981*^-9, 6.06757*^-9, 4.0705039999999996*^-9, 2.747318*^-9, 3.6957460000000006*^-9};