name="iCMAES-ILS CEC13";
dim=10;
bound=4;
testID=23;
(*--------*)
min=8.518856;
max=69.93956;
median=34.70113;
mean=37.54693266666666;
std=15.979740452650042;
(*--------*)
data={39.06122, 53.61104, 69.52813, 31.38235, 30.7292, 34.21347, 20.6929, 48.32885, 36.83731, 50.32173, 39.67225, 27.42466, 52.01325, 24.06634, 65.49299, 19.66807, 42.66016, 16.55633, 65.61107, 30.326819999999998, 22.07349, 59.44324, 30.302690000000002, 22.798319999999997, 45.938689999999994, 32.65041, 51.30477, 15.59267, 27.38371, 34.70113, 36.806380000000004, 52.344049999999996, 57.29502, 49.34192, 58.71769, 27.97307, 20.724079999999997, 27.99866, 49.000969999999995, 24.88512, 18.09567, 55.12988, 43.942569999999996, 22.7226, 27.51802, 69.93956, 54.53131, 8.518856, 35.55674, 16.898200000000003, 16.565939999999998};