name="iCMAES-ILS CEC13";
dim=10;
bound=1;
testID=9;
(*--------*)
min=4.135642*^-9;
max=1.5;
median=9.579871*^-9;
mean=0.1888880937131108;
std=0.39541662951000645;
(*--------*)
data={8.43435*^-9, 9.579871*^-9, 9.897433*^-9, 7.238693*^-9, 0.9839556, 8.366083*^-9, 0.000028593300000000003, 9.467077000000001*^-9, 0.9603742000000001, 0.00004225906000000001, 0.9839556, 0.00007327887, 7.930463000000001*^-9, 1.844299*^-8, 0.00005880868000000001, 5.6796870000000006*^-9, 9.053478*^-9, 8.273642000000002*^-9, 0.6048234, 8.105298*^-9, 0.9839556, 0.000013805840000000002, 8.021715*^-9, 0.9839556, 9.993481*^-9, 6.034046*^-9, 6.957384000000001*^-9, 4.135642*^-9, 0.000051435290000000005, 0.00023010739999999998, 6.714892*^-9, 0.14455690000000002, 1.5, 8.761629*^-9, 0.00008786559000000001, 0.5189329, 9.507231000000001*^-9, 0.9839556, 6.623072*^-9, 8.254125*^-9, 7.340420000000001*^-9, 9.837319000000001*^-9, 0.0001566336, 8.500688000000001*^-9, 5.659284000000001*^-9, 0.9839556, 6.102205*^-9, 8.358796*^-9, 9.186422000000001*^-9, 8.081236*^-9, 0.0001287432};