name="iCMAES-ILS CEC13";
dim=10;
bound=4;
testID=16;
(*--------*)
min=0.01145271;
max=1.372633;
median=0.3900639;
mean=0.4046009341176471;
std=0.29543683114026636;
(*--------*)
data={0.03180134, 0.5469172000000001, 0.3775114, 0.41589180000000003, 0.12335780000000002, 0.08596792, 0.4072251, 0.1323318, 0.1162118, 0.9795579999999999, 0.2005173, 0.3900639, 0.236136, 0.33959880000000003, 0.8863323, 0.7397974, 0.1412588, 0.06178158, 0.5824772, 0.5580349, 0.7304864000000001, 0.08329840000000001, 0.09547965, 0.04601611, 0.06091718, 0.01894055, 0.5375818, 0.47596210000000005, 0.6534057, 0.6458962, 1.372633, 0.5539075000000001, 0.19863750000000002, 0.522132, 0.2690484, 0.21061370000000001, 0.4266165, 0.2562842, 0.5469932000000001, 0.01145271, 0.38357230000000003, 0.9367747, 0.7359800000000001, 0.6204592, 0.6380382, 0.1421713, 0.6270760000000001, 0.1287283, 0.5206835, 0.5886251, 0.24346390000000004};