name="iCMAES-ILS CEC13";
dim=10;
bound=0;
testID=28;
(*--------*)
min=100.56609999999999;
max=300.;
median=300.;
mean=210.25444901960785;
std=100.00683532877616;
(*--------*)
data={300., 100.56609999999999, 100.62610000000001, 100.6348, 300., 300., 300., 300., 300., 100.6875, 101.0728, 100.7971, 300., 102.20439999999999, 100.8518, 300., 300., 300., 300., 101.172, 300., 101.1568, 100.6898, 101.983, 300., 300., 300., 300., 101.06569999999999, 101.0603, 300., 300., 300., 300., 100.88170000000001, 101.3873, 300., 300., 100.87109999999998, 100.8046, 101.1228, 100.7853, 101.05869999999999, 300., 300., 300., 300., 300., 100.6807, 300., 100.81649999999999};