name="iCMAES-ILS CEC13";
dim=10;
bound=1;
testID=21;
(*--------*)
min=100.48490000000001;
max=400.1939;
median=200.8508;
mean=181.36342352941173;
std=89.31825294723713;
(*--------*)
data={100.83189999999999, 200.9523, 200.94029999999998, 201.0824, 100.78439999999999, 201.3573, 100.8053, 100.586, 100.48490000000001, 100.8843, 202.99489999999997, 100.9498, 200.9726, 200.8508, 400.1939, 400.1939, 100.9083, 201.26210000000003, 200.7698, 201.37589999999997, 201.1358, 100.76670000000001, 100.89729999999999, 101.22359999999999, 100.94590000000001, 101.09360000000001, 400.1939, 201.2886, 200.9652, 400.1939, 200., 101.1717, 201.27839999999998, 100.8442, 101.1433, 201.36509999999998, 201.5025, 301.175, 100.9937, 200.65339999999998, 201.06160000000003, 200.7975, 201.1446, 201.30509999999998, 101.0975, 200.8804, 400.1939, 201.04899999999998, 101.0785, 101.131, 101.78259999999999};