name="iCMAES-ILS CEC13";
dim=10;
bound=0;
testID=15;
(*--------*)
min=0.12490889999999999;
max=130.07010000000002;
median=15.244489999999999;
mean=26.394070556862758;
std=32.29524914524642;
(*--------*)
data={6.892376, 6.892376, 130.07010000000002, 86.68624, 3.727233, 3.664778, 10.24488, 7.017285, 10.43225, 23.471690000000002, 28.5962, 15.18203, 11.95443, 0.49963550000000007, 30.36406, 21.82459, 3.664778, 43.465959999999995, 30.176699999999997, 10.43225, 7.204648, 18.47208, 18.596989999999998, 3.664778, 15.11958, 15.18203, 0.12490889999999999, 7.017285, 18.596989999999998, 15.30694, 21.76214, 3.477415, 15.30694, 15.244489999999999, 122.43059999999998, 58.40232, 40.11345, 6.892376, 123.5525, 25.306150000000002, 110.10379999999999, 12.01689, 36.8234, 15.244489999999999, 3.53987, 23.34678, 12.01689, 10.369790000000002, 28.5962, 50.11266, 6.892376};