name="iCMAES-ILS CEC13";
dim=10;
bound=0;
testID=4;
(*--------*)
min=2.397928*^-9;
max=7.754961*^-9;
median=5.2167300000000005*^-9;
mean=5.248384509803921*^-9;
std=1.3214858461889536*^-9;
(*--------*)
data={7.310379000000001*^-9, 6.329903*^-9, 7.754961*^-9, 4.468824*^-9, 4.950116000000001*^-9, 3.877795*^-9, 4.701573*^-9, 3.493543*^-9, 7.529938*^-9, 6.486840000000001*^-9, 6.567960000000001*^-9, 5.2167300000000005*^-9, 6.603982000000001*^-9, 2.977061*^-9, 7.228703000000001*^-9, 6.999521*^-9, 5.546407*^-9, 4.9884769999999996*^-9, 2.397928*^-9, 6.200535000000001*^-9, 5.167137000000001*^-9, 6.820973000000001*^-9, 5.405832000000001*^-9, 5.772310000000001*^-9, 3.5983790000000002*^-9, 4.345347000000001*^-9, 4.61661*^-9, 6.431099*^-9, 4.461684*^-9, 5.672970000000001*^-9, 5.9120320000000005*^-9, 5.384362000000001*^-9, 4.3341360000000005*^-9, 4.239315*^-9, 6.992186*^-9, 4.086932*^-9, 6.692128000000001*^-9, 3.4056160000000005*^-9, 6.4789870000000005*^-9, 4.690506*^-9, 3.8081000000000005*^-9, 6.129834*^-9, 5.096527000000001*^-9, 3.976123*^-9, 3.1675*^-9, 5.4880530000000004*^-9, 5.879748*^-9, 4.306754*^-9, 5.161929*^-9, 3.0440600000000003*^-9, 5.469265*^-9};