name="iCMAES-ILS CEC13";
dim=10;
bound=4;
testID=14;
(*--------*)
min=0.12490889999999999;
max=427.81960000000004;
median=15.244489999999999;
mean=55.331233660784314;
std=100.53606900733253;
(*--------*)
data={3.727233, 15.05712, 3.602324, 294.1081, 122.0407, 0.43718110000000004, 15.244489999999999, 18.53454, 0.1873633, 21.82459, 7.079739, 11.95443, 3.727233, 11.829529999999998, 119.1405, 23.40923, 0.12490889999999999, 15.244489999999999, 28.5962, 15.244489999999999, 15.11958, 0.24981779999999998, 28.53375, 15.244489999999999, 15.18203, 3.53987, 6.95483, 26.824189999999998, 25.118779999999997, 10.24488, 96.56053999999999, 11.89198, 15.11958, 0.3747266, 404.8615, 349.247, 38.4039, 23.471690000000002, 31.94871, 126.905, 0.3122722, 10.30734, 26.824189999999998, 25.118779999999997, 427.81960000000004, 15.18203, 51.693160000000006, 15.244489999999999, 138.6096, 0.24981779999999998, 133.6204};