name="iCMAES-ILS CEC13";
dim=10;
bound=0;
testID=19;
(*--------*)
min=0.1287963;
max=0.9933801000000001;
median=0.7003905;
mean=0.6959638470588236;
std=0.1455266635687046;
(*--------*)
data={0.5694781, 0.7862324, 0.7330857000000001, 0.7577901, 0.6732179, 0.5209817, 0.697242, 0.9664351, 0.7341077, 0.4627216, 0.7061262, 0.6557734000000001, 0.6713542000000001, 0.9140558000000001, 0.6231816000000001, 0.7304756000000001, 0.9933801000000001, 0.7599723, 0.1287963, 0.7992424, 0.8252538, 0.7400053, 0.5171673, 0.8877184, 0.6889043, 0.6698018000000001, 0.9167534, 0.8499193, 0.7248817000000001, 0.7504321, 0.5218503, 0.7741567, 0.7037531000000001, 0.5378452, 0.6558486000000001, 0.6529146, 0.7858407000000001, 0.5261554, 0.6266551, 0.8031425000000001, 0.7184145000000001, 0.6909109, 0.516548, 0.7003905, 0.5491583999999999, 0.6445557000000001, 0.6536004000000001, 0.7255994000000001, 0.9076154000000001, 0.6663984000000001, 0.6783148};