name="iCMAES-ILS CEC13";
dim=10;
bound=3;
testID=28;
(*--------*)
min=100.6325;
max=300.;
median=300.;
mean=218.0244549019607;
std=98.95453442308407;
(*--------*)
data={300., 300., 300., 100.9485, 300., 300., 300., 100.9108, 100.6325, 300., 300., 100.89079999999998, 300., 100.8086, 300., 100.8197, 100.777, 100.9401, 300., 100.9899, 101.0053, 300., 300., 300., 101.2179, 100.65630000000002, 101.5333, 100.87429999999999, 100.8159, 100.8178, 300., 300., 300., 101.03549999999998, 300., 300., 300., 300., 100.96069999999999, 300., 300., 100.82359999999998, 300., 300., 300., 300., 100.8869, 300., 300., 300., 100.9018};