name="iCMAES-ILS CEC13";
dim=10;
bound=4;
testID=28;
(*--------*)
min=100.6281;
max=300.;
median=300.;
mean=218.06513137254902;
std=98.90551417553519;
(*--------*)
data={101.08019999999999, 102.0464, 101.13289999999999, 101.16080000000001, 100.9651, 300., 300., 101.10820000000001, 300., 101.08500000000001, 300., 300., 300., 300., 100.9714, 300., 300., 300., 100.75970000000001, 300., 300., 300., 300., 300., 300., 300., 300., 100.6281, 300., 100.9816, 300., 101.0963, 300., 100.8439, 100.9048, 100.9513, 300., 300., 101.0247, 100.7363, 300., 300., 100.78210000000001, 100.99340000000001, 300., 300., 300., 100.99329999999999, 300., 101.0762, 300.};