name="iCMAES-ILS CEC13";
dim=10;
bound=3;
testID=11;
(*--------*)
min=1.6931290000000002*^-9;
max=1.989918;
median=8.983696*^-9;
mean=0.3663084806530671;
std=0.5206490961733886;
(*--------*)
data={0.7658315, 4.7218070000000005*^-9, 1.000809, 8.453847*^-9, 6.899547*^-6, 9.358409*^-9, 8.948048*^-9, 0.9949591, 0.9949591, 1.6931290000000002*^-9, 9.479304000000001*^-9, 4.0936950000000005*^-9, 0.9949591, 7.853412*^-9, 6.875673000000001*^-9, 0.9949591, 0.9949591, 0.9949591, 1.110239*^-7, 3.834653*^-9, 0.9949591, 6.0257300000000004*^-9, 0.9949591, 0.9949593999999999, 7.0152500000000006*^-9, 0.9949591, 4.3473780000000005*^-9, 8.088181*^-9, 7.247557*^-9, 5.033421*^-9, 9.375171000000001*^-9, 0.9949619000000001, 6.094439000000001*^-9, 6.139757000000001*^-9, 7.516172000000001*^-9, 1.989918, 2.027429*^-7, 0.9949591, 0.0007770027, 6.08374*^-9, 0.9949591, 3.8030500000000004*^-9, 7.580184*^-9, 0.9949591, 8.923451000000001*^-9, 6.6300960000000005*^-9, 6.013016000000001*^-9, 8.312436*^-9, 8.983696*^-9, 0.9949591, 8.767924000000002*^-9};