name="iCMAES-ILS CEC13";
dim=10;
bound=2;
testID=13;
(*--------*)
min=2.978458*^-9;
max=1.989918;
median=8.684975*^-9;
mean=0.29296539877208516;
std=0.4990397605095072;
(*--------*)
data={6.721139000000001*^-9, 6.169212*^-9, 4.747349*^-9, 0.01605817, 6.026818*^-9, 1.989918, 5.762613*^-9, 9.314736000000001*^-9, 5.682634*^-9, 9.330497*^-9, 7.143348*^-9, 5.987092*^-9, 0.9949591, 9.633438*^-9, 0.9949591, 0.9949591, 8.626068*^-9, 6.566091000000001*^-9, 5.589071*^-9, 7.542462*^-9, 0.00006846917000000001, 2.978458*^-9, 9.361760000000001*^-9, 0.9949591, 0.9949593000000001, 9.298776*^-9, 0.9949591, 0.9949591, 6.472604*^-9, 0.9949591, 4.286148*^-9, 0.0003560959, 5.038481*^-6, 0.9949591, 0.9949591, 7.014865000000001*^-9, 3.712344*^-9, 7.538185*^-9, 0.9949591, 5.022309*^-9, 0.0000186709, 0.0003421799, 8.121236*^-9, 8.444836000000001*^-9, 4.346136000000001*^-9, 8.684975*^-9, 6.404069*^-9, 0.9949591, 0.9949591, 8.086543000000001*^-9, 8.409532*^-9};