name="iCMAES-ILS CEC13";
dim=10;
bound=2;
testID=26;
(*--------*)
min=100.;
max=125.9187;
median=100.;
mean=102.97432352941173;
std=6.325777027514908;
(*--------*)
data={100., 100., 100.99499999999999, 100.99499999999999, 100., 101.98989999999999, 100.0065, 114.94930000000001, 110.06830000000001, 100., 100., 100., 100.99499999999999, 100., 100., 100.99499999999999, 100.0018, 100., 100., 100., 100., 100.99499999999999, 100.0021, 100.99610000000001, 100., 100., 100., 100.99499999999999, 121.01440000000001, 100., 119.9468, 100., 100., 100., 100.99499999999999, 100.99499999999999, 100., 106.97430000000001, 111.9552, 110.97550000000001, 100., 100., 100., 100., 100., 100.0013, 100., 101.98989999999999, 116.94040000000001, 100., 125.9187};