name="iCMAES-ILS CEC13";
dim=10;
bound=1;
testID=1;
(*--------*)
min=2.0676770000000003*^-9;
max=6.696978*^-9;
median=4.78374*^-9;
mean=4.617079764705884*^-9;
std=9.586864530934311*^-10;
(*--------*)
data={5.066883*^-9, 4.988177000000001*^-9, 4.103946*^-9, 4.974196*^-9, 5.1028060000000005*^-9, 5.884428*^-9, 4.552582*^-9, 3.951028*^-9, 4.703994*^-9, 5.032068*^-9, 5.115466*^-9, 5.274881*^-9, 3.270917*^-9, 3.595751*^-9, 5.092676000000001*^-9, 4.456322*^-9, 5.14035*^-9, 4.4542700000000006*^-9, 3.555252*^-9, 4.392618*^-9, 3.96699*^-9, 5.961072*^-9, 3.784409000000001*^-9, 3.75927*^-9, 3.1787470000000003*^-9, 4.679756*^-9, 5.1850230000000005*^-9, 4.78374*^-9, 4.438950000000001*^-9, 5.470899000000001*^-9, 4.280376000000001*^-9, 2.844445*^-9, 4.246217*^-9, 4.830504*^-9, 3.302802*^-9, 6.695512*^-9, 4.837896*^-9, 6.696978*^-9, 3.8977410000000006*^-9, 5.3196750000000005*^-9, 5.7348780000000006*^-9, 4.63629*^-9, 5.8035830000000005*^-9, 4.978386000000001*^-9, 5.0044150000000004*^-9, 2.918471*^-9, 5.3090310000000005*^-9, 3.3806940000000003*^-9, 2.0676770000000003*^-9, 5.749044*^-9, 5.018986000000001*^-9};