name="iCMAES-ILS CEC13";
dim=10;
bound=4;
testID=5;
(*--------*)
min=3.3458960000000006*^-9;
max=8.830519000000002*^-9;
median=6.4815870000000004*^-9;
mean=6.452468901960787*^-9;
std=1.366561808200672*^-9;
(*--------*)
data={8.557713*^-9, 7.64225*^-9, 6.4505990000000005*^-9, 6.662295000000001*^-9, 7.2274790000000005*^-9, 6.440902000000001*^-9, 6.818843000000001*^-9, 5.090613000000001*^-9, 6.8480600000000004*^-9, 7.60706*^-9, 8.564777*^-9, 8.047014000000002*^-9, 8.368695*^-9, 7.232356000000001*^-9, 8.830519000000002*^-9, 7.394759*^-9, 6.7219790000000005*^-9, 4.577652*^-9, 5.4473420000000006*^-9, 6.393694*^-9, 6.428502*^-9, 7.921350000000001*^-9, 6.9327810000000004*^-9, 8.209312000000001*^-9, 3.5326800000000003*^-9, 4.483796*^-9, 5.486563*^-9, 5.133794*^-9, 4.820904*^-9, 4.897689*^-9, 7.006516000000001*^-9, 6.4815870000000004*^-9, 8.062724*^-9, 5.656196*^-9, 7.440149*^-9, 5.669708*^-9, 5.560413*^-9, 3.3458960000000006*^-9, 4.8781160000000005*^-9, 4.068946000000001*^-9, 6.702480000000001*^-9, 7.333931*^-9, 7.962080000000001*^-9, 6.218584*^-9, 8.639503*^-9, 5.951371000000001*^-9, 6.495715*^-9, 6.008304*^-9, 5.454691000000001*^-9, 6.402319000000001*^-9, 4.964713*^-9};