name="iCMAES-ILS CEC13";
dim=10;
bound=4;
testID=11;
(*--------*)
min=1.8605590000000001*^-9;
max=0.9949614000000001;
median=9.453071*^-9;
mean=0.3123134729003405;
std=0.46614632344907886;
(*--------*)
data={6.230705000000001*^-9, 0.9949591, 9.492901000000001*^-9, 5.818663*^-9, 0.9949591, 7.2725890000000005*^-9, 6.412053000000001*^-9, 6.914222*^-9, 9.453071*^-9, 9.598952000000002*^-9, 0.0005355598, 8.171372*^-9, 0.006345916, 0.9949591, 0.9949591, 0.9949614000000001, 0.9949591, 7.0811240000000005*^-9, 6.995493*^-9, 1.8605590000000001*^-9, 0.9949591, 8.070578*^-9, 0.9949591, 7.567037000000001*^-9, 5.885523000000001*^-9, 6.453525*^-9, 9.488888*^-9, 0.9949591, 8.535941*^-9, 0.9949591, 7.0718240000000005*^-9, 4.858476*^-9, 7.312069000000001*^-9, 4.887615*^-9, 4.948256*^-9, 0.9949591, 7.860667000000001*^-9, 4.998978*^-9, 0.9949591, 9.320717*^-9, 0.9949591, 0.9949591, 0.0005129076, 6.6075880000000005*^-9, 0.9949591, 3.240928*^-7, 0.9949591, 0.0012442800000000002, 2.487034*^-8, 7.746678000000001*^-9, 8.638165*^-9};