name="iCMAES-ILS CEC13";
dim=10;
bound=2;
testID=18;
(*--------*)
min=10.316989999999999;
max=12.20623;
median=11.410029999999999;
mean=11.331964705882356;
std=0.4959492998980963;
(*--------*)
data={12.132380000000001, 11.70807, 11.71302, 11.13003, 11.9154, 11.387529999999998, 11.802019999999999, 11.64045, 11.410029999999999, 11.774389999999999, 11.86304, 10.520389999999999, 11.623909999999999, 10.64699, 10.316989999999999, 10.69262, 10.779399999999999, 10.68269, 11.23059, 11.80162, 10.80996, 11.2747, 12.008140000000001, 11.493450000000001, 10.94399, 10.39424, 11.72938, 11.67305, 11.81228, 11.565669999999999, 11.54298, 11.09309, 12.03114, 11.634340000000002, 10.861099999999999, 11.4466, 11.12979, 11.42305, 10.97079, 11.897269999999999, 11.3818, 11.78891, 12.20623, 10.53872, 11.118509999999999, 11.46184, 10.564340000000001, 10.965069999999999, 11.37945, 11.334200000000001, 10.684560000000001};