name="iCMAES-ILS CEC13";
dim=10;
bound=1;
testID=5;
(*--------*)
min=4.6683960000000005*^-9;
max=8.562611*^-9;
median=6.7431350000000004*^-9;
mean=6.738905549019611*^-9;
std=9.972340731945598*^-10;
(*--------*)
data={7.405743*^-9, 4.6683960000000005*^-9, 8.23852*^-9, 7.311799*^-9, 7.029639000000001*^-9, 5.988793000000001*^-9, 5.984133*^-9, 5.248394000000001*^-9, 6.7431350000000004*^-9, 8.352497*^-9, 6.870368*^-9, 7.364473000000001*^-9, 7.392602000000001*^-9, 6.530648000000001*^-9, 6.750999000000001*^-9, 5.3301740000000005*^-9, 5.862838000000001*^-9, 6.6244080000000005*^-9, 5.948653*^-9, 8.130487*^-9, 7.3266020000000005*^-9, 5.319383000000001*^-9, 5.501982*^-9, 7.152543*^-9, 6.9150270000000005*^-9, 5.576972*^-9, 7.813312*^-9, 6.497169000000001*^-9, 6.427698000000001*^-9, 6.6778190000000005*^-9, 6.958625*^-9, 6.152049*^-9, 6.032266*^-9, 6.851533*^-9, 8.562611*^-9, 4.877312*^-9, 6.132983000000001*^-9, 7.203813*^-9, 4.8585480000000005*^-9, 8.308469000000001*^-9, 6.465524*^-9, 7.375088000000001*^-9, 8.055997*^-9, 6.5452140000000004*^-9, 8.490895000000001*^-9, 8.429137000000001*^-9, 6.6826220000000005*^-9, 6.8942990000000006*^-9, 6.153603000000001*^-9, 6.301985000000001*^-9, 7.366404000000001*^-9};