name="iCMAES-ILS CEC13";
dim=10;
bound=2;
testID=28;
(*--------*)
min=100.5568;
max=300.;
median=101.2875;
mean=194.62934509803924;
std=100.3331939699486;
(*--------*)
data={100.6315, 300., 100.78190000000001, 100.782, 101.03549999999998, 100.714, 300., 101.0435, 300., 300., 300., 300., 300., 300., 300., 300., 100.95570000000001, 101.1669, 100.7164, 100.91069999999999, 300., 100.82279999999999, 101.0165, 101.16019999999999, 300., 300., 100.5568, 300., 300., 300., 300., 300., 101.1167, 300., 100.8251, 100.9325, 100.8408, 300., 300., 300., 100.9659, 100.96879999999999, 100.9404, 102.2796, 300., 101.1895, 300., 101.2875, 100.6648, 100.8851, 100.9055};