name="iCMAES-ILS CEC13";
dim=10;
bound=4;
testID=26;
(*--------*)
min=100.;
max=131.5977;
median=107.0173;
mean=110.14336078431371;
std=9.855205477027427;
(*--------*)
data={100.99499999999999, 126.933, 100., 101.98989999999999, 103.9798, 125.90820000000001, 131.5977, 100.99499999999999, 127.94129999999998, 103.97989999999999, 124.90390000000001, 107.98700000000001, 100.99499999999999, 100., 100., 127.74019999999999, 116.95679999999999, 104.97479999999999, 100.99499999999999, 121.9287, 124.0103, 109.9791, 112.9778, 101.98989999999999, 100., 100., 123.9318, 100., 100., 102.9849, 119.952, 118.95389999999999, 101.99000000000001, 110.9903, 114.0407, 124.01899999999999, 100.99499999999999, 101.98989999999999, 111.96690000000001, 118.6202, 107.0173, 100.99499999999999, 104.4335, 113.033, 108.7575, 105.9698, 114.97059999999999, 100.99499999999999, 100., 113.99490000000002, 116.9519};