name="iCMAES-ILS CEC13";
dim=10;
bound=0;
testID=16;
(*--------*)
min=5.045591*^-8;
max=1.147889;
median=0.4445402;
mean=0.4214348121069787;
std=0.2946011385878972;
(*--------*)
data={0.041229449999999994, 0.8690644000000001, 0.1241439, 0.5402745000000001, 0.052806620000000005, 0.6630128000000001, 0.93093, 0.09806722000000001, 0.05190716, 0.6982409, 0.001773227, 0.6756684000000001, 0.36408450000000003, 0.6977072, 0.2614115, 0.08222244, 0.5597825000000001, 0.17156280000000002, 0.39048510000000003, 0.19785450000000002, 0.11811750000000001, 1.147889, 0.5386086, 0.3488391, 0.4445402, 0.3438454, 5.045591*^-8, 0.5696767, 0.6233384000000001, 0.7775365000000001, 0.8070104000000001, 0.6833091, 0.43887450000000006, 0.046471570000000004, 0.5844156, 0.56376, 0.08597149, 0.1715393, 0.5810308000000001, 0.7281287000000001, 0.47146960000000004, 0.05594019, 0.1436379, 0.7366522, 0.5554426, 0.7990399, 0.5705122, 0.221996, 0.12097560000000002, 0.6749196000000001, 0.06745759999999999};