name="iCMAES-ILS CEC13";
dim=10;
bound=3;
testID=5;
(*--------*)
min=3.750126*^-9;
max=8.41648*^-9;
median=6.487831000000001*^-9;
mean=6.5041152941176476*^-9;
std=1.1657171811683879*^-9;
(*--------*)
data={7.4070930000000004*^-9, 8.248548*^-9, 5.490845*^-9, 8.41648*^-9, 6.924536*^-9, 7.993843*^-9, 6.1564720000000006*^-9, 5.708139*^-9, 6.7775800000000005*^-9, 8.019209000000001*^-9, 5.811856*^-9, 6.817009*^-9, 4.77229*^-9, 4.440834*^-9, 6.7662350000000005*^-9, 6.1945470000000006*^-9, 6.344127*^-9, 6.372974*^-9, 6.275285000000001*^-9, 5.09552*^-9, 6.487831000000001*^-9, 6.983088000000001*^-9, 6.377738*^-9, 7.356043*^-9, 7.401035000000001*^-9, 6.4502900000000005*^-9, 7.524741*^-9, 8.110551*^-9, 7.959089*^-9, 7.696043*^-9, 7.782665*^-9, 7.287714*^-9, 6.270646000000001*^-9, 6.492365000000001*^-9, 4.60058*^-9, 6.616672000000001*^-9, 5.700194*^-9, 4.81746*^-9, 6.726623*^-9, 5.493473*^-9, 6.470997*^-9, 6.9592130000000005*^-9, 5.9645060000000005*^-9, 8.302194000000001*^-9, 4.798923000000001*^-9, 6.150123*^-9, 6.178487*^-9, 7.732143*^-9, 7.465140000000001*^-9, 3.769765*^-9, 3.750126*^-9};