name="iCMAES-ILS CEC13";
dim=10;
bound=1;
testID=26;
(*--------*)
min=103.99849999999999;
max=131.9147;
median=117.0506;
mean=116.55104117647058;
std=6.331578372291588;
(*--------*)
data={106.0155, 118.945, 118.967, 120.92920000000001, 125.9242, 120.9478, 116.04190000000001, 108.0466, 111.0242, 121.925, 121.0024, 115.2719, 131.9147, 119.04669999999999, 124.90079999999999, 114.00829999999999, 109.04549999999999, 120.00189999999999, 103.99849999999999, 121.91860000000001, 117.9851, 110.9628, 130.9033, 118.00550000000001, 107.01830000000001, 110.73429999999999, 113.9737, 112.961, 120.1373, 116.9279, 109.01749999999998, 119.9988, 128.9998, 121.98400000000001, 111.27590000000001, 117.0506, 119.02980000000001, 112.10199999999999, 121.007, 110.9829, 111.1267, 107.1461, 111.9904, 112.0231, 112.0501, 121.9152, 117.10879999999999, 111.9671, 116.9665, 122.9311, 117.9448};