name="iCMAES-ILS CEC13";
dim=10;
bound=1;
testID=18;
(*--------*)
min=10.2701;
max=22.28145;
median=11.30485;
mean=11.627984509803918;
std=1.662847041649127;
(*--------*)
data={10.80087, 10.968580000000001, 11.085510000000001, 11.47269, 11.206430000000001, 13.27547, 22.28145, 10.482009999999999, 11.688019999999998, 11.15659, 12.14092, 11.765460000000001, 11.30485, 11.2681, 11.113249999999999, 11.00796, 10.79435, 12.76193, 12.63541, 11.4523, 10.82851, 10.780529999999999, 10.676950000000001, 11.66732, 11.321460000000002, 11.136870000000002, 11.79258, 10.990029999999999, 10.65361, 10.70721, 10.602419999999999, 12.43595, 12.49384, 11.69309, 11.22682, 11.51211, 10.2701, 10.88014, 12.109300000000001, 10.54055, 12.34188, 11.53924, 11.46167, 12.10261, 11.619029999999999, 12.88005, 11.24895, 10.88013, 11.37038, 11.08296, 11.51877};