name="iCMAES-ILS CEC13";
dim=10;
bound=0;
testID=3;
(*--------*)
min=5.023039*^-9;
max=1.226619*^-7;
median=8.187769*^-9;
mean=1.2707801921568625*^-8;
std=2.248212717975552*^-8;
(*--------*)
data={7.2936390000000006*^-9, 6.488676*^-9, 8.029034*^-9, 9.014091000000001*^-9, 8.837692*^-9, 7.423152*^-9, 6.891917000000001*^-9, 8.012349000000001*^-9, 8.753477*^-9, 9.645599000000002*^-9, 6.014718000000001*^-9, 8.459522*^-9, 7.681035*^-9, 8.219894000000001*^-9, 7.710518*^-9, 8.827732*^-9, 9.462735000000002*^-9, 7.626687*^-9, 7.643554*^-9, 6.7467030000000004*^-9, 1.226619*^-7, 8.580393000000001*^-9, 8.313013*^-9, 7.873273000000001*^-9, 9.223445*^-9, 8.849155*^-9, 8.187769*^-9, 9.364098*^-9, 9.106425*^-9, 7.798670000000002*^-9, 7.575846*^-9, 1.226609*^-7, 7.003037*^-9, 9.512868*^-9, 9.157544*^-9, 9.857161*^-9, 7.84118*^-9, 6.7342140000000005*^-9, 8.127202*^-9, 8.698905*^-9, 8.567008*^-9, 1.519136*^-8, 7.721673000000001*^-9, 9.246247000000002*^-9, 6.311915000000001*^-9, 9.710171000000002*^-9, 7.3577950000000004*^-9, 7.117118*^-9, 5.023039*^-9, 9.394349*^-9, 6.547501*^-9};