name="iCMAES-ILS CEC13";
dim=10;
bound=1;
testID=17;
(*--------*)
min=10.30792;
max=13.54684;
median=11.136809999999999;
mean=11.290948039215687;
std=0.7074727590374615;
(*--------*)
data={11.452919999999999, 11.30992, 10.75528, 10.30792, 11.834499999999998, 12.883709999999999, 10.461670000000002, 10.38645, 11.95824, 11.96956, 11.101669999999999, 10.67296, 10.33814, 11.075569999999999, 10.65661, 10.526, 10.446660000000001, 10.92166, 11.80772, 11.060110000000002, 10.689789999999999, 10.696250000000001, 11.31999, 10.66133, 12.06048, 10.53167, 11.02618, 11.54833, 11.17628, 11.479040000000001, 11.258040000000001, 12.40148, 10.988430000000001, 10.60518, 11.94142, 11.87012, 11.136809999999999, 11.17999, 11.76211, 11.088750000000001, 10.863, 12.54496, 11.29929, 12.203420000000001, 10.838289999999999, 11.78889, 11.18844, 10.96977, 10.852310000000001, 12.3942, 13.54684};