name="iCMAES-ILS CEC13";
dim=10;
bound=3;
testID=2;
(*--------*)
min=2.5996700000000004*^-9;
max=7.869593000000001*^-9;
median=5.373564000000001*^-9;
mean=5.278390176470588*^-9;
std=1.183221386332815*^-9;
(*--------*)
data={6.0765900000000004*^-9, 4.146742*^-9, 6.529699*^-9, 5.9741150000000005*^-9, 5.727717000000001*^-9, 5.672226*^-9, 3.3918050000000006*^-9, 3.740367*^-9, 3.431634*^-9, 5.364996*^-9, 4.376087*^-9, 7.223171*^-9, 6.878371*^-9, 5.943405000000001*^-9, 6.120050000000001*^-9, 3.71889*^-9, 6.025152000000001*^-9, 4.321783*^-9, 5.211079*^-9, 5.932665000000001*^-9, 6.1497330000000006*^-9, 5.382353000000001*^-9, 3.961846*^-9, 5.972411000000001*^-9, 5.1885960000000004*^-9, 6.911985*^-9, 5.311645000000001*^-9, 7.41149*^-9, 5.6693930000000005*^-9, 4.999947*^-9, 5.868117*^-9, 2.5996700000000004*^-9, 3.979316*^-9, 3.498183*^-9, 4.045136*^-9, 4.142245*^-9, 4.465937000000001*^-9, 3.969581*^-9, 5.041672*^-9, 5.287071000000001*^-9, 6.070638*^-9, 4.464549*^-9, 7.869593000000001*^-9, 6.0448570000000004*^-9, 3.956856000000001*^-9, 7.0122810000000004*^-9, 6.15746*^-9, 4.59376*^-9, 5.373564000000001*^-9, 6.010408000000001*^-9, 5.981062*^-9};