name="iCMAES-ILS CEC13";
dim=10;
bound=3;
testID=22;
(*--------*)
min=16.53855;
max=646.0009;
median=42.37109;
mean=125.92269784313724;
std=152.82402748491302;
(*--------*)
data={371.6122, 28.482120000000002, 51.256130000000006, 32.72849, 24.71318, 41.005399999999995, 40.89685, 646.0009, 475.2696, 31.949550000000002, 43.54204, 181.53820000000002, 56.491499999999995, 29.323389999999996, 46.312439999999995, 49.131640000000004, 318.0349, 40.03858, 31.30588, 25.163690000000003, 28.77711, 225.25900000000001, 26.806109999999997, 185.6155, 40.56673, 214.96140000000003, 16.53855, 64.01284000000001, 18.74303, 345.24379999999996, 19.5919, 180.6233, 64.90053, 68.99703, 374.3934, 20.087220000000002, 24.98724, 37.67394, 355.2465, 239.1928, 71.47825, 42.37109, 20.35781, 314.7116, 20.33954, 37.536789999999996, 30.64525, 195.04809999999998, 36.03914, 512.0957, 24.419710000000002};