name="iCMAES-ILS CEC13";
dim=10;
bound=1;
testID=13;
(*--------*)
min=2.0615670000000002*^-9;
max=2.886375;
median=9.197127*^-9;
mean=0.46628465547862097;
std=0.6631932135315424;
(*--------*)
data={5.041009*^-9, 4.486736*^-9, 2.886375, 0.9949591, 0.9949591, 7.017913000000001*^-9, 0.9949606, 9.550575*^-9, 3.4068570000000002*^-9, 0.9949591, 1.989918, 9.397235*^-9, 8.748121*^-9, 2.165926*^-8, 9.724740000000001*^-9, 0.9949591, 3.618842*^-9, 8.607913999999999*^-9, 9.048681000000001*^-9, 0.9949591, 0.9949591, 7.411375*^-9, 0.9949591, 0.9949591, 8.434023*^-9, 6.286616000000001*^-9, 6.9018550000000005*^-9, 0.9949591, 0.9949591, 9.178572000000002*^-9, 5.806792*^-9, 8.229466*^-9, 6.6600930000000004*^-9, 8.584034000000002*^-9, 0.9949591, 6.419475*^-9, 2.0615670000000002*^-9, 5.622068*^-9, 0.9949591, 7.9992*^-9, 0.9949591, 1.989918, 3.454459*^-9, 9.97102*^-9, 0.9949591, 7.010272*^-9, 4.276987*^-9, 5.596787*^-9, 0.9949591, 9.197127*^-9, 0.9949591};