name="iCMAES-ILS CEC13";
dim=10;
bound=0;
testID=23;
(*--------*)
min=13.4108;
max=74.81396000000001;
median=31.85714;
mean=35.97086333333335;
std=15.017062828261276;
(*--------*)
data={57.157169999999994, 29.14888, 40.57055, 46.466539999999995, 36.52582, 26.241799999999998, 42.12443999999999, 24.72963, 21.964380000000002, 32.70787, 24.838990000000003, 26.87444, 20.80333, 26.5648, 30.27209, 22.80512, 25.41926, 65.21012999999999, 31.85714, 27.515770000000003, 37.90202, 46.00962, 24.13736, 21.244200000000003, 29.29221, 44.42843, 24.72963, 23.05918, 36.32416, 34.4026, 37.61954, 56.1973, 62.065659999999994, 15.63504, 23.24846, 44.74771, 42.91736, 74.81396000000001, 17.52186, 23.330489999999998, 38.39524, 60.536789999999996, 54.2281, 60.188100000000006, 32.99225, 19.77122, 50.15569, 13.4108, 68.83708, 25.768749999999997, 30.80507};