name="iCMAES-ILS CEC13";
dim=10;
bound=1;
testID=6;
(*--------*)
min=3.5521330000000004*^-9;
max=9.812423;
median=1.303428*^-6;
mean=2.850920041104937;
std=4.387962397582416;
(*--------*)
data={1.303428*^-6, 7.819740000000001*^-9, 3.5521330000000004*^-9, 0.09092898, 6.987254000000001*^-9, 5.7638160000000004*^-9, 9.812423, 9.812423, 5.075423, 0.101472, 8.404897*^-7, 9.812423, 8.16714*^-9, 9.812423, 9.812423, 8.400373*^-9, 9.812423, 9.812423, 9.812423, 4.852932*^-9, 3.9820220000000006*^-8, 6.207538*^-9, 9.812423, 3.682167*^-7, 0.0004979553, 5.484738000000001*^-9, 2.1370879999999998*^-8, 1.643123, 9.812423, 9.166627999999999*^-9, 9.828894*^-7, 5.308368*^-6, 6.420813*^-9, 7.305235*^-9, 5.125026*^-9, 9.812423, 9.812423, 5.705978*^-9, 7.424377*^-9, 1.089639*^-6, 9.812423, 0.00020807030000000003, 9.812423, 0.00006170146, 0.03293871, 5.3101620000000004*^-9, 0.2278479, 5.830197000000001*^-9, 0.8504887000000001, 8.417881*^-9, 7.127901*^-9};