name="iCMAES-ILS CEC13";
dim=10;
bound=3;
testID=13;
(*--------*)
min=2.024401*^-9;
max=1.989918;
median=3.42169*^-8;
mean=0.4603403241757041;
std=0.6047261121070899;
(*--------*)
data={8.86037*^-9, 7.221712000000001*^-9, 9.464346*^-9, 0.9949591, 7.852353*^-9, 5.521739*^-8, 2.024401*^-9, 1.026186, 0.9949591, 1.989918, 7.546103*^-9, 6.769064000000001*^-9, 0.9949591, 1.000531, 2.856651*^-9, 5.493702999999999*^-7, 5.081934000000001*^-9, 0.9949591, 8.769861*^-9, 0.9949721, 0.9949591, 6.508144*^-9, 0.9949591, 9.306505*^-9, 5.346409000000001*^-9, 1.989918, 7.001702*^-8, 7.093088*^-9, 0.5564498999999999, 5.8336140000000005*^-9, 0.9949591, 9.580577*^-9, 7.660196*^-9, 9.069194*^-9, 0.9949591, 0.9949591, 0.00003525006, 9.334452000000001*^-9, 7.906528000000001*^-9, 0.9949591, 7.11064*^-9, 3.42169*^-8, 7.414267*^-9, 0.9949591, 3.357303*^-9, 0.9949591, 1.989918, 0.9949591, 5.414909*^-9, 0.9949591, 6.696677000000001*^-9};