name="iCMAES-ILS CEC13";
dim=10;
bound=2;
testID=20;
(*--------*)
min=0.7882585;
max=3.651942;
median=2.481424;
mean=2.3748909823529414;
std=0.6568277090928973;
(*--------*)
data={2.488897, 2.458059, 2.699428, 2.217998, 2.298073, 0.9596196000000001, 1.619432, 1.757713, 2.481424, 2.513655, 2.659898, 2.506325, 1.888528, 3.112397, 3.243934, 3.651942, 2.465003, 2.34403, 3.393348, 2.708578, 2.481674, 3.029594, 2.099311, 3.009772, 3.083798, 2.303445, 0.7882585, 1.55413, 2.818634, 3.095949, 2.700639, 2.673527, 1.503154, 1.895918, 3.049014, 2.196419, 2.347903, 2.631399, 2.675078, 1.986123, 3.059968, 1.422145, 1.61513, 2.182973, 2.146918, 1.797241, 3.296661, 1.442844, 2.529777, 1.011929, 3.221833};