name="iCMAES-ILS CEC13";
dim=10;
bound=0;
testID=5;
(*--------*)
min=3.7117140000000002*^-9;
max=9.281513*^-9;
median=6.841068*^-9;
mean=6.631063431372546*^-9;
std=1.3084687868420897*^-9;
(*--------*)
data={7.0821750000000005*^-9, 5.844691*^-9, 3.7117140000000002*^-9, 3.952741*^-9, 5.714574*^-9, 7.10994*^-9, 8.307665000000001*^-9, 5.92951*^-9, 5.48805*^-9, 4.981866000000001*^-9, 6.482165*^-9, 5.9487730000000005*^-9, 6.5059430000000005*^-9, 4.97949*^-9, 8.258012*^-9, 5.261041*^-9, 7.83666*^-9, 5.250532*^-9, 6.372294*^-9, 5.7527410000000005*^-9, 6.036768000000001*^-9, 8.179063*^-9, 8.825680000000001*^-9, 7.53715*^-9, 6.1027340000000005*^-9, 7.785195000000001*^-9, 7.386307000000001*^-9, 7.003769*^-9, 8.626396*^-9, 4.974520000000001*^-9, 6.988782*^-9, 6.802235*^-9, 7.099969*^-9, 6.841068*^-9, 9.281513*^-9, 6.844738000000001*^-9, 6.665913*^-9, 8.095594000000001*^-9, 7.326775*^-9, 8.165458*^-9, 6.136961000000001*^-9, 7.582177*^-9, 8.050455*^-9, 5.739415000000001*^-9, 3.961634*^-9, 8.023295*^-9, 7.0885610000000005*^-9, 7.327193*^-9, 5.18373*^-9, 4.9077*^-9, 6.84291*^-9};