name="iCMAES-ILS CEC13";
dim=10;
bound=0;
testID=10;
(*--------*)
min=2.233546*^-9;
max=8.678741000000001*^-9;
median=5.076584000000001*^-9;
mean=5.054843490196078*^-9;
std=1.3273919269389489*^-9;
(*--------*)
data={5.2647880000000006*^-9, 5.526456*^-9, 4.487221*^-9, 6.1677490000000004*^-9, 3.012518*^-9, 3.483977*^-9, 6.298606000000001*^-9, 4.600776*^-9, 4.545235*^-9, 4.1877340000000004*^-9, 2.233546*^-9, 3.21689*^-9, 6.7361240000000006*^-9, 6.842024*^-9, 6.795297*^-9, 8.678741000000001*^-9, 4.322905*^-9, 5.5313650000000006*^-9, 6.492825*^-9, 5.3202*^-9, 5.1495430000000005*^-9, 6.808735000000001*^-9, 5.477913000000001*^-9, 7.453058000000001*^-9, 6.197015000000001*^-9, 4.7675760000000006*^-9, 4.556580000000001*^-9, 6.715991*^-9, 5.076584000000001*^-9, 5.846201*^-9, 3.870845000000001*^-9, 5.30063*^-9, 5.255859000000001*^-9, 4.9048930000000005*^-9, 6.999903*^-9, 4.994659000000001*^-9, 4.5833709999999996*^-9, 2.3455350000000002*^-9, 5.8267530000000005*^-9, 3.840162*^-9, 3.202574*^-9, 5.226484*^-9, 4.560054000000001*^-9, 4.4450580000000006*^-9, 4.525006*^-9, 5.201024000000001*^-9, 4.696777000000001*^-9, 3.331245*^-9, 3.593955*^-9, 5.521329*^-9, 3.776729*^-9};