name="iCMAES-ILS CEC13";
dim=10;
bound=0;
testID=24;
(*--------*)
min=107.96239999999999;
max=206.29430000000002;
median=118.448;
mean=133.85343725490202;
std=33.73986966971248;
(*--------*)
data={116.4361, 126.18910000000001, 200.5421, 121.3277, 119.9576, 111.70009999999999, 119.6283, 117.2476, 117.9389, 126.6393, 113.1971, 114.2808, 200., 119.01230000000001, 200., 117.2365, 114.7371, 117.0094, 118.05760000000001, 127.49839999999999, 110.60300000000001, 114.6402, 118.5379, 110.8099, 122.4402, 111.53869999999999, 120.26559999999999, 120.77739999999999, 200., 111.188, 116.5327, 200., 134.2862, 127.55680000000001, 110.0426, 109.7903, 200., 200., 116.26970000000001, 109.2727, 125.7576, 119.49019999999999, 118.448, 200., 118.0797, 107.96239999999999, 206.29430000000002, 116.85719999999999, 200., 113.48400000000001, 116.964};