name="iCMAES-ILS CEC13";
dim=10;
bound=0;
testID=12;
(*--------*)
min=3.3717820000000003*^-9;
max=0.9949591;
median=8.07963*^-9;
mean=0.1755815760790113;
std=0.38307229379460705;
(*--------*)
data={4.275145*^-9, 3.3717820000000003*^-9, 9.639875999999999*^-9, 0.9949591, 0.9949591, 5.749824*^-9, 7.1063880000000005*^-9, 0.9949591, 0.9949591, 4.867252*^-8, 1.622574*^-8, 3.492041*^-9, 8.059412*^-9, 6.352755*^-9, 6.5863980000000005*^-9, 4.8527250000000005*^-9, 0.9949591, 8.059853*^-9, 6.270488000000001*^-9, 0.9949591, 3.74898*^-7, 6.860276*^-9, 8.07963*^-9, 7.530545*^-9, 6.299395*^-9, 9.021426*^-9, 2.738324*^-7, 8.667919*^-9, 9.800579000000001*^-9, 3.988789000000001*^-9, 8.7602*^-9, 4.808197*^-9, 6.704277000000001*^-9, 7.984240000000001*^-9, 0.9949591, 5.903371*^-9, 4.154984*^-9, 8.939439*^-9, 5.720756*^-9, 0.9949591, 9.155288*^-9, 0.000017210960000000002, 7.854547000000001*^-9, 0.9949591, 8.204174000000001*^-9, 8.773487*^-6, 6.983497*^-9, 4.192523000000001*^-9, 8.051077*^-9, 4.8453099999999996*^-8, 1.5020189999999999*^-6};