name="iCMAES-ILS CEC13";
dim=10;
bound=0;
testID=6;
(*--------*)
min=3.009832*^-9;
max=9.812423;
median=4.4843840000000003*^-7;
mean=2.7306489429520977;
std=4.402786260128339;
(*--------*)
data={9.812423, 0.03022659, 6.097847*^-7, 4.9200730000000005*^-9, 4.962483*^-9, 0.000015339570000000003, 9.812423, 7.214508*^-6, 7.914288*^-9, 7.205517*^-8, 9.812423, 9.812423, 9.812306, 4.4843840000000003*^-7, 9.80998, 9.812423, 6.684704000000001*^-9, 3.009832*^-9, 8.645899000000001*^-9, 5.392066*^-9, 9.729503*^-7, 8.549747000000001*^-9, 8.329290000000001*^-9, 9.812423, 0.00023124370000000003, 7.636185*^-9, 8.049471000000001*^-9, 9.812423, 6.1750150000000005*^-9, 5.011682000000001*^-9, 9.812423, 9.812423, 5.183843000000001*^-9, 1.095034, 0.009671239, 0.5995089, 0.000024797630000000003, 7.349344000000001*^-9, 0.1570125, 9.812423, 8.013121000000001*^-9, 8.061759*^-9, 6.410288000000001*^-9, 8.253546*^-9, 5.323523*^-9, 9.290495*^-9, 8.115509*^-9, 9.812423, 6.9211690000000005*^-9, 9.812423, 4.717095*^-9};