name="iCMAES-ILS CEC13";
dim=10;
bound=1;
testID=20;
(*--------*)
min=1.461848;
max=4.008538;
median=2.903233;
mean=2.8096685882352936;
std=0.55174231495437;
(*--------*)
data={1.796272, 3.343618, 2.076113, 3.448192, 3.206039, 3.145544, 1.461848, 2.603208, 2.115155, 1.950121, 2.855037, 3.21365, 3.461167, 2.599827, 2.342726, 3.206887, 2.780369, 2.681021, 3.469371, 3.46854, 4.008538, 2.037776, 2.518061, 3.167066, 3.11214, 3.335169, 2.557346, 3.380246, 2.38556, 3.240437, 3.19584, 2.935746, 3.370698, 2.058694, 2.713653, 3.083663, 3.176001, 2.266179, 2.533936, 3.194652, 1.838752, 2.321029, 3.405788, 3.039084, 2.903233, 2.869466, 3.176622, 2.500885, 2.462816, 2.112138, 3.167179};