name="iCMAES-ILS CEC13";
dim=10;
bound=1;
testID=25;
(*--------*)
min=115.8193;
max=204.5401;
median=200.;
mean=189.47742941176475;
std=27.082891648842043;
(*--------*)
data={200., 200., 121.4992, 200., 200., 117.0157, 200., 200.0003, 200., 200., 200.0001, 200., 200., 200., 200., 200., 200., 200., 200., 200., 200., 200.00019999999998, 200.0005, 200., 200., 200., 200.0001, 200., 127.1136, 204.5401, 200., 200., 200., 200.00019999999998, 200., 200., 200., 200., 200., 134.42149999999998, 200., 115.8193, 201.35309999999998, 200., 200.0004, 200., 200., 119.61349999999999, 121.9709, 200.00019999999998, 200.};