name="iCMAES-ILS CEC13";
dim=10;
bound=2;
testID=11;
(*--------*)
min=1.920687*^-9;
max=1.989918;
median=9.473769000000002*^-9;
mean=0.4487071942284412;
std=0.6072911954298684;
(*--------*)
data={6.0815390000000006*^-9, 6.817678*^-9, 1.920687*^-9, 7.0815390000000004*^-9, 4.8834510000000004*^-9, 4.65694*^-9, 5.438699*^-9, 0.9949608, 7.317407000000001*^-9, 0.9949591, 5.729844000000001*^-9, 9.469223*^-9, 1.989918, 7.070133000000001*^-9, 7.720921*^-9, 0.9949591, 1.657347*^-7, 0.9949591, 6.941202*^-9, 2.108381*^-9, 5.1341810000000005*^-9, 9.674219000000001*^-9, 9.635153*^-9, 9.473769000000002*^-9, 0.9949591, 0.9949591, 0.9949591, 8.492820000000001*^-9, 8.774133*^-9, 0.9949591, 0.9949591, 0.9949635000000001, 0.9949591, 0.9949595000000001, 0.9949591, 8.242881000000002*^-9, 0.9949591, 9.608891*^-9, 6.066265*^-9, 9.319744000000001*^-9, 1.989918, 1.989918, 8.760178000000001*^-9, 1.336537*^-6, 8.351211*^-9, 5.811312*^-9, 0.9949591, 5.203915000000001*^-9, 7.592487*^-9, 0.9949591, 0.9949591};