name="iCMAES-ILS CEC13";
dim=10;
bound=4;
testID=6;
(*--------*)
min=6.201665000000001*^-9;
max=9.812423;
median=9.812423;
mean=5.658582239733436;
std=4.824524830241665;
(*--------*)
data={9.812423, 9.812423, 0.2755538, 9.812423, 9.812423, 6.391288000000001*^-9, 6.940722000000001*^-9, 9.51569*^-9, 9.812423, 9.812423, 9.812423, 8.605262*^-9, 0.16578210000000002, 6.201665000000001*^-9, 9.812423, 9.812423, 0.3192187, 9.812423, 9.414533*^-9, 9.812423, 9.812423, 9.812423, 9.812423, 1.050755, 0.005333556, 9.812423, 7.568381*^-9, 9.176782*^-9, 9.812423, 0.00009307553000000001, 0.02817476, 9.254344*^-9, 9.812423, 9.812423, 0.0017712460000000002, 9.812423, 9.812423, 9.812423, 0.3830847, 9.812423, 9.812423, 9.812423, 9.812423, 8.488874*^-9, 9.812423, 9.811877, 1.768139, 0.030067200000000002, 7.317615*^-9, 9.812423, 9.812423};