name="iCMAES-ILS CEC13";
dim=10;
bound=4;
testID=18;
(*--------*)
min=10.472760000000001;
max=12.87951;
median=11.3659;
mean=11.48580862745098;
std=0.6835131949773015;
(*--------*)
data={12.38488, 10.854680000000002, 10.92919, 11.33157, 11.11295, 10.81025, 10.7006, 12.71332, 10.480419999999999, 11.3659, 11.483170000000001, 10.64773, 10.703899999999999, 11.64803, 11.744570000000001, 11.379280000000001, 12.33971, 12.031270000000001, 11.25475, 12.341610000000001, 11.940249999999999, 11.090789999999998, 10.75026, 11.83072, 10.892489999999999, 12.76518, 12.01032, 12.28026, 11.272219999999999, 12.87951, 11.616599999999998, 10.472760000000001, 11.39122, 11.66621, 11.29462, 10.576049999999999, 12.06609, 10.56944, 11.19383, 12.04363, 10.615179999999999, 11.38523, 12.66783, 12.17645, 11.1972, 11.307210000000001, 11.56866, 10.72194, 12.85553, 11.06687, 11.35391};