name="iCMAES-ILS CEC13";
dim=10;
bound=3;
testID=3;
(*--------*)
min=2.7080540000000004*^-9;
max=1.226622*^-7;
median=8.62052*^-9;
mean=1.5298849313725487*^-8;
std=2.7385328572491294*^-8;
(*--------*)
data={5.323437*^-9, 5.612963*^-9, 9.934604*^-9, 9.16034*^-9, 8.628371*^-9, 9.100484000000001*^-9, 7.179516*^-9, 9.746366000000001*^-9, 8.518253*^-9, 9.847944*^-9, 8.62052*^-9, 9.147651*^-9, 1.226618*^-7, 6.787013000000001*^-9, 2.7080540000000004*^-9, 8.562831*^-9, 6.505497000000001*^-9, 1.226612*^-7, 8.897075*^-9, 9.569358*^-9, 5.902663000000001*^-9, 8.669742*^-9, 7.129302000000001*^-9, 8.058452000000002*^-9, 7.700016*^-9, 6.445934000000001*^-9, 9.430221*^-9, 8.805845*^-9, 8.834414000000001*^-9, 7.3185370000000005*^-9, 9.128891*^-9, 8.624916*^-9, 9.482221*^-9, 7.113918*^-9, 9.177284000000001*^-9, 3.386363*^-8, 9.372106000000002*^-9, 6.489137000000001*^-9, 1.226622*^-7, 9.986706000000001*^-9, 8.402825000000001*^-9, 7.106232*^-9, 7.791095*^-9, 9.671247*^-9, 8.250894000000002*^-9, 8.299500000000001*^-9, 8.268596000000001*^-9, 8.898614*^-9, 5.0715920000000005*^-9, 7.519517*^-9, 7.591791*^-9};