name="iCMAES-ILS CEC13";
dim=10;
bound=4;
testID=19;
(*--------*)
min=0.370259;
max=1.019356;
median=0.7026978;
mean=0.7080639235294118;
std=0.15075477711767094;
(*--------*)
data={0.5000554, 0.370259, 0.7277619, 0.7788159000000001, 0.7787757000000001, 0.7667320000000001, 0.6818205, 0.9720705000000001, 0.6469385000000001, 0.7848989000000001, 0.5974919, 0.7710558000000001, 0.9858059000000001, 0.7026978, 0.9000702, 0.9609791, 0.6526602, 0.8377797, 0.6089301, 0.5622261000000001, 0.6219228000000001, 0.657958, 0.7216395000000001, 0.6856080000000001, 0.505314, 0.6929694, 0.7110732, 0.8739036000000001, 0.6467071, 0.6150759, 0.5560048000000001, 0.7266804, 0.710863, 0.6062375000000001, 0.5553367, 0.675211, 0.8018194, 0.9852054000000001, 0.4031053, 0.6282893, 0.6573418000000001, 0.4428014, 0.6391852, 0.7098917, 0.9203450000000001, 0.7763037, 1.019356, 0.7130338, 0.5621266, 0.9467239, 0.7554016};