name="iCMAES-ILS CEC13";
dim=10;
bound=0;
testID=22;
(*--------*)
min=40.885540000000006;
max=469.3544;
median=160.75330000000002;
mean=204.33932313725498;
std=110.52865095560732;
(*--------*)
data={250.8854, 135.71439999999998, 155.9602, 109.9944, 70.11228, 131.232, 157.32500000000002, 319.6913, 298.6476, 146.7786, 110.27100000000002, 411.3328, 211.618, 322.0673, 121.93400000000001, 113.6598, 254.73430000000002, 104.30330000000001, 145.8193, 241.5111, 150.1706, 87.32037, 118.784, 165.696, 313.26640000000003, 60.20964, 195.94, 168.7188, 353.22650000000004, 166.981, 469.3544, 381.0892, 439.2133, 86.70814999999999, 115.43190000000001, 393.1207, 134.2895, 131.5442, 40.885540000000006, 454.90630000000004, 160.75330000000002, 200.00589999999997, 159.1593, 121.8098, 136.5429, 244.8305, 363.9117, 188.6704, 242.1364, 211.1663, 151.87040000000002};