name="iCMAES-ILS CEC13";
dim=10;
bound=4;
testID=12;
(*--------*)
min=1.468945*^-9;
max=1.989918;
median=7.455408*^-9;
mean=0.16293281577616298;
std=0.4614661947968961;
(*--------*)
data={6.816816000000001*^-9, 4.004400000000001*^-9, 8.261871*^-9, 6.260249*^-9, 7.546952000000001*^-9, 9.940052*^-9, 7.836856*^-9, 0.00021241119999999998, 0.9949591, 6.429117*^-9, 6.424586*^-9, 9.255766*^-9, 6.449129*^-9, 6.2325700000000005*^-9, 6.7367780000000006*^-9, 0.34947510000000004, 6.431476*^-9, 8.314004*^-9, 4.199732*^-9, 0.9949591, 7.048268000000001*^-9, 7.455408*^-9, 0.9949591, 5.383913*^-9, 4.5114380000000005*^-9, 7.804238*^-9, 5.50449*^-9, 0.0002133841, 8.013724*^-9, 1.989918, 3.631535*^-9, 0.9949591, 9.133916*^-9, 9.196143*^-9, 7.338662000000001*^-9, 5.712220000000001*^-9, 5.078519*^-9, 7.563324*^-9, 8.731210000000001*^-9, 1.989918, 4.087769*^-9, 3.453343*^-8, 5.544832*^-9, 7.014886*^-9, 7.4387590000000006*^-9, 6.1829530000000006*^-9, 7.648625*^-9, 6.579885000000001*^-9, 8.008974*^-9, 1.468945*^-9, 7.527890000000001*^-9};