name="iCMAES-ILS CEC13";
dim=10;
bound=0;
testID=27;
(*--------*)
min=300.;
max=400.5033;
median=300.0017;
mean=343.6825078431373;
std=48.40815175278578;
(*--------*)
data={300.0017, 300., 300., 400.23470000000003, 300.0003, 400.3878, 400.4214, 300., 400.18, 400.42549999999994, 300., 400.27689999999996, 300., 349.6355, 300., 372.9207, 400.2389, 400.4459, 300.00100000000003, 300., 300.0014, 400.5033, 300., 300., 300., 400.20369999999997, 400.3927, 300., 400.2029, 400.42929999999996, 300.0571, 300., 300., 300., 400.31530000000004, 300., 300., 400.3713, 400.2448, 400.27819999999997, 300., 400.4194, 400.41679999999997, 300., 300., 300., 333.1849, 300.0002, 300., 400.2276, 365.38870000000003};