name="iCMAES-ILS CEC13";
dim=10;
bound=0;
testID=25;
(*--------*)
min=111.5488;
max=200.00490000000002;
median=200.;
mean=190.01723529411763;
std=25.607797936650663;
(*--------*)
data={200., 200., 200.0001, 200., 200., 200., 200., 200., 200., 200., 200., 200., 200.0001, 200., 200., 143.15869999999998, 200.00019999999998, 200., 200., 200., 200., 200., 116.1031, 200., 123.0622, 200., 200., 200., 200., 200., 200., 200., 200., 200., 200.00490000000002, 200., 200.0003, 200., 130.6182, 200., 200., 200., 111.5488, 140.8416, 200., 200., 200., 200.0001, 200., 200., 125.54069999999999};