name="iCMAES-ILS CEC13";
dim=10;
bound=3;
testID=6;
(*--------*)
min=2.413036*^-9;
max=9.897946;
median=8.678265*^-9;
mean=2.3935388568378664;
std=4.155286894116604;
(*--------*)
data={6.791628*^-9, 5.661474000000001*^-9, 4.255387*^-9, 9.812423, 8.341354000000002*^-9, 9.812423, 9.691024000000002*^-9, 9.812423, 8.678265*^-9, 5.474331*^-9, 9.812423, 1.576042, 2.413036*^-9, 0.00047065700000000003, 6.098428*^-9, 9.812423, 6.611287*^-9, 9.21544*^-9, 5.980049*^-9, 9.812423, 9.850151, 9.812423, 8.404031*^-9, 9.897946, 3.4632820000000003*^-9, 7.914162000000001*^-9, 9.812423, 7.986353000000001*^-9, 6.347945000000001*^-9, 1.8126759999999998*^-7, 6.5490210000000005*^-9, 4.936545*^-9, 1.829165, 9.326039, 0.02933255, 0.1963908, 8.145869*^-9, 7.342342000000001*^-9, 6.564495000000001*^-9, 9.179148*^-9, 7.788945*^-9, 5.492871*^-9, 8.224799000000001*^-9, 2.827178*^-7, 3.5049100000000005*^-9, 2.645664*^-8, 9.812423, 1.053137, 9.980072*^-9, 5.876875*^-9, 4.375781*^-9};