name="iCMAES-ILS CEC13";
dim=10;
bound=0;
testID=26;
(*--------*)
min=103.9798;
max=126.88919999999999;
median=117.9354;
mean=116.17196078431374;
std=6.046072119188733;
(*--------*)
data={111.9769, 122.9887, 114.9613, 109.10390000000001, 122.9085, 106.07, 119.9465, 119.94789999999999, 114.9467, 125.9188, 109.13390000000001, 117.9354, 117.0034, 104.0229, 119.95750000000001, 119.9821, 119.9379, 124.9212, 125.9831, 108.02380000000001, 113.1289, 113.7773, 107.04560000000001, 120.9554, 112.01559999999999, 113.0104, 105.9698, 119.9248, 126.88919999999999, 109.02000000000001, 121.9314, 119.941, 117.96809999999999, 118.92039999999999, 112.00829999999999, 113.9453, 113.9658, 122.90369999999999, 113.09070000000001, 115.0405, 118.97500000000001, 117.9489, 121.946, 115.02270000000001, 112.9587, 120.9369, 105.9833, 103.9798, 122.02619999999999, 119.91760000000001, 117.95230000000001};