name="iCMAES-ILS CEC13";
dim=10;
bound=0;
testID=18;
(*--------*)
min=10.41931;
max=12.849219999999999;
median=11.43626;
mean=11.453242156862746;
std=0.6031040348971767;
(*--------*)
data={11.304499999999999, 11.104099999999999, 11.09657, 11.10291, 11.29245, 11.95837, 11.17609, 12.262070000000001, 10.748230000000001, 11.04974, 10.639510000000001, 12.09019, 11.24891, 11.72872, 10.41931, 12.1593, 11.94113, 10.55111, 11.924999999999999, 11.628369999999999, 10.9948, 10.93683, 10.76363, 10.829310000000001, 11.92874, 10.9209, 11.51691, 11.63845, 11.49306, 11.438880000000001, 10.929009999999998, 11.704270000000001, 12.15566, 12.21254, 11.2043, 11.05227, 12.287870000000002, 11.81443, 11.49834, 10.629090000000001, 12.08051, 12.849219999999999, 10.78743, 10.86613, 12.363010000000001, 10.6923, 11.43626, 10.9683, 11.83784, 12.75104, 12.10744};