name="iCMAES-ILS CEC13";
dim=10;
bound=4;
testID=24;
(*--------*)
min=106.1932;
max=200.;
median=119.8078;
mean=131.283031372549;
std=30.363393684879764;
(*--------*)
data={119.6969, 121.46459999999999, 125.1319, 109.297, 124.65759999999999, 119.6692, 113.5915, 106.1932, 114.4244, 125.5339, 200., 125.74510000000001, 126.61789999999999, 200., 200., 112.1634, 119.75150000000001, 200., 118.6825, 122.52430000000001, 116.5888, 117.2171, 129.4307, 200., 119.1741, 120.59880000000001, 120.54199999999999, 114.5649, 116.3184, 122.2311, 200., 117.66730000000001, 115.50339999999998, 127.02850000000001, 116.82220000000001, 118.1246, 123.1838, 111.1143, 200., 113.5028, 109.7888, 119.8078, 112.00429999999999, 111.60719999999999, 200., 121.5266, 110.4713, 120.172, 125.39880000000001, 115.1534, 124.7467};