name="iCMAES-ILS CEC13";
dim=10;
bound=2;
testID=21;
(*--------*)
min=100.5492;
max=400.1939;
median=200.68990000000002;
mean=167.64662156862747;
std=83.9204765473679;
(*--------*)
data={100.61770000000001, 101.8011, 201.1228, 201.1316, 100.8659, 100.6365, 100.81, 100.9595, 201.0949, 100.8406, 201.0408, 201.2421, 100.8618, 400.1939, 200.9082, 100.87509999999999, 100.55879999999999, 201.092, 201.10660000000001, 400.1939, 201.1104, 200.87510000000003, 101.0098, 101.02180000000001, 102.0356, 100.8583, 101.05539999999999, 201.019, 200.8365, 202.2751, 100.5492, 100.8482, 100.87360000000001, 101.13019999999999, 100.7969, 101.0076, 100.82169999999999, 101.0099, 400.1939, 200.68990000000002, 201.2401, 100.8378, 400.1939, 201.0945, 201.1003, 201.68849999999998, 201.1584, 101.5736, 200.8416, 201.3385, 200.9386};