name="iCMAES-ILS CEC13";
dim=10;
bound=2;
testID=7;
(*--------*)
min=4.784197*^-9;
max=0.0000167518;
median=3.559308*^-7;
mean=2.0974494857450987*^-6;
std=4.106863832947553*^-6;
(*--------*)
data={6.771344*^-7, 8.555496*^-9, 7.421873*^-9, 3.5583239999999995*^-7, 3.565186*^-7, 8.901230999999999*^-9, 9.796547000000001*^-9, 8.416466*^-9, 7.778075000000001*^-9, 9.754764000000001*^-9, 8.952585*^-9, 2.834782*^-6, 3.561379*^-7, 1.445085*^-6, 0.00001214241, 0.000012136720000000002, 3.55906*^-7, 3.559308*^-7, 0.000012057260000000001, 8.727053*^-9, 7.821015000000001*^-9, 3.5634279999999997*^-7, 7.55108*^-9, 9.094048*^-9, 0.00001143646, 9.0072*^-9, 2.8362189999999995*^-6, 8.270274*^-6, 9.035897*^-6, 5.938917*^-9, 9.487604*^-9, 5.196138*^-6, 9.767897*^-9, 3.560312*^-7, 2.8355579999999997*^-6, 3.567889*^-7, 1.655917*^-6, 2.836286*^-6, 3.5604079999999994*^-7, 8.561833*^-9, 3.559983*^-7, 3.563044*^-7, 7.986305*^-9, 0.0000167518, 6.6708360000000005*^-9, 9.630895000000002*^-9, 7.980754*^-9, 4.784197*^-9, 8.992102*^-9, 3.560226*^-7, 3.565499*^-7};