name="iCMAES-ILS CEC13";
dim=10;
bound=2;
testID=2;
(*--------*)
min=2.4750090000000002*^-9;
max=7.850958*^-9;
median=4.956466*^-9;
mean=5.0036337450980396*^-9;
std=1.2390167262603816*^-9;
(*--------*)
data={6.515065*^-9, 5.297686*^-9, 6.999717000000001*^-9, 4.734949000000001*^-9, 4.246273000000001*^-9, 3.2096100000000005*^-9, 5.97086*^-9, 3.358271*^-9, 5.65504*^-9, 5.851706000000001*^-9, 5.817364000000001*^-9, 3.778499*^-9, 7.3672820000000005*^-9, 3.874671*^-9, 3.512136*^-9, 5.640609000000001*^-9, 6.036394*^-9, 7.326398000000001*^-9, 5.251581*^-9, 5.99438*^-9, 6.170102*^-9, 5.453570000000001*^-9, 2.4750090000000002*^-9, 2.7767270000000005*^-9, 3.6993910000000003*^-9, 6.900363*^-9, 5.851627*^-9, 4.481044*^-9, 5.171648*^-9, 4.956466*^-9, 5.7433660000000006*^-9, 5.303528*^-9, 3.685618*^-9, 4.728113*^-9, 4.371419*^-9, 4.7114220000000005*^-9, 6.050212*^-9, 4.589901000000001*^-9, 5.145275*^-9, 4.499712*^-9, 5.930729000000001*^-9, 3.373319*^-9, 4.570269*^-9, 3.844301*^-9, 2.7587280000000002*^-9, 4.706189000000001*^-9, 4.378173000000001*^-9, 4.602924*^-9, 7.850958*^-9, 5.1285320000000005*^-9, 4.838195*^-9};