name="iCMAES-ILS CEC13";
dim=10;
bound=1;
testID=22;
(*--------*)
min=55.86167;
max=528.9736;
median=146.0956;
mean=191.32885862745107;
std=113.13440386336435;
(*--------*)
data={122.1253, 124.3723, 145.06289999999998, 137.066, 55.86167, 200.5652, 109.89670000000001, 148.8823, 146.0956, 135.3731, 251.07689999999997, 59.010639999999995, 287.51120000000003, 528.9736, 382.5421, 136.5936, 138.25549999999998, 138.7979, 163.8126, 132.1941, 422.7325000000001, 130.0837, 149.595, 112.0094, 405.701, 107.65039999999999, 130.2238, 176.22390000000001, 161.2801, 139.59040000000002, 150.7233, 170.8539, 111.3414, 411.7134, 213.23579999999998, 116.01010000000001, 320.72020000000003, 147.9829, 79.16868, 199.98530000000002, 162.4388, 146.4905, 131.6369, 230.88600000000002, 130.1074, 140.2234, 124.35099999999998, 256.7737, 520.493, 397.34590000000003, 116.1308};