name="iCMAES-ILS CEC13";
dim=10;
bound=0;
testID=14;
(*--------*)
min=0.24981779999999998;
max=196.07920000000001;
median=11.89198;
mean=26.819624668627444;
std=44.86183213984864;
(*--------*)
data={7.017285, 11.89198, 12.01689, 18.65945, 15.4943, 15.05712, 0.43718110000000004, 10.24488, 6.829921, 25.118779999999997, 11.704619999999998, 23.65905, 26.9491, 3.602324, 3.477415, 12.01689, 149.8059, 7.079739, 7.079739, 0.24981779999999998, 23.65905, 7.017285, 15.30694, 3.727233, 3.602324, 6.95483, 11.89198, 15.11958, 36.76095, 3.852142, 25.18124, 13.534930000000001, 3.727233, 18.47208, 196.07920000000001, 3.602324, 3.602324, 0.3122722, 3.664778, 131.6914, 11.76707, 15.244489999999999, 25.18124, 7.079739, 3.664778, 166.9949, 76.62872, 28.471289999999996, 126.05900000000001, 6.767467, 3.789687};