name="iCMAES-ILS CEC13";
dim=10;
bound=3;
testID=23;
(*--------*)
min=7.323299;
max=693.7445;
median=31.28587;
mean=77.13748023529412;
std=142.90509555135438;
(*--------*)
data={17.39347, 40.94157, 22.53389, 92.55507, 7.323299, 40.7613, 95.29223999999999, 16.565939999999998, 18.413980000000002, 421.0414, 21.28384, 20.067529999999998, 20.856880000000004, 54.32682, 42.858270000000005, 589.7637, 28.429289999999998, 16.19866, 28.2303, 693.7445, 35.71079, 8.102573, 22.41592, 19.290210000000002, 23.775309999999998, 13.3352, 31.28587, 56.4911, 23.92099, 476.67080000000004, 27.45101, 34.04753, 20.58449, 23.047019999999996, 82.71853, 27.46179, 47.09701, 84.53328, 35.23739, 15.85063, 31.59806, 55.10007, 31.91734, 56.74077, 63.775890000000004, 21.6087, 19.237470000000002, 79.73877, 28.08547, 65.25088, 83.34868};