name="iCMAES-ILS CEC13";
dim=10;
bound=1;
testID=15;
(*--------*)
min=0.24981779999999998;
max=775.4088;
median=12.07934;
mean=45.81631367647058;
std=112.9616510276369;
(*--------*)
data={7.017285, 26.88665, 43.465959999999995, 775.4088, 3.414961, 3.53987, 7.142194, 6.892376, 133.4851, 6.892376, 26.9491, 3.727233, 12.07934, 0.3747266, 134.0103, 0.24981779999999998, 25.24369, 6.829921, 31.69889, 31.88625, 137.0978, 3.789687, 26.9491, 7.079739, 3.602324, 6.95483, 0.43718110000000004, 125.78309999999999, 15.244489999999999, 11.95443, 15.18203, 6.829921, 3.602324, 25.05633, 3.664778, 137.5502, 12.07934, 126.905, 0.56209, 151.3737, 3.727233, 10.24488, 31.823800000000002, 43.590869999999995, 15.244489999999999, 28.471289999999996, 15.30694, 6.892376, 3.602324, 31.823800000000002, 37.01076};