name="iCMAES-ILS CEC13";
dim=10;
bound=3;
testID=18;
(*--------*)
min=10.1583;
max=13.60563;
median=11.33383;
mean=11.444348431372552;
std=0.7126274540554062;
(*--------*)
data={10.4624, 10.782499999999999, 11.811160000000001, 11.97617, 11.12722, 12.3826, 11.394979999999999, 10.74565, 12.15966, 12.3789, 10.4285, 10.75242, 11.00097, 11.832089999999999, 11.14338, 11.39957, 10.5495, 11.0885, 12.182649999999999, 11.38739, 10.51511, 12.099720000000001, 11.936169999999999, 10.84373, 10.1583, 11.26126, 10.765830000000001, 11.67483, 11.676269999999999, 10.978000000000002, 12.18199, 11.035969999999999, 12.51941, 12.696639999999999, 11.649259999999998, 11.28616, 12.6996, 12.20105, 11.128610000000002, 11.33314, 11.56294, 10.67174, 11.347370000000002, 10.68473, 10.72114, 11.586479999999998, 11.21087, 13.60563, 11.33383, 12.19919, 11.11059};