name="iCMAES-ILS CEC13";
dim=10;
bound=2;
testID=19;
(*--------*)
min=0.28801230000000005;
max=0.9794675;
median=0.7004716000000001;
mean=0.7033125235294118;
std=0.1565224917061693;
(*--------*)
data={0.7130752, 0.6839663, 0.28801230000000005, 0.5622523, 0.6606507, 0.8837453000000001, 0.6469385000000001, 0.7145030000000001, 0.8264168000000001, 0.9199306, 0.7023942000000001, 0.7069181000000001, 0.7297437000000001, 0.9449367000000001, 0.7445676, 0.6947121, 0.6409939, 0.9755136000000001, 0.6824737000000001, 0.7388403000000001, 0.6547603, 0.7891976, 0.9600477000000001, 0.5175846000000001, 0.5823576, 0.6192350000000001, 0.8949482, 0.4712965, 0.7653328, 0.7004716000000001, 0.7608685000000001, 0.5102006, 0.492948, 0.8789168, 0.6106935, 0.7119254, 0.5320241, 0.542555, 0.9648602000000001, 0.9479407000000001, 0.6842879000000001, 0.9794675, 0.9276778000000001, 0.4856376, 0.7252588000000001, 0.6500329, 0.45835359999999997, 0.5794894, 0.6544265, 0.6543984, 0.7011587};