name="iCMAES-ILS CEC13";
dim=10;
bound=4;
testID=3;
(*--------*)
min=4.212429*^-9;
max=9.136489*^-8;
median=8.497581000000001*^-9;
mean=9.747815215686274*^-9;
std=1.1962533993583747*^-8;
(*--------*)
data={8.117530000000001*^-9, 4.296794000000001*^-9, 7.980393*^-9, 6.172003000000001*^-9, 8.764194*^-9, 4.868537*^-9, 8.591821*^-9, 7.835754*^-9, 8.773538000000001*^-9, 7.833756000000001*^-9, 8.797705*^-9, 5.317393*^-9, 8.497581000000001*^-9, 6.903556*^-9, 2.3791630000000003*^-8, 9.139474*^-9, 9.686911*^-9, 7.2458200000000005*^-9, 6.946356*^-9, 8.39549*^-9, 9.375431000000001*^-9, 4.493155*^-9, 4.957102*^-9, 8.754164*^-9, 8.7417*^-9, 8.560415000000002*^-9, 8.66074*^-9, 9.645869*^-9, 7.752204000000001*^-9, 9.24968*^-9, 6.5592*^-9, 8.910186*^-9, 6.01666*^-9, 9.281037*^-9, 4.212429*^-9, 9.269243*^-9, 7.368157000000001*^-9, 8.891306*^-9, 9.403472000000001*^-9, 8.640075*^-9, 9.136489*^-8, 8.014753000000002*^-9, 8.068695*^-9, 8.629198000000001*^-9, 8.717609*^-9, 7.885047000000001*^-9, 5.9005130000000005*^-9, 7.018608000000001*^-9, 9.349442*^-9, 6.698319*^-9, 8.793041000000001*^-9};