name="iCMAES-ILS CEC13";
dim=10;
bound=1;
testID=10;
(*--------*)
min=2.63937*^-9;
max=7.564879000000001*^-9;
median=5.304755000000001*^-9;
mean=5.192601764705883*^-9;
std=1.1931176340863224*^-9;
(*--------*)
data={2.63937*^-9, 5.870502*^-9, 5.658605*^-9, 6.512271*^-9, 4.654192000000001*^-9, 5.913671*^-9, 4.778516*^-9, 4.517909*^-9, 5.304755000000001*^-9, 6.06853*^-9, 3.015984*^-9, 7.123972000000001*^-9, 5.951419*^-9, 6.530774000000001*^-9, 4.110677*^-9, 7.169333000000001*^-9, 5.191896*^-9, 3.923491*^-9, 6.510880000000001*^-9, 3.944364000000001*^-9, 7.215941*^-9, 5.266222*^-9, 4.124846*^-9, 4.827488*^-9, 5.444185*^-9, 5.504379*^-9, 5.180863*^-9, 7.564879000000001*^-9, 7.020337*^-9, 6.0585530000000005*^-9, 5.011163*^-9, 4.778639*^-9, 6.0191520000000005*^-9, 3.844244*^-9, 4.62575*^-9, 6.108507000000001*^-9, 6.487196*^-9, 4.056312*^-9, 5.991899*^-9, 5.550542000000001*^-9, 2.872886*^-9, 3.30072*^-9, 4.5035260000000004*^-9, 4.061943*^-9, 5.578871000000001*^-9, 4.770190000000001*^-9, 3.5090490000000005*^-9, 3.7191060000000004*^-9, 5.372001*^-9, 5.680233000000001*^-9, 5.381957*^-9};