name="iCMAES-ILS CEC13";
dim=10;
bound=1;
testID=8;
(*--------*)
min=20.;
max=20.46128;
median=20.355729999999998;
mean=20.340319607843135;
std=0.09339030345728175;
(*--------*)
data={20.208270000000002, 20.39144, 20.34808, 20.35072, 20.44139, 20.334609999999998, 20.407220000000002, 20.45525, 20.4447, 20.44468, 20.342869999999998, 20.44514, 20.34424, 20.42297, 20.074469999999998, 20.261680000000002, 20.41641, 20.4103, 20.40165, 20.378980000000002, 20.180349999999997, 20.31301, 20.30013, 20.40566, 20.46128, 20.326430000000002, 20.28546, 20.303779999999996, 20., 20.44688, 20.34677, 20.366010000000003, 20.23854, 20.2395, 20.38015, 20.355729999999998, 20.36959, 20.38951, 20.36665, 20.2911, 20.18144, 20.37055, 20.356679999999997, 20.42704, 20.2669, 20.26792, 20.35294, 20.352619999999998, 20.36289, 20.33952, 20.3862};