name="iCMAES-ILS CEC13";
dim=10;
bound=1;
testID=19;
(*--------*)
min=0.35075;
max=1.040402;
median=0.6919622000000001;
mean=0.7110819509803922;
std=0.13543394281633594;
(*--------*)
data={1.040402, 0.5524048, 0.6847919, 0.7714826000000001, 0.7724558, 0.9653827, 0.7108523, 0.6606507, 0.6815082000000001, 0.7302352000000001, 0.7226593000000001, 0.6664026000000001, 0.6436952, 0.4771155, 0.6728640000000001, 0.6575827000000001, 0.7384234000000001, 0.7019632, 0.7045714000000001, 0.7353477, 0.5996148, 0.6688682, 0.6526264, 0.6704477, 0.764293, 0.6088858, 0.6839559000000001, 0.5870651, 0.8335916, 0.8871083000000001, 0.9719258000000001, 0.6869292, 0.5181032, 0.9060981, 0.4890807, 0.7038277000000001, 0.7054116, 0.6755079, 0.7032795000000001, 0.5154388, 0.7016917, 0.9163529000000001, 0.8384575999999999, 0.7826565000000001, 0.7967133, 0.6828918, 0.6713542000000001, 0.6919622000000001, 1.038381, 0.35075, 0.6711178000000001};