name="iCMAES-ILS CEC13";
dim=10;
bound=3;
testID=7;
(*--------*)
min=5.384389*^-9;
max=0.00001655622;
median=3.5609459999999997*^-7;
mean=2.49985412427451*^-6;
std=4.350302001542144*^-6;
(*--------*)
data={5.71462*^-6, 6.6462260000000005*^-9, 3.59421*^-7, 3.560242*^-7, 2.8344239999999997*^-6, 8.207446*^-9, 2.837291*^-6, 3.56256*^-7, 8.616721*^-9, 9.412195000000001*^-9, 3.5604809999999995*^-7, 2.839016*^-6, 0.00001213706, 3.5598289999999997*^-7, 3.561954*^-7, 2.839078*^-6, 9.349929*^-9, 7.912169*^-9, 3.564709*^-7, 1.427302*^-6, 9.921894*^-9, 3.5693679999999995*^-7, 0.00001655622, 9.267091*^-9, 8.733052000000001*^-9, 8.271635*^-6, 3.5584220000000003*^-7, 9.003971*^-6, 9.266531*^-9, 9.098579*^-9, 3.0948889999999997*^-6, 5.384389*^-9, 0.000012136180000000001, 9.705402*^-9, 3.5609459999999997*^-7, 6.287238000000001*^-9, 3.5627469999999995*^-7, 0.000012137400000000002, 3.561969*^-7, 0.000012102720000000002, 9.450328*^-9, 0.00001213574, 8.013764*^-9, 9.694924*^-9, 3.563998*^-7, 3.69185*^-7, 5.201831999999999*^-6, 3.5590719999999997*^-7, 3.5595659999999997*^-7, 6.975360000000001*^-9, 3.560468*^-7};