name="iCMAES-ILS CEC13";
dim=10;
bound=1;
testID=12;
(*--------*)
min=2.8827710000000003*^-9;
max=0.9949591;
median=8.086978000000001*^-9;
mean=0.19510797564212384;
std=0.39894895954627907;
(*--------*)
data={7.58875*^-9, 3.186644*^-9, 0.9949591, 8.086978000000001*^-9, 0.9949591, 4.815699000000001*^-9, 6.286369*^-9, 8.563254000000002*^-9, 0.9949591, 0.000054912400000000006, 8.685588*^-9, 9.740222*^-9, 5.529431*^-9, 0.9949591, 4.260304*^-9, 0.9949591, 8.502979*^-9, 0.0008582085, 4.772139*^-8, 6.1006790000000006*^-9, 7.52774*^-9, 8.548098*^-9, 0.9949591, 4.074329*^-9, 6.203885*^-9, 5.319673*^-9, 8.184071*^-9, 4.283654*^-9, 5.356959*^-9, 9.733413000000001*^-9, 0.9949591, 7.997238*^-9, 6.501653*^-9, 2.272631*^-6, 9.537030000000001*^-9, 6.029575000000001*^-9, 2.8827710000000003*^-9, 6.142025000000001*^-9, 7.1717820000000005*^-9, 7.267448*^-9, 0.9949591, 5.549975*^-9, 7.523049000000001*^-8, 3.2652560000000003*^-9, 8.020683000000001*^-9, 0.9949591, 7.617401*^-9, 9.495867000000002*^-9, 0.9949591, 4.048769*^-9, 9.159242*^-9};