name="iCMAES-ILS CEC13";
dim=10;
bound=3;
testID=14;
(*--------*)
min=19.12095;
max=454.39290000000005;
median=186.7812;
mean=194.38229627450977;
std=86.08879223432157;
(*--------*)
data={19.12095, 92.34123, 142.6489, 180.8837, 157.1122, 222.3346, 69.17689, 241.1964, 204.48010000000002, 163.76649999999998, 126.905, 137.5496, 169.2667, 187.9837, 60.18748000000001, 118.49780000000001, 148.02120000000002, 186.7812, 155.4368, 269.6931, 257.0479, 125.3307, 291.46610000000004, 198.7586, 228.28629999999998, 42.98977, 129.0257, 159.8313, 344.2917, 270.1395, 156.6192, 264.6485, 189.0975, 301.2768, 207.55469999999997, 265.0774, 74.31202, 171.3389, 90.62307000000001, 134.0103, 383.5782, 454.39290000000005, 172.744, 237.5746, 240.1058, 253.89560000000003, 158.836, 269.4935, 306.8977, 225.02849999999998, 255.8403};