name="iCMAES-ILS CEC13";
dim=10;
bound=3;
testID=1;
(*--------*)
min=2.4422020000000003*^-9;
max=8.328504*^-9;
median=4.961458000000001*^-9;
mean=4.913224784313726*^-9;
std=1.2094553128143148*^-9;
(*--------*)
data={4.7444810000000005*^-9, 4.986258*^-9, 4.3854970000000005*^-9, 5.053513*^-9, 4.192394*^-9, 6.971028*^-9, 3.7651670000000004*^-9, 4.795496*^-9, 3.731176*^-9, 4.9307200000000005*^-9, 5.325160000000001*^-9, 4.208228*^-9, 5.936118*^-9, 5.4904330000000006*^-9, 4.385583*^-9, 5.984672*^-9, 5.423675000000001*^-9, 6.916111*^-9, 6.796003*^-9, 6.375976*^-9, 8.328504*^-9, 4.487337000000001*^-9, 3.554416*^-9, 5.5510420000000005*^-9, 2.4819110000000005*^-9, 6.316355*^-9, 3.6861920000000003*^-9, 5.0100670000000005*^-9, 3.067377*^-9, 5.221127*^-9, 6.165339000000001*^-9, 5.288159000000001*^-9, 4.632391*^-9, 4.4018840000000006*^-9, 4.916582*^-9, 5.373059*^-9, 4.060699*^-9, 6.8496560000000005*^-9, 5.895763*^-9, 2.4422020000000003*^-9, 3.787859*^-9, 5.349172000000001*^-9, 2.9844900000000003*^-9, 3.807221000000001*^-9, 5.603078000000001*^-9, 5.080825000000001*^-9, 4.961458000000001*^-9, 5.386605*^-9, 3.421898*^-9, 3.729211*^-9, 4.3348959999999995*^-9};