name="iCMAES-ILS CEC13";
dim=10;
bound=3;
testID=17;
(*--------*)
min=10.22992;
max=24.654120000000002;
median=11.16592;
mean=11.578451568627449;
std=1.9612730722684926;
(*--------*)
data={10.686169999999999, 11.07715, 11.57873, 10.88259, 11.125240000000002, 10.83399, 12.21527, 11.064240000000002, 12.941469999999999, 11.13176, 11.577219999999999, 11.72333, 11.57536, 10.69401, 11.01186, 11.182110000000002, 12.505139999999999, 10.22992, 11.40638, 11.09364, 10.848519999999999, 11.39445, 11.10101, 10.959159999999999, 12.116039999999998, 11.553640000000001, 11.98594, 11.508719999999999, 10.61506, 11.07578, 10.61774, 12.342120000000001, 11.00116, 10.64687, 11.11979, 12.90524, 11.42965, 11.19448, 10.75377, 10.939060000000001, 11.52469, 11.61761, 10.77173, 24.654120000000002, 11.16592, 11.55295, 10.582130000000001, 11.85642, 12.17665, 11.414869999999999, 10.54016};