name="iCMAES-ILS CEC13";
dim=10;
bound=1;
testID=16;
(*--------*)
min=7.618652*^-9;
max=1.027185;
median=0.34690470000000007;
mean=0.36440700344496735;
std=0.2970146182412247;
(*--------*)
data={0.829284, 0.3112355, 0.34690470000000007, 0.01692723, 0.8904879, 9.357848000000001*^-9, 0.9270119, 0.1621459, 0.7930673, 0.4623785, 0.13871350000000002, 7.618652*^-9, 0.4661771, 0.6366879000000001, 0.07624141, 0.41863520000000004, 0.01967, 1.027185, 0.08352257, 0.2278142, 0.41386320000000004, 0.07490523, 0.5379988, 0.5178573000000001, 0.396008, 0.01511876, 0.10933910000000001, 0.7559389000000001, 0.271798, 0.20374970000000003, 0.6562249000000001, 0.1301759, 0.01511876, 0.02630564, 0.6950822, 0.5583188, 0.1121635, 9.414500000000001*^-9, 0.304425, 0.3587558, 0.9112752000000001, 0.376061, 0.4245907, 0.6936903000000001, 0.5850896, 0.6074143000000001, 0.07589496999999999, 0.05468267, 0.3321754, 0.5366457, 9.302335*^-9};