name="iCMAES-ILS CEC13";
dim=10;
bound=2;
testID=22;
(*--------*)
min=6.725474;
max=539.7712;
median=24.6333;
mean=112.90814888235296;
std=155.84060436806507;
(*--------*)
data={20.35167, 46.44953, 17.87535, 42.267289999999996, 18.40735, 236.7453, 447.8081, 14.35974, 43.194109999999995, 48.76535, 264.1436, 23.246560000000002, 251.3674, 15.342020000000002, 6.725474, 18.07696, 18.146720000000002, 539.7712, 13.977329999999998, 18.08087, 11.9312, 15.925180000000001, 382.4749, 34.29738, 19.5919, 246.44370000000004, 464.6041, 8.904819, 19.71753, 19.30525, 16.59146, 18.2995, 11.97392, 17.86967, 114.74260000000001, 219.56199999999998, 366.6324, 22.712059999999997, 262.7004, 16.57989, 31.59738, 19.26059, 25.55056, 405.6672, 48.43055, 23.783789999999996, 40.77858, 158.2187, 529.0629, 55.37026, 24.6333};