name="iCMAES-ILS CEC13";
dim=10;
bound=4;
testID=22;
(*--------*)
min=8.904819;
max=396.1838;
median=37.00083;
mean=53.69606880392156;
std=68.07574682160988;
(*--------*)
data={36.717349999999996, 22.93377, 24.41298, 396.1838, 66.48278, 18.507929999999998, 20.329100000000004, 71.93146, 59.27976, 38.831540000000004, 16.45241, 47.12549, 22.736610000000002, 37.7999, 57.12583000000001, 84.58544, 48.85766, 33.59356, 90.67496, 11.02228, 53.46124, 43.46754, 44.17561, 314.7163, 72.90642, 32.2684, 16.72394, 33.09432, 52.062400000000004, 29.750860000000003, 177.625, 29.313299999999998, 48.90117, 19.12877, 19.35223, 67.76844, 13.689340000000001, 37.27051, 23.20605, 23.488760000000003, 24.433690000000002, 37.00083, 8.904819, 16.22775, 25.759880000000003, 67.91331, 66.44, 12.79767, 26.78981, 51.95132, 42.32522};