name="iCMAES-ILS CEC13";
dim=10;
bound=4;
testID=10;
(*--------*)
min=1.9992180000000002*^-9;
max=7.844746*^-9;
median=5.576683000000001*^-9;
mean=5.271884529411763*^-9;
std=1.4249328507219188*^-9;
(*--------*)
data={6.1826700000000005*^-9, 5.771614*^-9, 5.942602*^-9, 3.730645000000001*^-9, 3.622348*^-9, 6.14485*^-9, 7.485421*^-9, 5.669015*^-9, 3.6808180000000003*^-9, 6.392419000000001*^-9, 7.139982000000001*^-9, 2.3231660000000003*^-9, 4.625955000000001*^-9, 4.665055*^-9, 5.490569*^-9, 6.276402*^-9, 6.564776000000001*^-9, 5.418673*^-9, 2.4510920000000003*^-9, 7.790899*^-9, 4.343604*^-9, 1.9992180000000002*^-9, 4.4990940000000005*^-9, 7.844746*^-9, 5.832222*^-9, 5.847171000000001*^-9, 5.576683000000001*^-9, 3.6513570000000004*^-9, 4.019783000000001*^-9, 5.911247000000001*^-9, 4.525766*^-9, 3.672994*^-9, 6.1756660000000004*^-9, 3.6069850000000002*^-9, 5.091289*^-9, 4.432721*^-9, 5.529513*^-9, 3.939308*^-9, 6.5179390000000004*^-9, 6.453834*^-9, 4.2995460000000005*^-9, 4.866302000000001*^-9, 5.911196*^-9, 2.65934*^-9, 5.022421*^-9, 6.339701*^-9, 6.128968000000001*^-9, 6.9043330000000004*^-9, 6.1421040000000006*^-9, 6.706759*^-9, 7.0453300000000005*^-9};