name="iCMAES-ILS CEC13";
dim=10;
bound=1;
testID=24;
(*--------*)
min=108.1154;
max=200.07700000000003;
median=120.6588;
mean=138.1265019607843;
std=35.25298643451071;
(*--------*)
data={136.0722, 200., 200., 119.9324, 118.1303, 118.51039999999999, 111.9221, 130.4752, 119.53670000000001, 200.07700000000003, 120.6588, 126.4743, 132.4338, 129.14079999999998, 117.51320000000001, 200., 108.72170000000001, 114.4253, 133.6932, 119.1611, 200., 124.6086, 200., 116.48559999999999, 125.6996, 124.7873, 111.5412, 110.0439, 108.1154, 200., 110.0115, 111.00460000000001, 125.8796, 200., 200., 112.77980000000001, 114.0887, 200.0001, 112.5095, 116.33720000000001, 112.15809999999999, 200., 124.47019999999999, 125.3764, 121.98899999999999, 116.9927, 118.1782, 113.25480000000002, 119.36059999999999, 111.90050000000001, 200.};