name="iCMAES-ILS CEC13";
dim=10;
bound=3;
testID=4;
(*--------*)
min=2.1114130000000004*^-9;
max=7.606328*^-9;
median=5.620438000000001*^-9;
mean=5.324017274509804*^-9;
std=1.30116308745353*^-9;
(*--------*)
data={5.839125*^-9, 6.250863*^-9, 5.620438000000001*^-9, 6.040828000000001*^-9, 6.863084*^-9, 5.2774820000000005*^-9, 3.7719090000000006*^-9, 5.113818*^-9, 6.702269000000001*^-9, 6.267995*^-9, 2.1114130000000004*^-9, 3.963411*^-9, 4.483236*^-9, 6.637585*^-9, 5.059887*^-9, 5.7155690000000004*^-9, 4.510585*^-9, 6.986455000000001*^-9, 5.7746240000000005*^-9, 3.69167*^-9, 5.944067000000001*^-9, 3.251824*^-9, 6.2523740000000004*^-9, 4.735773000000001*^-9, 3.692017*^-9, 7.2856750000000005*^-9, 2.578024*^-9, 4.869718*^-9, 3.960793*^-9, 5.7941740000000005*^-9, 6.836341*^-9, 4.113513000000001*^-9, 5.333016*^-9, 3.806505*^-9, 5.513137000000001*^-9, 5.437806000000001*^-9, 4.224301*^-9, 5.085806*^-9, 2.79663*^-9, 6.4929840000000005*^-9, 6.355778*^-9, 6.508518*^-9, 6.663257*^-9, 5.5435270000000005*^-9, 6.641870000000001*^-9, 7.606328*^-9, 5.909208*^-9, 5.814729*^-9, 5.723932*^-9, 6.564679000000001*^-9, 3.506331*^-9};