name="iCMAES-ILS CEC13";
dim=10;
bound=0;
testID=17;
(*--------*)
min=3.312889;
max=12.64464;
median=11.10661;
mean=11.016167039215686;
std=1.246730325477117;
(*--------*)
data={10.53298, 11.443259999999999, 10.878829999999999, 3.312889, 11.214329999999999, 11.83171, 10.907359999999999, 10.95696, 10.565949999999999, 11.96484, 10.679540000000001, 11.54573, 11.44728, 10.41982, 10.916239999999998, 10.530170000000002, 11.803220000000001, 11.10704, 11.03024, 12.02475, 11.724779999999999, 12.634170000000001, 11.196900000000001, 10.421009999999999, 10.69893, 10.96261, 11.2002, 10.33086, 11.20748, 12.64464, 11.229370000000001, 10.509079999999999, 11.685220000000001, 10.71611, 10.948519999999998, 11.74545, 10.934740000000001, 11.26859, 12.293140000000001, 11.2652, 11.10661, 10.85118, 11.643810000000002, 10.70756, 11.377839999999999, 10.51386, 10.380529999999998, 11.2729, 10.49876, 12.223230000000001, 10.518099999999999};