name="iCMAES-ILS CEC13";
dim=10;
bound=3;
testID=12;
(*--------*)
min=4.201978000000001*^-9;
max=0.9949608;
median=7.963835000000001*^-9;
mean=0.14146330642601654;
std=0.34555860873071176;
(*--------*)
data={5.27997*^-9, 5.5640140000000006*^-8, 7.146030999999999*^-7, 8.418881000000001*^-9, 7.4227350000000004*^-9, 7.808847*^-9, 8.411724000000001*^-9, 8.426083*^-9, 0.9949591, 6.2576390000000004*^-9, 6.588236000000001*^-9, 6.731595000000001*^-9, 8.484554*^-9, 7.313177*^-9, 2.046866*^-7, 7.237199000000001*^-9, 4.201978000000001*^-9, 7.1307490000000005*^-9, 6.766041000000001*^-9, 6.979159*^-9, 9.42047*^-9, 8.758002*^-9, 0.9949591, 0.0006597451, 6.0087130000000006*^-9, 9.741753*^-9, 7.091063000000001*^-9, 7.963835000000001*^-9, 5.991897*^-9, 0.9949591, 5.121123*^-9, 9.43123*^-9, 9.561925*^-9, 0.2480572, 5.378695*^-9, 4.69062*^-9, 7.736732*^-9, 8.494591*^-9, 5.803891*^-9, 0.9949591, 0.9949591, 1.82314*^-7, 7.032722*^-9, 0.9949608, 4.8553900000000005*^-9, 0.000030626810000000004, 6.1585*^-9, 6.311309*^-9, 0.9949591, 0.001164243, 6.561976*^-9};