name="iCMAES-ILS CEC13";
dim=10;
bound=3;
testID=15;
(*--------*)
min=0.2502262;
max=316.73589999999996;
median=126.9674;
mean=120.04764437843133;
std=49.79979515557401;
(*--------*)
data={138.5472, 148.02120000000002, 125.65820000000001, 3.53987, 138.4847, 119.0781, 126.905, 126.6552, 0.2502262, 122.43059999999998, 126.9674, 138.6096, 130.2054, 123.61489999999999, 126.84249999999999, 119.0781, 126.7176, 3.477415, 138.4222, 0.43718110000000004, 133.0889, 28.53375, 146.8993, 129.01069999999999, 316.73589999999996, 123.61489999999999, 122.49300000000001, 129.01069999999999, 128.9615, 123.61489999999999, 134.0728, 126.78009999999999, 130.1326, 123.61489999999999, 126.84249999999999, 130.07010000000002, 122.2432, 123.5525, 129.13559999999998, 138.4847, 138.5472, 133.1514, 126.78009999999999, 133.54749999999999, 130.2575, 137.4253, 140.1277, 162.95340000000002, 135.0697, 6.829921, 126.905};