name="iCMAES-ILS CEC13";
dim=10;
bound=2;
testID=17;
(*--------*)
min=10.397400000000001;
max=12.61445;
median=11.10821;
mean=11.151352156862744;
std=0.4957568676289364;
(*--------*)
data={10.4793, 10.93515, 11.19808, 11.375169999999999, 10.51928, 12.61445, 11.68685, 11.59457, 11.10821, 11.286259999999999, 11.568570000000001, 10.793429999999999, 10.517000000000001, 10.96741, 10.71671, 10.708219999999999, 11.16, 11.313580000000002, 11.148109999999999, 10.842220000000001, 11.717390000000002, 11.031880000000001, 11.02736, 11.08498, 10.85453, 11.127450000000001, 11.38249, 11.43112, 11.182879999999999, 11.0036, 12.023019999999999, 11.524859999999999, 12.37271, 11.09326, 10.6784, 11.49586, 10.472470000000001, 11.267959999999999, 11.812640000000002, 11.48819, 10.42591, 10.40831, 10.91838, 11.53341, 10.397400000000001, 10.71031, 10.83075, 10.650630000000001, 11.539280000000002, 10.867180000000001, 11.83178};