name="iCMAES-ILS CEC13";
dim=10;
bound=2;
testID=10;
(*--------*)
min=2.188263*^-9;
max=8.316696000000002*^-9;
median=5.2109070000000004*^-9;
mean=5.180830274509804*^-9;
std=1.5420983133233768*^-9;
(*--------*)
data={6.020718*^-9, 3.4879190000000006*^-9, 4.1121990000000004*^-9, 4.823609*^-9, 5.671199*^-9, 4.138749*^-9, 2.2626840000000003*^-9, 3.901821*^-9, 8.316696000000002*^-9, 4.847968*^-9, 6.562611000000001*^-9, 6.69078*^-9, 7.024686*^-9, 6.0355310000000005*^-9, 5.3746250000000006*^-9, 6.800894000000001*^-9, 6.748908*^-9, 7.067419000000001*^-9, 4.70452*^-9, 4.809347*^-9, 4.659238*^-9, 7.29221*^-9, 5.29331*^-9, 7.594785*^-9, 7.036954*^-9, 7.522089000000001*^-9, 5.1824280000000005*^-9, 4.362673*^-9, 7.116096*^-9, 2.478704*^-9, 7.042073*^-9, 5.6470430000000005*^-9, 4.604612000000001*^-9, 3.518251*^-9, 4.886741*^-9, 3.5381890000000003*^-9, 2.188263*^-9, 5.486039*^-9, 3.97753*^-9, 4.471527*^-9, 5.2109070000000004*^-9, 5.943035*^-9, 3.704122*^-9, 5.802648*^-9, 5.595295*^-9, 2.8886970000000005*^-9, 3.3625620000000002*^-9, 6.514253000000001*^-9, 3.947686*^-9, 2.330062*^-9, 5.621439*^-9};