name="iCMAES-ILS CEC13";
dim=10;
bound=4;
testID=7;
(*--------*)
min=5.455587000000001*^-9;
max=0.00022223460000000002;
median=3.5605069999999996*^-7;
mean=9.54298498098039*^-6;
std=0.00003362489663385155;
(*--------*)
data={8.986561999999999*^-9, 6.686352000000001*^-9, 9.512978*^-9, 3.3527799999999998*^-6, 2.8361719999999997*^-6, 8.298706*^-9, 0.000035076620000000004, 2.834124*^-6, 0.0000120572, 2.326229*^-6, 8.497926*^-9, 6.4772330000000005*^-9, 3.565507*^-7, 8.70872*^-9, 9.441176000000001*^-9, 9.609009000000001*^-9, 9.47034*^-9, 0.00022223460000000002, 6.847011*^-9, 5.455587000000001*^-9, 9.684339*^-9, 9.856385*^-9, 8.268309999999999*^-6, 2.836781*^-6, 3.564022*^-7, 3.558364*^-7, 9.415152*^-9, 4.4709490000000004*^-8, 0.00001214177, 3.5672169999999995*^-7, 3.562824*^-7, 3.5605069999999996*^-7, 6.956912000000001*^-9, 8.469953*^-9, 2.8384759999999998*^-6, 0.00001213867, 8.11573*^-9, 0.00001213488, 8.271602*^-6, 3.559327*^-7, 2.834204*^-6, 3.562341*^-7, 0.000012136570000000001, 0.0000304222, 2.834396*^-6, 2.8352539999999998*^-6, 0.00009320217, 8.203749000000001*^-9, 8.548791*^-9, 8.038153*^-9, 9.224876*^-9};