name="iCMAES-ILS CEC13";
dim=10;
bound=4;
testID=17;
(*--------*)
min=10.38355;
max=13.07653;
median=10.99337;
mean=11.244907843137257;
std=0.657217175041291;
(*--------*)
data={10.77555, 10.962, 12.00684, 10.99337, 10.79413, 11.55885, 10.52931, 10.78569, 10.8024, 10.8279, 11.039840000000002, 12.74588, 10.583070000000001, 10.55617, 12.146729999999998, 10.38355, 10.57266, 10.503409999999999, 11.748650000000001, 10.927480000000001, 11.90445, 11.103179999999998, 10.72279, 12.367410000000001, 10.92809, 11.183110000000001, 10.759049999999998, 10.947899999999999, 10.87678, 10.87265, 11.72005, 10.886510000000001, 12.081809999999999, 11.32451, 12.02033, 11.18409, 11.031839999999999, 12.148859999999999, 10.75029, 11.27847, 11.80306, 10.827670000000001, 10.80285, 10.65424, 10.6924, 11.132740000000002, 12.83782, 11.07583, 13.07653, 11.866760000000001, 11.384749999999999};