name="iCMAES-ILS CEC13";
dim=10;
bound=4;
testID=20;
(*--------*)
min=1.327706;
max=3.482333;
median=2.73485;
mean=2.613851921568628;
std=0.5963379740797946;
(*--------*)
data={3.349769, 1.327706, 2.913738, 3.199582, 3.459403, 2.951357, 2.192592, 2.73485, 2.780185, 1.466347, 2.473535, 3.080674, 2.383044, 3.358133, 1.541365, 3.482333, 1.657388, 2.312145, 3.164844, 3.471026, 3.468204, 2.887194, 2.762807, 1.689229, 2.294606, 2.002227, 2.207813, 3.318313, 2.424098, 2.898825, 3.384837, 3.090862, 3.088699, 3.10207, 3.297781, 1.772609, 2.827251, 1.953985, 1.940126, 2.519523, 2.892316, 3.050956, 2.348606, 1.791277, 2.499766, 2.062206, 2.229587, 2.224949, 2.650971, 2.746803, 2.577936};