name="iCMAES-ILS CEC13";
dim=10;
bound=4;
testID=2;
(*--------*)
min=2.060011*^-9;
max=7.789295000000001*^-9;
median=5.136477*^-9;
mean=5.12195337254902*^-9;
std=1.3788761178046848*^-9;
(*--------*)
data={5.934168*^-9, 4.653887*^-9, 7.162919*^-9, 5.136477*^-9, 2.967075*^-9, 5.488471*^-9, 5.810493*^-9, 6.602108000000001*^-9, 7.789295000000001*^-9, 5.172706*^-9, 5.517175*^-9, 4.992338*^-9, 4.243212*^-9, 4.60926*^-9, 7.455298*^-9, 5.727428*^-9, 5.986661*^-9, 4.557211*^-9, 4.571324*^-9, 7.695049000000001*^-9, 6.739528*^-9, 4.502507*^-9, 2.060011*^-9, 5.113649*^-9, 3.827933*^-9, 2.86516*^-9, 4.421604000000001*^-9, 5.142802*^-9, 6.2098980000000004*^-9, 5.337692*^-9, 2.9638620000000004*^-9, 6.595147*^-9, 6.318266000000001*^-9, 2.885515*^-9, 5.973657000000001*^-9, 4.6752880000000005*^-9, 3.82413*^-9, 3.50173*^-9, 2.8120130000000002*^-9, 5.880189*^-9, 3.4130720000000003*^-9, 6.814338000000001*^-9, 7.421426000000001*^-9, 4.289607*^-9, 5.815213*^-9, 4.554694*^-9, 5.651825*^-9, 4.1380730000000005*^-9, 4.659643*^-9, 6.086362*^-9, 4.652233*^-9};