name="iCMAES-ILS CEC13";
dim=10;
bound=3;
testID=19;
(*--------*)
min=0.38157040000000003;
max=1.08453;
median=0.6792021;
mean=0.6972502666666669;
std=0.13350949030941386;
(*--------*)
data={0.7780303000000001, 0.5963692, 0.8038161000000001, 0.9068508, 0.6573418000000001, 0.7450511, 0.7949444, 0.7781363, 0.7496155, 0.5344173, 0.6678592000000001, 0.4975102, 0.6840222, 0.9526178000000001, 0.5251266, 0.668429, 1.08453, 0.6467625, 0.4477809, 0.7141811, 0.6823123, 0.6565335000000001, 0.7039494000000001, 0.6792021, 0.6527228, 0.6760509, 0.8289846000000001, 0.5426133000000001, 0.6559583, 0.6440806000000001, 0.6786013, 0.4817906, 0.5117306, 0.7599142, 0.7625466000000001, 0.7807822, 0.6953675, 0.5718451, 0.6531787, 0.7658797, 0.6557734000000001, 0.7521854000000001, 0.38157040000000003, 0.9140184, 0.9109981, 0.6392635000000001, 0.6765429000000001, 0.7402992, 0.7949428000000001, 0.6089301, 0.8678028};