name="iCMAES-ILS CEC13";
dim=10;
bound=3;
testID=20;
(*--------*)
min=1.972032;
max=3.577033;
median=2.815649;
mean=2.814544901960783;
std=0.44425850499150854;
(*--------*)
data={2.028951, 3.013304, 2.701968, 2.821324, 3.388997, 3.298172, 2.272755, 3.115949, 2.089818, 3.185236, 2.563826, 2.975963, 2.710953, 1.999347, 2.377001, 2.793055, 3.541391, 2.660432, 3.154028, 2.64109, 2.36585, 3.083185, 3.094404, 2.755006, 2.995938, 3.105165, 3.354811, 2.390547, 3.577033, 2.19013, 2.680994, 2.815649, 2.618274, 2.884643, 3.361835, 2.583213, 2.169957, 2.303862, 2.719713, 2.801523, 1.972032, 2.820486, 2.791932, 3.346933, 3.485141, 2.829216, 3.445783, 3.246613, 3.225292, 3.156186, 2.036884};