name="iCMAES-ILS CEC13";
dim=10;
bound=2;
testID=9;
(*--------*)
min=6.274377000000001*^-9;
max=1.5;
median=0.9839556;
mean=0.6375340102282959;
std=0.5038880290835624;
(*--------*)
data={0.000046723950000000005, 0.9839556, 0.00008677152000000001, 0.9839556, 0.9839556, 0.9839556, 0.017486830000000002, 0.9839556, 6.532266000000001*^-9, 0.9839556, 6.469325000000001*^-9, 0.9839556, 0.9839556, 0.9839556, 0.6130953, 0.9839556, 1.5, 9.312705*^-9, 0.9839556, 0.9839556, 0.9839556, 9.700414*^-9, 0.9839556, 9.288347*^-9, 0.9839556, 1.5, 0.9839556, 0.0001332455, 0.9839556, 0.9839556, 0.9839556, 0.9839556, 6.274377000000001*^-9, 8.332369*^-9, 1.246429, 6.62113*^-9, 8.420402*^-9, 0.00004152223, 0.9839556, 0.9100244000000001, 7.539900000000001*^-9, 8.135581000000001*^-9, 0.9839556, 0.9839556, 0.9839556, 0.9839556, 0.9839556, 0.00004733241, 0.16004210000000002, 9.406268000000001*^-9, 0.9839556};