name="iCMAES-ILS CEC13";
dim=10;
bound=0;
testID=11;
(*--------*)
min=2.5297610000000005*^-9;
max=1.512277;
median=1.085845*^-8;
mean=0.4003238084299468;
std=0.5083838613808424;
(*--------*)
data={0.9949591, 0.9949591, 2.3689909999999997*^-7, 0.9949591, 5.956157*^-9, 7.259862000000001*^-9, 0.9949591, 6.864392*^-6, 1.085845*^-8, 7.911034*^-9, 8.777468000000002*^-9, 6.72546*^-9, 0.9949636000000001, 5.130585000000001*^-9, 4.4746680000000004*^-9, 0.9949591, 9.609155*^-9, 6.269641000000001*^-9, 0.9949591, 2.9866660000000004*^-9, 6.967982000000001*^-9, 0.9949591, 1.3871640000000001*^-8, 9.119508*^-9, 0.9949591, 0.9949591, 2.5297610000000005*^-9, 0.9949591, 4.008892000000001*^-9, 8.810127*^-9, 0.9949591, 0.9949591, 0.9949591, 0.9949591, 1.512277, 0.9949591, 0.9949591, 5.282218000000001*^-9, 7.445411*^-9, 2.161142*^-8, 9.346029*^-9, 8.634355*^-9, 9.018817*^-9, 7.588565000000001*^-9, 1.09392*^-8, 8.573268000000001*^-9, 6.4209160000000006*^-9, 4.748449000000001*^-9, 0.9949616000000001, 0.9949591, 7.760489*^-9};