name="iCMAES-ILS CEC13";
dim=10;
bound=3;
testID=9;
(*--------*)
min=7.044032*^-9;
max=1.5;
median=0.9839556;
mean=0.769192051771873;
std=0.5155104163523924;
(*--------*)
data={0.9839556, 7.676086*^-9, 0.9839556, 0.9839556, 0.9839556, 9.068074*^-9, 1.5, 0.9839556, 0.9839556, 1.105478, 0.9839556, 0.9839556, 1.5, 0.00011296860000000001, 7.793936000000001*^-9, 0.9839556, 0.9839556, 0.9839556, 0.9839556, 0.9839556, 0.00004529523000000001, 0.9839556, 1.5, 7.26101*^-9, 0.00005006962, 1.5, 7.209148*^-9, 7.044032*^-9, 7.939579*^-9, 0.9839556, 0.3065511, 0.9839556, 0.005679653, 1.026114, 1.5, 8.21497*^-9, 0.00023088250000000002, 0.9839556, 1.469883, 0.9839556, 0.9839556, 0.9839556, 0.9839556, 0.9839556, 1.214933, 1.016871, 0.9839556, 0.9839556, 0.9839556, 0.9839556, 9.208666*^-9};