name="iCMAES-ILS CEC13";
dim=10;
bound=2;
testID=4;
(*--------*)
min=2.039748*^-9;
max=7.757079*^-9;
median=4.705826*^-9;
mean=4.8636020980392175*^-9;
std=1.4231351177131745*^-9;
(*--------*)
data={5.887936*^-9, 6.045655*^-9, 4.652643000000001*^-9, 3.614947*^-9, 5.903179*^-9, 4.601089*^-9, 3.334157*^-9, 4.17756*^-9, 3.807001*^-9, 2.6019380000000004*^-9, 4.738087*^-9, 6.713664*^-9, 3.6880180000000004*^-9, 7.757079*^-9, 7.162816000000001*^-9, 6.094209*^-9, 3.976163*^-9, 5.973878*^-9, 3.439065*^-9, 3.811036*^-9, 6.128581*^-9, 6.046932*^-9, 7.212865000000001*^-9, 5.650541*^-9, 6.435061000000001*^-9, 4.815115*^-9, 6.498701*^-9, 5.764419000000001*^-9, 2.039748*^-9, 2.553407*^-9, 3.9265130000000005*^-9, 5.703161*^-9, 4.1744709999999994*^-9, 4.705826*^-9, 6.6325770000000006*^-9, 5.020389*^-9, 3.5854080000000005*^-9, 2.1013739999999998*^-9, 3.831276*^-9, 6.979477000000001*^-9, 4.439098000000001*^-9, 5.01737*^-9, 6.01127*^-9, 4.335526*^-9, 5.05277*^-9, 3.105391*^-9, 4.46634*^-9, 3.5505030000000002*^-9, 3.334028*^-9, 6.8018630000000005*^-9, 4.143586*^-9};