name="iCMAES-ILS CEC13";
dim=10;
bound=3;
testID=8;
(*--------*)
min=20.;
max=20.492539999999998;
median=20.36956;
mean=20.345639999999992;
std=0.10113707138334617;
(*--------*)
data={20.34761, 20.367060000000002, 20.387230000000002, 20.192839999999997, 20.27573, 20.39942, 20., 20.37916, 20.3643, 20.330189999999998, 20.40588, 20.43794, 20.44597, 20.410110000000003, 20.429270000000002, 20.44144, 20.3351, 20.37131, 20.337670000000003, 20.27236, 20.48021, 20.39361, 20.428359999999998, 20.30406, 20.36339, 20.282269999999997, 20.41029, 20.27886, 20.4307, 20.36026, 20.40014, 20.39492, 20.281370000000003, 20.46385, 20.267699999999998, 20.410560000000004, 20.20832, 20.405730000000002, 20.492539999999998, 20.385360000000002, 20.17903, 20.37359, 20.00162, 20.38722, 20.36956, 20.3229, 20.17804, 20.353089999999998, 20.36776, 20.37772, 20.34402};