name="iCMAES-ILS CEC13";
dim=10;
bound=1;
testID=7;
(*--------*)
min=6.52419*^-9;
max=0.0001285518;
median=3.560409*^-7;
mean=4.193774509078432*^-6;
std=0.00001803974017288962;
(*--------*)
data={2.839312*^-6, 3.571032*^-7, 9.797291*^-9, 6.852541000000001*^-9, 9.653352*^-9, 8.080061000000001*^-9, 9.632426000000002*^-9, 5.196827*^-6, 9.113444*^-9, 0.0001285518, 2.8421289999999996*^-6, 3.560686*^-7, 8.250874*^-9, 9.56563*^-9, 8.528833000000001*^-9, 9.104281*^-9, 2.8358729999999997*^-6, 3.560409*^-7, 0.000012136940000000002, 9.301455000000001*^-9, 8.523124*^-9, 9.434658*^-6, 9.134993*^-9, 0.000012135290000000002, 2.840282*^-6, 3.561585*^-7, 3.559801*^-7, 9.003548*^-9, 3.5645239999999996*^-7, 0.000012136540000000001, 1.794947*^-6, 8.920357*^-9, 6.52419*^-9, 7.525052*^-9, 2.834412*^-6, 9.417223*^-9, 2.8342949999999998*^-6, 7.639276*^-9, 9.737684000000001*^-9, 3.562421*^-7, 3.560534*^-7, 2.834163*^-6, 2.844428*^-6, 8.690553*^-9, 3.562553*^-7, 9.783604000000001*^-9, 2.8340740000000002*^-6, 3.5587069999999997*^-7, 8.723371*^-9, 3.565746*^-7, 2.8362269999999997*^-6};