name="iCMAES-ILS CEC13";
dim=10;
bound=3;
testID=24;
(*--------*)
min=106.88820000000001;
max=200.;
median=120.9;
mean=135.27501960784315;
std=32.797513070359585;
(*--------*)
data={126.64820000000002, 119.59299999999999, 119.7389, 112.46780000000001, 200., 200., 112.76889999999999, 111.1904, 128.1042, 200., 110.85119999999999, 115.4552, 106.88820000000001, 111.94090000000001, 200., 123.41640000000001, 200., 128.1537, 117.3553, 115.0676, 120.1097, 200., 130.5571, 114.5286, 124.94989999999999, 113.54249999999999, 200., 123.78670000000001, 128.9805, 118.4399, 119.96150000000002, 113.1966, 120.3466, 200., 200., 129.3671, 122.031, 116.3934, 200., 111.10640000000001, 127.128, 129.7442, 123.20800000000001, 116.0031, 118.661, 115.24380000000001, 124.2036, 111.2038, 129.6627, 120.9, 116.1304};