name="iCMAES-ILS CEC13";
dim=10;
bound=0;
testID=13;
(*--------*)
min=4.056978*^-9;
max=0.9950049000000001;
median=0.00003629195000000001;
mean=0.4810660698037868;
std=0.49770386167295827;
(*--------*)
data={1.710273*^-8, 0.6552641000000001, 0.9949591, 0.9949593000000001, 0.9949591, 0.9949591, 0.9949591, 8.129991999999999*^-7, 7.210736*^-9, 0.9949591, 0.00003629195000000001, 0.9950049000000001, 7.189964*^-9, 6.668808000000001*^-9, 0.9949591, 7.713071*^-9, 0.9949592000000002, 0.9949591, 9.269684*^-9, 1.0885689999999998*^-6, 7.3123400000000004*^-9, 0.9949591, 5.428320000000001*^-9, 5.525617*^-9, 0.9949591, 0.9949591, 4.056978*^-9, 0.9949591, 0.9949591, 9.109120000000001*^-9, 0.9949591, 6.1481990000000004*^-9, 2.5324719999999995*^-6, 0.9949591, 0.9949591, 0.9949591, 9.516238*^-9, 8.011637000000001*^-9, 7.030449000000001*^-9, 8.098211*^-9, 0.9949591, 0.9949591, 0.9949591, 4.70199*^-8, 7.408937*^-9, 0.9949591, 0.9949591, 7.749195000000001*^-9, 6.0141930000000004*^-9, 8.230162999999999*^-9, 3.218845*^-8};