name="iCMAES-ILS CEC13";
dim=10;
bound=2;
testID=5;
(*--------*)
min=4.07132*^-9;
max=9.422792*^-9;
median=6.501069*^-9;
mean=6.675546960784316*^-9;
std=1.1979754779175906*^-9;
(*--------*)
data={6.239891000000001*^-9, 8.790334*^-9, 4.992205*^-9, 6.501069*^-9, 7.929328*^-9, 4.07132*^-9, 4.95768*^-9, 4.088337000000001*^-9, 7.150429000000001*^-9, 6.144440000000001*^-9, 7.527185000000001*^-9, 9.422792*^-9, 7.195503000000001*^-9, 7.993449*^-9, 7.215895*^-9, 5.925021*^-9, 5.562193*^-9, 6.079108*^-9, 5.933247*^-9, 6.20497*^-9, 5.926415000000001*^-9, 6.3107960000000005*^-9, 6.434828000000001*^-9, 7.688788*^-9, 6.861649*^-9, 6.420177*^-9, 7.705546*^-9, 6.8412770000000005*^-9, 5.9416240000000005*^-9, 5.699474000000001*^-9, 7.359481*^-9, 6.734844*^-9, 6.870765*^-9, 8.014011*^-9, 7.641313000000001*^-9, 5.270924*^-9, 7.761286000000001*^-9, 7.1184750000000005*^-9, 5.951736*^-9, 8.198428*^-9, 7.29918*^-9, 9.154775000000001*^-9, 6.005301000000001*^-9, 7.7032*^-9, 8.311937000000002*^-9, 4.396044*^-9, 7.070021*^-9, 5.765279*^-9, 6.279005*^-9, 6.079273*^-9, 5.7126469999999996*^-9};