name="iCMAES-ILS CEC13";
dim=10;
bound=2;
testID=15;
(*--------*)
min=0.3122722;
max=191.157;
median=130.7202;
mean=116.42642922352934;
std=45.70071161045031;
(*--------*)
data={122.43059999999998, 144.5437, 148.0836, 130.3199, 123.49000000000001, 18.40963, 138.6096, 135.2571, 139.7315, 133.61, 126.9674, 130.2575, 131.9108, 130.1326, 125.65820000000001, 0.3122722, 125.8456, 135.44449999999998, 139.669, 191.157, 125.908, 158.4165, 6.892376, 123.5525, 138.5472, 15.30694, 130.7202, 53.59008, 135.3196, 136.4414, 139.7315, 126.9674, 126.905, 11.829540000000001, 126.78009999999999, 141.7123, 123.49000000000001, 133.61, 133.54749999999999, 18.47208, 130.7827, 138.5472, 135.1946, 147.89620000000002, 126.9674, 141.8997, 123.5525, 126.9674, 0.3122722, 135.1946, 150.8526};