name="iCMAES-ILS CEC13";
dim=10;
bound=2;
testID=23;
(*--------*)
min=8.465737;
max=82.33666;
median=26.4791;
mean=32.7973226862745;
std=16.600904821636636;
(*--------*)
data={26.6609, 16.19866, 33.59093, 46.18372, 20.02202, 20.724079999999997, 61.49198, 23.99728, 19.86983, 30.27209, 65.49299, 23.02364, 55.56639, 37.363640000000004, 52.3525, 37.17325, 54.35948, 48.287699999999994, 8.465737, 29.893990000000002, 18.6895, 38.84145, 26.4791, 14.96994, 21.17143, 18.44963, 23.3113, 23.94037, 36.37171, 27.40178, 31.25171, 70.13772, 32.92302, 25.479090000000003, 20.88103, 47.90307, 24.351850000000002, 17.06819, 23.0166, 65.88302, 18.02846, 21.58284, 20.14738, 23.53709, 22.24992, 30.54236, 38.184200000000004, 17.71288, 82.33666, 55.447449999999996, 23.3819};