name="iCMAES-ILS CEC13";
dim=10;
bound=0;
testID=7;
(*--------*)
min=5.288433000000001*^-9;
max=0.00003736078;
median=3.5604579999999997*^-7;
mean=3.1640038788039215*^-6;
std=6.3878861913288265*^-6;
(*--------*)
data={8.228982000000001*^-9, 5.196988*^-6, 8.717148*^-9, 2.8348379999999997*^-6, 9.19712*^-9, 3.561957*^-7, 0.000012165490000000002, 3.560112*^-7, 9.782524000000001*^-9, 0.00001213839, 9.886637000000001*^-9, 9.211074000000001*^-9, 0.00001213704, 2.834112*^-6, 2.847015*^-6, 0.000011371750000000002, 8.675476*^-9, 9.505854*^-9, 9.455471*^-9, 2.8345319999999997*^-6, 2.8392019999999995*^-6, 8.818925*^-9, 8.269068000000001*^-6, 2.8338999999999997*^-6, 8.259290000000001*^-9, 4.7424769999999997*^-7, 0.00001598186, 2.8340079999999997*^-6, 8.877536*^-9, 0.00003736078, 8.676311000000001*^-9, 5.1972969999999995*^-6, 3.563124*^-7, 3.564224*^-7, 9.702347*^-9, 9.729472*^-9, 8.196815000000001*^-9, 8.92924*^-9, 6.461133000000001*^-9, 8.973464000000001*^-9, 6.286184000000001*^-9, 2.834537*^-6, 5.288433000000001*^-9, 0.000011378670000000001, 2.849719*^-6, 9.235193000000002*^-9, 3.568903*^-7, 1.457581*^-6, 3.560025*^-7, 3.5604579999999997*^-7, 9.19819*^-9};