name="iCMAES-ILS CEC13";
dim=10;
bound=2;
testID=12;
(*--------*)
min=3.0579260000000004*^-9;
max=0.9949591;
median=7.475402*^-9;
mean=0.17558114857370966;
std=0.3830724936514907;
(*--------*)
data={3.8305329999999994*^-6, 8.473554999999999*^-9, 6.049809*^-9, 3.50485*^-9, 0.9949591, 7.821207*^-9, 7.475402*^-9, 0.9949591, 9.340092*^-8, 7.571137000000001*^-9, 1.0419110000000001*^-8, 4.326884*^-9, 5.6820350000000004*^-9, 2.492537*^-6, 5.841282*^-9, 6.3270220000000006*^-9, 0.9949591, 6.508144*^-9, 0.9949591, 4.8859500000000005*^-9, 9.693840000000001*^-9, 7.147047*^-9, 7.181468*^-9, 5.978912*^-9, 0.9949591, 9.763297*^-9, 9.020935000000001*^-9, 8.786938*^-9, 3.0579260000000004*^-9, 8.394902*^-9, 4.354048*^-9, 8.291568*^-9, 0.9949591, 0.9949591, 6.909724*^-9, 6.474397*^-9, 6.029229*^-9, 8.965254000000001*^-9, 9.531478000000001*^-9, 3.6205440000000004*^-9, 6.756321*^-9, 0.9949591, 0.9949591, 5.404574000000001*^-9, 4.53654*^-9, 9.437216*^-9, 3.515614*^-9, 7.257298*^-9, 4.79429*^-9, 5.430788*^-9, 5.567738000000001*^-9};