name="iCMAES-ILS CEC13";
dim=10;
bound=3;
testID=16;
(*--------*)
min=7.1299*^-9;
max=1.477005;
median=0.6351319000000001;
mean=0.5867293117084296;
std=0.3093183901297274;
(*--------*)
data={0.4056556, 0.6889925, 0.7530393000000001, 0.6190481000000001, 0.6785529000000001, 7.1299*^-9, 0.7719170000000001, 0.3572366, 1.477005, 0.7898881000000001, 0.6442272, 0.5331658, 0.6058174000000001, 0.7175202, 0.656272, 0.3480034, 0.8717855000000001, 0.4085032, 0.6743537000000001, 0.7876944, 0.6686451, 0.5627573, 0.9379358999999999, 0.5422078, 0.7687879, 0.5739696000000001, 0.10419510000000001, 0.6928136, 0.8497814, 0.9687109, 0.07479195, 0.7692049000000001, 1.232125, 0.6547994, 0.8469657, 1.223295, 0.1821887, 0.04235585000000001, 0.7373709, 0.6351319000000001, 0.45302410000000004, 0.3410824, 0.49008510000000005, 0.05069952, 0.4125692, 0.41075140000000004, 0.5365988, 0.6721211, 0.02915347, 0.2687835, 0.4016145};