name="iCMAES-ILS CEC13";
dim=10;
bound=4;
testID=21;
(*--------*)
min=1.185604;
max=400.1939;
median=200.7314;
mean=185.23091576470588;
std=102.47649464066431;
(*--------*)
data={101.1997, 400.1939, 100.88719999999999, 1.185604, 200.982, 102.0184, 100.83439999999999, 400.1939, 100.7161, 400.1939, 200., 101.0012, 201.1883, 201.4343, 200.62099999999998, 201.40030000000002, 201.15810000000002, 100.8782, 400.1939, 101.64169999999999, 400.1939, 100.7406, 400.1939, 200.94310000000002, 201.0456, 200.7314, 201.07059999999998, 100.68950000000001, 200., 101.25569999999999, 201.3254, 201.0869, 201.10549999999998, 201.04090000000002, 100.8812, 100.7768, 201.32880000000003, 100.54700000000001, 101.1276, 101.0444, 100.93369999999999, 100.5648, 201.56489999999997, 101.1569, 301.1694, 201.2591, 100.8518, 201.70530000000002, 101.0527, 400.1939, 201.27329999999998};