name="iCMAES-ILS CEC13";
dim=10;
bound=4;
testID=13;
(*--------*)
min=4.0801260000000004*^-9;
max=1.989918;
median=4.512102*^-8;
mean=0.32330997112397575;
std=0.5029811452016693;
(*--------*)
data={4.512102*^-8, 7.719681*^-9, 7.416610000000001*^-9, 7.289246000000001*^-9, 6.129497*^-9, 9.880385000000002*^-9, 0.9949591, 0.9949591, 0.9949591, 7.382377000000001*^-9, 3.5121969999999996*^-7, 1.989918, 1.808964*^-7, 0.30595210000000006, 1.0637039999999999*^-7, 0.9949591, 6.964542*^-8, 1.027769*^-6, 5.713696*^-9, 7.693645*^-9, 0.9949591, 3.980187*^-8, 0.9949591, 0.9949591, 7.47599*^-9, 0.002935241, 0.2605727, 0.9949591, 8.788422*^-7, 0.9949591, 8.297972*^-9, 0.9949591, 5.026424*^-9, 6.80326*^-9, 4.508598*^-9, 8.838744*^-9, 8.180052000000001*^-9, 5.662749*^-9, 0.9949591, 4.0801260000000004*^-9, 7.479753*^-9, 0.9949591, 7.221317000000001*^-9, 0.9949592000000002, 9.6605*^-9, 7.143009*^-9, 1.1549089999999999*^-7, 0.9949591, 8.230845000000001*^-9, 5.335331000000001*^-9, 7.996047000000001*^-9};