name="iCMAES-ILS CEC13";
dim=10;
bound=2;
testID=16;
(*--------*)
min=0.031452680000000004;
max=1.085201;
median=0.5605839;
mean=0.5497918052941175;
std=0.2673001802043308;
(*--------*)
data={0.5262575, 0.04993, 0.9834299, 0.7533267000000001, 0.7402861000000001, 0.7559404000000001, 0.5393099, 0.7069176, 0.2974036, 0.5764157, 0.11583310000000001, 0.6713642000000001, 0.050141460000000006, 0.3463778, 0.5438937, 0.8591967, 0.08769093, 1.085201, 0.6736059000000001, 0.1734167, 0.40467510000000007, 0.34117620000000004, 0.7305327, 0.43796280000000004, 0.031452680000000004, 0.6554164, 1.048156, 0.8559723, 0.7549884, 0.7943722000000001, 0.7099725000000001, 0.5549869000000001, 0.1161727, 0.24207250000000002, 0.5951679000000001, 0.7216021, 1.013755, 0.3230566, 0.4780573000000001, 0.575042, 0.5605839, 0.7205752000000001, 0.5956532, 0.3542381, 0.5011232, 0.3941122, 0.8289954, 0.44731170000000003, 0.7423072000000001, 0.5170675, 0.4568853};