name="iCMAES-ILS CEC13";
dim=10;
bound=0;
testID=8;
(*--------*)
min=20.22336;
max=20.534010000000002;
median=20.38037;
mean=20.370191764705886;
std=0.06845971284502715;
(*--------*)
data={20.34614, 20.32756, 20.386419999999998, 20.321920000000002, 20.34491, 20.428169999999998, 20.37386, 20.42553, 20.433750000000003, 20.38037, 20.44748, 20.264470000000003, 20.242919999999998, 20.41268, 20.332539999999998, 20.306289999999997, 20.42092, 20.3767, 20.38466, 20.436580000000003, 20.28015, 20.51427, 20.22336, 20.40587, 20.46068, 20.33437, 20.40354, 20.29058, 20.26672, 20.43301, 20.34231, 20.384980000000002, 20.27065, 20.3552, 20.42605, 20.2915, 20.3632, 20.394420000000004, 20.26291, 20.38019, 20.534010000000002, 20.401829999999997, 20.440089999999998, 20.40984, 20.39448, 20.40054, 20.402540000000002, 20.250279999999997, 20.367160000000002, 20.425, 20.37618};