name="iCMAES-ILS CEC13";
dim=10;
bound=0;
testID=1;
(*--------*)
min=1.890644*^-9;
max=7.505151*^-9;
median=5.268421000000001*^-9;
mean=4.954280980392157*^-9;
std=1.2780957091064579*^-9;
(*--------*)
data={5.841506*^-9, 3.950759*^-9, 5.416629000000001*^-9, 3.3524810000000003*^-9, 4.184905*^-9, 6.176231*^-9, 2.826196*^-9, 3.4581610000000003*^-9, 5.27012*^-9, 2.5740690000000005*^-9, 4.818309000000001*^-9, 4.397123*^-9, 5.731524000000001*^-9, 4.484556000000001*^-9, 5.505565*^-9, 3.752413*^-9, 3.5747760000000003*^-9, 4.01371*^-9, 5.412456*^-9, 4.286710000000001*^-9, 5.6488100000000005*^-9, 5.399413*^-9, 4.455354*^-9, 4.819982*^-9, 6.358053*^-9, 5.469332*^-9, 4.417708000000001*^-9, 5.71036*^-9, 3.554836*^-9, 7.123655000000001*^-9, 6.494691000000001*^-9, 7.505151*^-9, 3.315088*^-9, 3.2863550000000003*^-9, 6.823534000000001*^-9, 6.907109*^-9, 4.866581*^-9, 3.3189170000000002*^-9, 4.326019*^-9, 4.895837000000001*^-9, 6.637379*^-9, 6.475584*^-9, 5.268421000000001*^-9, 5.339603000000001*^-9, 6.146243000000001*^-9, 1.890644*^-9, 3.850196*^-9, 5.932757*^-9, 6.124569*^-9, 5.5640710000000005*^-9, 5.713879000000001*^-9};