name="iCMAES-ILS CEC13";
dim=10;
bound=2;
testID=14;
(*--------*)
min=0.06245444;
max=530.7086;
median=74.73161;
mean=98.59092293803923;
std=105.75044533458069;
(*--------*)
data={530.7086, 215.76430000000002, 67.10472, 50.125330000000005, 13.31123, 3.602324, 74.73161, 407.8696, 25.79473, 125.20579999999998, 31.51489, 13.57615, 0.43718110000000004, 11.95443, 60.18593, 27.298740000000002, 123.6774, 23.15394, 149.90300000000002, 18.95802, 77.37165, 126.9674, 148.4214, 126.06759999999998, 256.923, 34.05773, 0.06245444, 119.0781, 14.43511, 150.3451, 250.38019999999997, 6.955157, 6.829921, 6.95483, 25.59284, 32.981410000000004, 123.7398, 0.3122722, 135.382, 126.905, 138.4847, 0.37475230000000004, 162.5572, 237.98110000000003, 174.37460000000002, 119.1405, 123.61489999999999, 28.717299999999998, 171.1588, 126.84249999999999, 0.24981779999999998};