name="iCMAES-ILS CEC13";
dim=10;
bound=1;
testID=23;
(*--------*)
min=9.453167;
max=88.52275;
median=32.60875;
mean=36.64829347058824;
std=17.975736096191394;
(*--------*)
data={23.00631, 46.17303, 35.10547, 9.453167, 31.55887, 60.60782, 23.620559999999998, 47.37779, 47.73045, 21.73847, 23.507600000000004, 47.35615, 16.86835, 16.393990000000002, 88.52275, 64.02745, 32.19825, 15.38514, 46.054370000000006, 39.39572, 26.07683, 17.58903, 31.958039999999997, 34.999880000000005, 49.31012, 36.77791, 34.91102, 36.364689999999996, 22.73062, 53.62064, 20.15059, 29.13519, 11.86642, 47.36629, 58.935230000000004, 52.93406, 21.37651, 22.41592, 48.86977, 30.350299999999997, 63.091609999999996, 10.66389, 31.74093, 32.60875, 76.53321, 35.66615, 49.011709999999994, 27.72416, 73.58165, 12.145220000000002, 32.47492};