name="iCMAES-ILS CEC13";
dim=10;
bound=4;
testID=9;
(*--------*)
min=3.406718*^-9;
max=1.5;
median=0.000027586330000000003;
mean=0.26883810099511174;
std=0.4538457484029331;
(*--------*)
data={0.000027586330000000003, 0.9839556, 9.662528*^-9, 0.00141807, 0.9839556, 0.000016334280000000002, 0.9839556, 0.9839556, 6.926014000000001*^-9, 3.406718*^-9, 5.317009*^-9, 0.06582265, 0.0002218079, 9.133574*^-9, 6.246111*^-9, 0.000104886, 8.192846*^-9, 0.00002814431, 0.00004487422, 0.000020206240000000003, 7.988515*^-9, 0.9839556, 7.790595*^-9, 9.739715000000002*^-9, 0.3352762, 0.9839556, 0.00005279439, 1.5, 0.9839556, 0.9839556, 6.601775*^-9, 0.0001098037, 0.9839556, 6.949429000000001*^-9, 0.000030374770000000004, 6.3545150000000006*^-9, 0.00001685573, 7.670309*^-9, 9.649928*^-9, 0.0000406857, 6.193461*^-9, 0.9839556, 0.00003209189, 9.945148*^-9, 7.242713*^-9, 0.000012425420000000001, 8.407713*^-9, 6.9600850000000006*^-9, 0.9839556, 9.491995*^-9, 0.9839556};