name="iCMAES-ILS CEC13";
dim=10;
bound=4;
testID=4;
(*--------*)
min=2.2939090000000005*^-9;
max=7.552273*^-9;
median=5.152354*^-9;
mean=5.154367960784313*^-9;
std=1.2120592862413947*^-9;
(*--------*)
data={3.3402720000000003*^-9, 6.069095*^-9, 3.5914000000000002*^-9, 4.249529*^-9, 5.56149*^-9, 5.152354*^-9, 7.297691000000001*^-9, 5.176322*^-9, 2.916107*^-9, 6.515855*^-9, 4.609188*^-9, 2.2939090000000005*^-9, 7.1552450000000006*^-9, 4.9695240000000005*^-9, 4.591034*^-9, 4.419336000000001*^-9, 4.63301*^-9, 4.237863*^-9, 5.663804*^-9, 4.777855*^-9, 7.338919*^-9, 4.663883*^-9, 6.935727000000001*^-9, 3.725164*^-9, 6.650258*^-9, 4.590139*^-9, 6.089502000000001*^-9, 3.437998*^-9, 6.150502000000001*^-9, 4.2266450000000006*^-9, 5.5306770000000005*^-9, 5.416292000000001*^-9, 7.552273*^-9, 3.861633*^-9, 3.749265*^-9, 6.664824000000001*^-9, 4.086493*^-9, 5.705359*^-9, 4.908414*^-9, 5.364700000000001*^-9, 4.363118*^-9, 5.5966110000000005*^-9, 6.383363000000001*^-9, 5.0525920000000005*^-9, 5.1705800000000006*^-9, 6.033567*^-9, 5.763704*^-9, 5.346446*^-9, 6.73147*^-9, 4.03311*^-9, 4.528655*^-9};