name="iCMAES-ILS CEC13";
dim=10;
bound=0;
testID=21;
(*--------*)
min=100.53209999999999;
max=400.1939;
median=200.8111;
mean=185.2630333333334;
std=87.79279559248053;
(*--------*)
data={201.04479999999998, 200., 100.7471, 105.0846, 201.1294, 200.8111, 201.4224, 201.2871, 400.1939, 400.1939, 200.8433, 400.1939, 201.2796, 201.10000000000002, 100.9412, 200.7836, 200.8052, 201.07179999999997, 400.1939, 100.8646, 100.77940000000001, 100.9091, 201.083, 100.94129999999998, 100.8014, 201.2033, 101.1953, 100.67200000000001, 101.0111, 100.83800000000001, 400.1939, 201.34099999999998, 201.17940000000002, 201.33939999999998, 100.6308, 200.7911, 201.3518, 100.9901, 201.3939, 100.7719, 200.8922, 300.7857, 200., 100.78469999999999, 201.27640000000002, 200., 101.0883, 201.0935, 201.3305, 100.53209999999999, 101.2227};