name="iCMAES-ILS CEC13";
dim=10;
bound=2;
testID=1;
(*--------*)
min=2.5453420000000005*^-9;
max=7.318466*^-9;
median=4.794462000000001*^-9;
mean=4.667913352941178*^-9;
std=1.2256727053614735*^-9;
(*--------*)
data={4.820209000000001*^-9, 3.3928660000000005*^-9, 6.930676*^-9, 5.5176090000000004*^-9, 3.715918*^-9, 3.208379*^-9, 4.012656*^-9, 3.967742*^-9, 3.937603*^-9, 3.255384*^-9, 4.455804*^-9, 3.5185030000000003*^-9, 2.733661*^-9, 2.5702050000000004*^-9, 5.596288000000001*^-9, 5.985052*^-9, 5.423795*^-9, 2.5453420000000005*^-9, 6.127514*^-9, 5.0698070000000006*^-9, 4.354725000000001*^-9, 2.7199800000000004*^-9, 5.732832*^-9, 4.794462000000001*^-9, 4.703433000000001*^-9, 5.739516*^-9, 5.658487000000001*^-9, 3.1385040000000003*^-9, 6.511184*^-9, 5.765337*^-9, 6.551666000000001*^-9, 5.156468*^-9, 4.397057*^-9, 5.099286000000001*^-9, 5.235972000000001*^-9, 4.943304000000001*^-9, 3.7021320000000005*^-9, 6.705841*^-9, 3.2168600000000004*^-9, 5.451575000000001*^-9, 3.484038*^-9, 4.309882000000001*^-9, 5.596926*^-9, 4.8500600000000005*^-9, 3.210711*^-9, 5.443293*^-9, 3.204558*^-9, 7.318466*^-9, 5.549235000000001*^-9, 4.2581420000000006*^-9, 4.474636000000001*^-9};