name="iCMAES-ILS CEC13";
dim=10;
bound=1;
testID=2;
(*--------*)
min=2.8190610000000003*^-9;
max=7.697423*^-9;
median=5.173374*^-9;
mean=5.271848862745097*^-9;
std=1.1709337754617727*^-9;
(*--------*)
data={5.1714440000000005*^-9, 7.163295*^-9, 6.274528000000001*^-9, 4.902927*^-9, 6.378820000000001*^-9, 5.45926*^-9, 5.6123490000000005*^-9, 5.1746869999999995*^-9, 5.0104430000000005*^-9, 7.595497*^-9, 6.442331*^-9, 3.6290550000000003*^-9, 4.558620000000001*^-9, 4.96026*^-9, 5.023502*^-9, 6.242367*^-9, 4.384956*^-9, 5.173374*^-9, 4.1472540000000006*^-9, 3.236719*^-9, 4.333817*^-9, 3.918722*^-9, 5.78053*^-9, 2.8190610000000003*^-9, 5.759041*^-9, 3.3879310000000002*^-9, 3.7244940000000003*^-9, 6.571063*^-9, 6.114453000000001*^-9, 5.241686*^-9, 6.058118000000001*^-9, 6.97204*^-9, 7.697423*^-9, 6.473664000000001*^-9, 4.807975*^-9, 4.1718529999999995*^-9, 4.3296340000000005*^-9, 4.174586*^-9, 6.705501*^-9, 4.565229000000001*^-9, 5.229566*^-9, 6.302035*^-9, 7.107534000000001*^-9, 4.227223*^-9, 4.799222000000001*^-9, 5.624460000000001*^-9, 3.730693*^-9, 4.9706400000000005*^-9, 6.2895360000000006*^-9, 4.430744*^-9, 6.0041300000000004*^-9};