name="iCMAES-ILS CEC13";
dim=10;
bound=0;
testID=20;
(*--------*)
min=1.349049;
max=3.535712;
median=2.858098;
mean=2.785065490196078;
std=0.4827211967033298;
(*--------*)
data={2.99917, 3.065104, 3.127408, 2.894571, 2.447233, 2.580388, 2.99203, 3.226914, 2.98914, 2.809377, 1.580074, 2.427956, 3.066088, 2.368356, 2.598538, 2.625902, 2.508339, 2.992781, 2.326566, 3.535712, 2.956013, 2.585012, 3.173307, 2.477784, 1.810594, 2.699299, 2.752819, 2.792963, 3.385088, 2.736239, 2.695768, 2.967553, 3.46499, 3.518819, 2.858098, 1.349049, 3.05539, 3.233061, 1.803845, 2.840528, 3.259552, 2.949972, 3.372431, 3.266875, 3.363222, 2.288684, 2.455086, 2.465698, 2.992059, 3.149966, 2.156929};