name="iCMAES-ILS CEC13";
dim=10;
bound=0;
testID=9;
(*--------*)
min=3.427354*^-9;
max=1.5;
median=0.00004476125;
mean=0.27880814746504273;
std=0.4739416488347539;
(*--------*)
data={0.9839557, 0.9839556, 1.287415, 7.579742000000001*^-9, 7.763598*^-9, 7.437044000000001*^-9, 0.000010576410000000002, 7.850427*^-9, 0.00007434143, 0.549832, 1.5, 7.0314080000000004*^-9, 7.857692000000001*^-9, 6.452952*^-9, 0.000022592770000000003, 0.06582265, 1.5, 0.26247349999999997, 0.00011401429999999999, 0.9839556, 0.9839556, 7.0938440000000004*^-9, 0.8945433, 0.00006162938, 0.9839556, 6.789319*^-9, 0.00007519743000000001, 4.589098*^-9, 0.00008371594, 0.00004050753000000001, 7.289151000000001*^-9, 0.00004476125, 0.0001436598, 9.741374000000001*^-9, 9.656038000000001*^-9, 6.624921*^-9, 6.004744*^-9, 0.26247360000000003, 8.254578000000001*^-9, 0.00006414778000000001, 3.427354*^-9, 3.7245750000000004*^-9, 4.137975*^-9, 0.00007493105000000001, 0.00003692225000000001, 0.00004703205, 3.992264*^-9, 8.049079000000002*^-9, 0.9839556, 0.9839556, 1.008072};