name="iCMAES-ILS CEC13";
dim=10;
bound=1;
testID=27;
(*--------*)
min=300.;
max=400.40110000000004;
median=300.00010000000003;
mean=333.9747156862746;
std=44.27592013385773;
(*--------*)
data={368.94800000000004, 300., 400.20360000000005, 300.0014, 300., 300., 398.38800000000003, 350.9516, 300., 400.2498, 400.3285, 300., 300., 300., 359.4921, 300.00010000000003, 400.23629999999997, 300., 300.00239999999997, 300., 300., 328.8063, 400.1594, 300., 400.2286, 300., 300., 300., 400.2433, 300., 300., 400.2378, 300., 400.2571, 385.1515, 300., 300., 321.5206, 344.1595, 300., 300., 300., 300., 400.2509, 400.40110000000004, 300., 300.0004, 300., 300.0004, 372.3484, 400.1434};