name="iCMAES-ILS CEC13";
dim=10;
bound=1;
testID=3;
(*--------*)
min=4.845783*^-9;
max=1.226613*^-7;
median=8.325802*^-9;
mean=1.030595939215686*^-8;
std=1.6098038531726443*^-8;
(*--------*)
data={8.273917000000002*^-9, 8.351608000000002*^-9, 7.579062000000001*^-9, 6.134192*^-9, 7.86063*^-9, 8.243114000000001*^-9, 8.075846000000001*^-9, 8.094007*^-9, 8.114765000000001*^-9, 8.54182*^-9, 9.971919*^-9, 8.456048*^-9, 9.155025000000001*^-9, 6.617860000000001*^-9, 9.183738*^-9, 9.830307*^-9, 5.584877*^-9, 9.790011*^-9, 4.845783*^-9, 7.574644*^-9, 1.226613*^-7, 8.078996000000001*^-9, 6.405160000000001*^-9, 8.563236000000001*^-9, 9.395806000000001*^-9, 7.3548550000000004*^-9, 7.282912*^-9, 8.082853*^-9, 8.574002*^-9, 9.161266*^-9, 9.661029*^-9, 9.320854000000001*^-9, 8.464289000000002*^-9, 8.745881000000001*^-9, 7.667641000000001*^-9, 9.496705000000001*^-9, 5.655102*^-9, 8.204252000000001*^-9, 9.604685000000001*^-9, 6.297114*^-9, 6.661979*^-9, 9.186424000000001*^-9, 6.275799000000001*^-9, 8.415933000000001*^-9, 8.833385*^-9, 8.759065*^-9, 9.036168000000001*^-9, 9.393115*^-9, 8.325802*^-9, 5.918878000000001*^-9, 5.8402700000000006*^-9};