name="iCMAES-ILS CEC13";
dim=10;
bound=1;
testID=14;
(*--------*)
min=0.1873633;
max=469.33170000000007;
median=15.244489999999999;
mean=46.61863553921568;
std=82.36295366170096;
(*--------*)
data={147.89620000000002, 0.1873633, 0.49963550000000007, 28.408839999999998, 11.954469999999999, 18.65945, 3.53987, 25.118779999999997, 15.30694, 7.079739, 11.76707, 30.05179, 0.24981779999999998, 43.528409999999994, 7.752979, 140.4104, 36.69849, 252.5814, 36.8234, 143.866, 39.59382, 15.244489999999999, 3.664778, 153.769, 30.239150000000002, 3.664778, 15.244489999999999, 56.75522, 40.30082, 469.33170000000007, 0.3747266, 3.664778, 18.596989999999998, 0.1873633, 3.664778, 7.017285, 204.20479999999998, 15.18203, 3.727233, 15.11958, 6.892376, 43.34105, 15.18203, 3.664778, 48.40311, 15.244489999999999, 18.47208, 28.471289999999996, 6.892376, 3.664778, 125.39320000000001};