name="iCMAES-ILS CEC13";
dim=10;
bound=2;
testID=3;
(*--------*)
min=4.955235*^-9;
max=1.227038*^-7;
median=8.457553000000002*^-9;
mean=1.0368733039215686*^-8;
std=1.6101503018948856*^-8;
(*--------*)
data={9.572151*^-9, 9.35592*^-9, 8.574882000000001*^-9, 5.888930000000001*^-9, 9.527422*^-9, 7.077012*^-9, 6.796700000000001*^-9, 8.699408*^-9, 9.762483*^-9, 9.083722000000001*^-9, 8.412941*^-9, 9.455459*^-9, 9.187319*^-9, 9.927607*^-9, 8.457553000000002*^-9, 9.395129*^-9, 6.005941*^-9, 8.917775000000002*^-9, 9.400040000000001*^-9, 6.628894*^-9, 1.227038*^-7, 7.381361*^-9, 7.793077*^-9, 9.902117000000001*^-9, 8.772091*^-9, 8.557101*^-9, 4.955235*^-9, 6.7824220000000005*^-9, 8.801126000000001*^-9, 9.009174*^-9, 8.124524*^-9, 8.278564*^-9, 6.721033000000001*^-9, 9.387401*^-9, 9.585970000000001*^-9, 9.299408*^-9, 8.198362*^-9, 5.1340280000000005*^-9, 9.29786*^-9, 8.369194000000001*^-9, 6.689521*^-9, 8.145779*^-9, 6.31558*^-9, 6.564702*^-9, 6.918628*^-9, 9.774413*^-9, 8.308792000000002*^-9, 6.940159000000001*^-9, 8.477416*^-9, 8.250965000000001*^-9, 5.238294*^-9};