name="EBOwithCMAR CEC17";
dim=30;
bound=0;
testID=20;
(*--------*)
min=14.106832;
max=47.546328;
median=35.326104;
mean=35.564529450980395;
std=6.907398514222731;
(*--------*)
data={43.650928, 35.704827, 33.571997, 31.734581, 42.624507, 35.097118, 32.725678, 35.931887, 35.326104, 32.823485, 34.085382, 31.620768, 33.980129, 32.84755, 38.698728, 35.818887, 36.901886, 14.106832, 40.013727, 44.128862, 46.601121, 29.199944, 40.825882, 42.941796, 27.812271, 31.274156, 38.052818, 34.446946, 31.00237, 44.164429, 33.26352, 19.649631, 44.549664, 39.848278, 28.070857, 27.278309, 40.742733, 36.857674, 27.153476, 41.663692, 34.321588, 29.617361, 25.942882, 47.193944, 39.732486, 44.35588, 34.237796, 40.957926, 47.546328, 27.502595, 35.588786};