name="EBOwithCMAR CEC17";
dim=30;
bound=4;
testID=18;
(*--------*)
min=20.280523;
max=34.439217;
median=22.327311;
mean=22.370783803921572;
std=2.127877111002522;
(*--------*)
data={22.222243, 23.554277, 22.540959, 23.430498, 22.33058, 22.472319, 22.327311, 21.391701, 23.495767, 20.312049, 22.214348, 22.35942, 20.280523, 21.606122, 20.472093, 23.45167, 20.522119, 23.543137, 22.503935, 20.548297, 21.182471, 24.559716, 21.842191, 22.576872, 23.76193, 34.439217, 23.594352, 21.547597, 21.498147, 20.552096, 23.258469, 21.372632, 22.586387, 20.473209, 22.523986, 21.320554, 26.508223, 23.429035, 22.335322, 21.61278, 21.312185, 22.435593, 21.307837, 21.562713, 20.303472, 22.39651, 21.371676, 22.529913, 23.284833, 21.433021, 20.417667};