name="EBOwithCMAR CEC17";
dim=30;
bound=4;
testID=24;
(*--------*)
min=200.7773;
max=428.57658;
median=424.74227;
mean=420.4527692156863;
std=31.4112547630805;
(*--------*)
data={423.68706, 423.8149, 425.61823, 428.57658, 423.42062, 424.89709, 425.08759, 423.68541, 426.26596, 200.7773, 426.08529, 424.11971, 426.13176, 425.4106, 425.42315, 426.9054, 426.6095, 422.0395, 424.47348, 424.19079, 423.59958, 425.33102, 425.01871, 424.8123, 424.44205, 426.72359, 424.53635, 424.61054, 426.23642, 423.21607, 423.48616, 425.52404, 426.35401, 426.70564, 423.13682, 424.54083, 421.73647, 424.64569, 425.97675, 423.87515, 426.78569, 427.27905, 423.09152, 422.24124, 424.66287, 425.73946, 424.74227, 422.60497, 422.2141, 426.23346, 425.76849};