name="EBOwithCMAR CEC17";
dim=30;
bound=3;
testID=27;
(*--------*)
min=474.03955;
max=505.65268;
median=492.42416;
mean=491.95445784313733;
std=10.045627353871597;
(*--------*)
data={483.99876, 487.55057, 503.70606, 485.4961, 500.15646, 501.60911, 486.01, 487.34113, 486.89254, 477.02121, 492.42416, 501.76079, 485.50779, 474.76921, 474.17337, 496.31834, 501.33973, 502.77253, 489.48805, 503.24598, 480.92031, 487.90634, 501.6908, 500.62132, 480.63356, 503.18288, 504.05789, 475.44187, 480.8976, 499.21492, 498.0989, 479.84898, 494.10706, 505.65268, 491.3563, 488.04539, 482.48331, 501.34268, 498.21505, 485.12363, 501.23626, 484.48314, 503.7093, 501.48427, 502.78258, 501.11836, 499.43016, 474.86027, 484.27038, 474.03955, 501.83972};