name="EBOwithCMAR CEC17";
dim=30;
bound=4;
testID=13;
(*--------*)
min=2.0800561;
max=25.540017;
median=17.002992;
mean=15.959107801960785;
std=5.687204581004551;
(*--------*)
data={13.030664, 16.297959, 16.011778, 20.625294, 21.817109, 17.245295, 25.137679, 17.148581, 2.3483686, 3.9843525, 6.3281288, 15.429881, 16.003451, 10.861908, 16.263347, 16.082619, 13.855635, 19.441725, 19.789272, 25.540017, 18.310297, 16.902301, 17.058439, 3.031623, 20.949899, 19.458828, 17.521937, 2.0800561, 17.002992, 19.182785, 13.725851, 2.6892235, 19.622242, 16.23645, 18.411472, 17.522274, 16.594438, 18.721017, 15.672663, 17.006469, 17.438395, 19.300532, 24.148567, 16.624269, 16.010578, 14.967647, 23.356969, 21.70565, 17.087734, 6.3281984, 16.001638};