name="EBOwithCMAR CEC17";
dim=30;
bound=3;
testID=30;
(*--------*)
min=1970.6282;
max=2192.5076;
median=2043.8901;
mean=2047.18738627451;
std=48.30935486267236;
(*--------*)
data={1994.6071, 2075.3475, 2112.941, 2075.2961, 2045.0499, 2018.1717, 2174.4872, 2058.0163, 2048.1371, 1984.0149, 2065.3376, 2069.7275, 2008.0374, 2048.1809, 2015.9371, 1994.4385, 2076.8833, 2019.6353, 2032.1085, 2122.8937, 2009.312, 2192.5076, 2115.6129, 2048.8875, 2032.7706, 2065.3356, 1998.5264, 2026.9501, 2006.0924, 1991.4591, 2093.8432, 1997.9999, 2017.7461, 2060.8026, 2031.6858, 1984.9136, 2104.5083, 2047.0616, 2032.8903, 2106.823, 2038.1881, 2017.2269, 2043.8901, 2055.3351, 2024.1481, 2125.5872, 1970.6282, 2017.9074, 2052.2616, 2081.9139, 1974.4929};