name="EBOwithCMAR CEC17";
dim=30;
bound=1;
testID=12;
(*--------*)
min=119.07977;
max=1106.2583;
median=467.5934;
mean=478.8465115686273;
std=239.23612191963335;
(*--------*)
data={609.45721, 244.46541, 272.74592, 589.28696, 122.51028, 425.7895, 365.38241, 467.5934, 375.90927, 346.82233, 899.56446, 344.14139, 542.06652, 438.28225, 494.24121, 671.87668, 348.36901, 781.13727, 643.90369, 477.85818, 264.78159, 833.41771, 357.71278, 370.2843, 564.93664, 255.57119, 254.03992, 344.50531, 315.92995, 469.32413, 396.19306, 119.07977, 122.44088, 772.98729, 544.79976, 142.75706, 261.126, 241.17371, 1106.2583, 563.96199, 248.1904, 652.13968, 501.69117, 636.98087, 995.99372, 479.17092, 587.44677, 964.29133, 139.10148, 781.10172, 672.37934};