name="EBOwithCMAR CEC17";
dim=30;
bound=3;
testID=8;
(*--------*)
min=0.99495906;
max=8.9546315;
median=3.9798362;
mean=4.547769630588236;
std=1.727995752103799;
(*--------*)
data={4.9747953, 1.9899181, 5.9697543, 6.9647134, 4.9316277, 5.9697543, 5.9697543, 3.9798362, 5.9697543, 1.9899181, 5.9697543, 2.9848772, 3.9798362, 5.9697543, 2.9848772, 5.3629687, 2.9848772, 1.9899181, 3.9798362, 2.9848772, 2.9848772, 6.9647134, 3.9798362, 1.9899181, 3.9798362, 4.9747953, 5.9697543, 4.9747953, 3.9798362, 4.9747953, 6.9647134, 4.9747953, 4.9747953, 3.9798362, 4.9747953, 7.9596725, 3.9798362, 5.9697543, 0.99495906, 3.9798362, 2.9848772, 1.9899181, 5.9697543, 3.9798362, 4.7405807, 3.9798362, 8.9546315, 2.9848772, 2.9848772, 3.9798362, 7.9596725};