name="EBOwithCMAR CEC17";
dim=30;
bound=1;
testID=13;
(*--------*)
min=1.3232361;
max=23.191949;
median=16.676421;
mean=15.11743901372549;
std=6.114401843368832;
(*--------*)
data={23.133415, 15.408998, 15.309598, 18.054549, 14.408024, 17.030902, 18.045418, 18.707777, 15.646546, 19.282965, 2.0263031, 22.301345, 4.3382481, 15.409765, 17.617115, 15.741966, 6.3281795, 20.511965, 11.899494, 3.3407513, 17.058385, 2.3483292, 21.538633, 19.004041, 19.952446, 17.012778, 13.868211, 17.903805, 19.932101, 16.014296, 1.3232361, 13.58701, 16.298105, 15.548016, 16.465642, 18.836514, 15.644262, 17.354802, 2.4088533, 21.992469, 20.479734, 18.059185, 4.3295669, 16.001754, 16.676421, 20.433382, 16.997514, 2.0053062, 14.777469, 19.40185, 23.191949};