name="EBOwithCMAR CEC17";
dim=30;
bound=0;
testID=4;
(*--------*)
min=0.;
max=64.117395;
median=58.561557;
mean=47.78886003137254;
std=23.20687330666853;
(*--------*)
data={58.561557, 58.561557, 64.117395, 58.561557, 58.561557, 58.561557, 58.561557, 0., 58.561557, 64.117395, 0., 58.561557, 58.561557, 64.117395, 58.561557, 58.561557, 58.561557, 64.117395, 0., 58.561557, 58.561557, 58.561557, 58.561557, 0., 58.561557, 58.561557, 0., 64.117395, 58.561557, 3.9866239, 3.9866239, 58.561557, 58.561557, 58.561557, 64.117395, 58.561557, 58.561557, 45.488058, 3.9866239, 58.561557, 58.561557, 58.561557, 0., 58.561557, 58.561557, 3.9866239, 58.561557, 58.561557, 58.561557, 58.561557, 58.561557};