name="EBOwithCMAR CEC17";
dim=30;
bound=1;
testID=16;
(*--------*)
min=3.1596653;
max=247.83246;
median=30.657112;
mean=60.75627140588235;
std=63.21494036232751;
(*--------*)
data={51.959606, 49.062702, 14.572001, 39.75322, 136.32851, 16.956729, 34.386638, 21.919818, 22.779487, 136.66955, 14.201697, 32.954593, 10.292031, 19.885406, 17.548133, 19.725536, 28.908147, 235.20174, 3.1596653, 48.577277, 30.469261, 41.481506, 125.71393, 227.66325, 54.753586, 88.438305, 147.12067, 24.878238, 140.43568, 132.53561, 34.512393, 25.353589, 247.83246, 10.240182, 70.026895, 40.221763, 61.903506, 142.31749, 10.185649, 21.309961, 30.339813, 3.2229626, 30.657112, 18.216907, 29.258284, 21.855553, 25.219862, 145.82368, 139.81147, 13.740815, 8.1869728};