name="EBOwithCMAR CEC17";
dim=30;
bound=5;
testID=15;
(*--------*)
min=0.22064762;
max=9.0534786;
median=3.4164687;
mean=3.4992258656862743;
std=1.9167715034515223;
(*--------*)
data={4.9439215, 5.1313033, 2.5946417, 3.4533854, 3.4131317, 9.0534786, 5.3155956, 0.40148733, 2.4859383, 1.3356831, 2.4191131, 5.3034518, 4.6125103, 8.8993872, 3.6919531, 1.6219209, 5.3233507, 2.5248759, 1.7048618, 0.22064762, 2.5883307, 1.3740957, 3.4505309, 3.5823493, 3.4164687, 4.7512279, 4.182731, 5.1964157, 2.5051394, 3.7531242, 4.5071624, 4.4781262, 3.3769634, 3.4807153, 1.3623823, 2.908665, 1.4275151, 5.4754964, 6.7508089, 2.3760246, 1.4479084, 1.4139718, 6.8196675, 2.7970193, 2.4008836, 3.5458129, 1.4476398, 3.7378875, 1.7581345, 2.2752923, 5.4213895};