name="EBOwithCMAR CEC17";
dim=30;
bound=5;
testID=23;
(*--------*)
min=342.00606;
max=361.9891;
median=351.48257;
mean=351.4973580392157;
std=4.040505755336092;
(*--------*)
data={345.1817, 342.00606, 356.68112, 349.96105, 353.88102, 351.7562, 349.36575, 352.85525, 348.44278, 351.88539, 352.27724, 361.9891, 347.00639, 352.0369, 349.51383, 356.63576, 355.59486, 349.78389, 352.97639, 346.67137, 345.16993, 354.88733, 349.50667, 352.0032, 344.98385, 349.70342, 349.47305, 347.77716, 352.45231, 346.34671, 356.40948, 358.67398, 355.19301, 351.48257, 351.14122, 349.86169, 351.3411, 353.60507, 352.62261, 348.64965, 348.20137, 354.71341, 354.2876, 351.32027, 353.3183, 361.01186, 356.0759, 347.26734, 351.22807, 353.08616, 348.06892};