name="EBOwithCMAR CEC17";
dim=30;
bound=4;
testID=25;
(*--------*)
min=383.41883;
max=386.77209;
median=386.73717;
mean=386.41668803921567;
std=0.9726222165527982;
(*--------*)
data={386.74049, 386.7411, 386.76378, 386.77209, 386.7411, 386.72669, 386.73717, 386.71951, 386.73841, 386.70355, 386.70668, 386.728, 386.73721, 386.72669, 383.41883, 386.73442, 383.56973, 386.74559, 386.72669, 383.45652, 386.72669, 386.74164, 386.7411, 386.73717, 386.73841, 386.73841, 386.73717, 386.74075, 386.73721, 386.72669, 386.70912, 386.75559, 386.74559, 386.73841, 386.72669, 386.7411, 386.69285, 383.55672, 386.74559, 386.73721, 386.72344, 383.48079, 386.7656, 386.73721, 386.69279, 386.72669, 386.74559, 386.72669, 386.72669, 386.7411, 386.73614};