name="EBOwithCMAR CEC17";
dim=30;
bound=4;
testID=27;
(*--------*)
min=500.00671;
max=507.57646;
median=500.00733;
mean=500.1557050980392;
std=1.0598958202377684;
(*--------*)
data={500.00746, 500.0071, 500.00738, 500.00728, 500.00698, 500.00744, 500.00708, 500.0075, 500.00693, 500.00723, 500.00705, 500.007, 500.00717, 500.00671, 500.0075, 500.00731, 500.00736, 500.00715, 500.0075, 500.00726, 500.00739, 500.00725, 500.00705, 500.0075, 500.00731, 500.00671, 500.0075, 500.00748, 500.00735, 500.00752, 500.0075, 500.0073, 500.0071, 500.0073, 500.00745, 507.57646, 500.0075, 500.00736, 500.00748, 500.00721, 500.00747, 500.00726, 500.0075, 500.00748, 500.00736, 500.00705, 500.00733, 500.0075, 500.00751, 500.00711, 500.00728};