name="EBOwithCMAR CEC17";
dim=30;
bound=0;
testID=15;
(*--------*)
min=0.46362468;
max=10.235017;
median=2.606051;
mean=3.1236392623529414;
std=2.049396802785646;
(*--------*)
data={1.4614624, 2.1682769, 1.9827454, 9.2966188, 4.0416047, 0.46362468, 1.3416584, 3.4260202, 1.4124761, 3.4749999, 3.3277788, 5.4691613, 2.9625385, 2.606051, 2.4757361, 10.235017, 3.8738099, 3.4267345, 4.1607209, 3.520821, 6.69452, 1.4558817, 1.9163089, 1.5610806, 2.4462031, 3.4166971, 2.3267401, 5.4752418, 1.4913521, 3.3859211, 1.7947209, 1.6990643, 2.6942571, 1.9225965, 6.4604428, 3.4550653, 1.4304322, 2.2133687, 2.1799928, 2.3423958, 2.7248322, 1.2363588, 2.8667585, 1.819868, 5.6639172, 2.6340926, 3.4584028, 1.3916279, 0.9565729, 1.4270017, 7.6360304};