name="EBOwithCMAR CEC17";
dim=30;
bound=5;
testID=19;
(*--------*)
min=4.8946012;
max=13.782674;
median=9.2340086;
mean=9.30666634901961;
std=1.934830605619364;
(*--------*)
data={12.413807, 7.4903456, 11.826847, 11.18148, 6.8702753, 8.5417668, 13.782674, 5.2516407, 8.7214627, 12.799797, 10.317604, 8.2133483, 9.2470074, 8.5244605, 9.0341446, 10.585994, 9.5813637, 10.738816, 7.6531025, 11.873522, 10.218418, 9.1266572, 8.4200732, 4.8946012, 5.9391228, 9.0445244, 8.9312624, 5.3232587, 9.1609032, 6.9263006, 7.8688334, 7.330871, 9.394533, 9.4623859, 10.78089, 10.90674, 9.5114504, 8.1398642, 8.8032434, 11.642474, 8.9633478, 12.308005, 8.7448512, 11.267102, 9.6082313, 7.4757743, 9.2340086, 9.3038515, 10.095694, 10.312371, 10.850881};