name="EBOwithCMAR CEC17";
dim=30;
bound=3;
testID=13;
(*--------*)
min=0.44731252;
max=23.226814;
median=16.39626;
mean=13.663218306274512;
std=6.519565159163298;
(*--------*)
data={19.775545, 19.134423, 18.198747, 17.065089, 16.813438, 18.830854, 17.054968, 14.836773, 3.0007516, 2.8062015, 15.705327, 20.597902, 6.3282363, 3.3411609, 16.255462, 16.00172, 18.76098, 23.226814, 16.297422, 16.593809, 17.550468, 18.57188, 16.989092, 4.3382748, 22.97149, 16.39626, 16.19619, 5.3332903, 16.273081, 17.057718, 17.388994, 6.3273883, 16.593346, 0.44731252, 18.811473, 3.3935026, 17.468516, 6.9660776, 15.824188, 5.4172303, 17.35471, 4.3042608, 15.834145, 2.2717881, 15.826467, 4.7206085, 2.0942795, 19.566107, 17.07788, 19.006911, 17.825581};