name="EBOwithCMAR CEC17";
dim=30;
bound=2;
testID=27;
(*--------*)
min=483.6687;
max=507.87376;
median=499.5501;
mean=498.614312745098;
std=5.958967262038977;
(*--------*)
data={501.92777, 485.89107, 497.85747, 495.14652, 504.55451, 501.7787, 496.01655, 496.70959, 492.87979, 501.93277, 505.48176, 488.83974, 498.29282, 496.11689, 499.5501, 503.13644, 506.24775, 501.97463, 500.84264, 503.6456, 498.92233, 491.06465, 504.90797, 506.30349, 493.19939, 507.18883, 499.4875, 492.36333, 502.1942, 504.3537, 498.37545, 502.30604, 484.24327, 500.26658, 500.04794, 490.86338, 498.42962, 488.53615, 501.46826, 483.6687, 503.31871, 496.16914, 506.30064, 502.16158, 503.63445, 498.80331, 495.64682, 507.87376, 493.63328, 495.108, 499.66637};