name="EBOwithCMAR CEC17";
dim=30;
bound=3;
testID=10;
(*--------*)
min=953.41997;
max=1973.5506;
median=1538.8331;
mean=1533.4240739215688;
std=231.8785453491574;
(*--------*)
data={1757.2401, 1786.9049, 1354.5858, 1677.5142, 1538.8331, 1404.6016, 1250.6284, 1651.0399, 1781.8001, 1861.0647, 1427.2518, 1697.7191, 1735.6868, 1212.5004, 1827.9925, 1397.8918, 1443.6544, 1671.7303, 1641.8228, 1262.7446, 1895.0689, 1568.5542, 1484.8374, 1659.5871, 1857.6982, 1525.8231, 1241.5386, 1897.2112, 1340.6915, 1623.7169, 1325.951, 1345.731, 1868.5258, 1377.2014, 1725.2786, 1807.443, 1166.0079, 1325.8238, 1572.1043, 1318.446, 953.41997, 1239.4193, 1629.3565, 1452.4393, 1430.4036, 1292.8073, 1973.5506, 1287.0522, 1550.7339, 1610.6946, 1474.3033};