name="EBOwithCMAR CEC17";
dim=30;
bound=2;
testID=12;
(*--------*)
min=11.244316;
max=899.30394;
median=366.62872;
mean=404.87587992156864;
std=211.7065387485002;
(*--------*)
data={784.93165, 567.41869, 11.244316, 367.06197, 257.26226, 348.00515, 366.62872, 485.09995, 256.22411, 248.62364, 248.25978, 144.30989, 350.4779, 659.04336, 221.21161, 750.86354, 474.47131, 619.76731, 244.96808, 369.10737, 564.46467, 470.88511, 122.44088, 372.47828, 449.31802, 752.39819, 244.60423, 129.7522, 363.00604, 741.69977, 438.7944, 431.9165, 573.24203, 597.7716, 228.52277, 899.30394, 130.32409, 343.6, 135.30714, 248.19039, 643.97308, 366.61743, 656.29791, 261.48991, 354.34167, 140.78142, 139.60413, 599.81332, 782.07631, 320.35605, 370.31779};