name="EBOwithCMAR CEC17";
dim=30;
bound=1;
testID=11;
(*--------*)
min=0.;
max=62.964012;
median=2.9848772;
mean=8.886156917647062;
std=17.72043246804583;
(*--------*)
data={2.9848772, 5.9765392, 7.9664573, 2.9848772, 1.9899181, 4.9747953, 1.9899181, 1.9899181, 6.9714983, 1.9899181, 3.9798362, 1.9899181, 6.9714983, 5.9765392, 1.9899181, 1.9899181, 4.9815802, 3.9798362, 1.9899181, 0.99495906, 2.9848772, 61.969053, 60.974094, 1.9899181, 1.9899181, 1.9899181, 2.9848772, 1.9899181, 1.9899181, 6.9714983, 2.9848772, 0.99495906, 5.9765392, 60.974094, 0.99495906, 61.969053, 1.9899181, 3.9866211, 1.9899181, 1.9899181, 7.9664573, 1.9899181, 0., 2.9848772, 1.9899181, 0.99495906, 62.964012, 0.99495906, 3.9798362, 4.9815802, 0.};