name="EBOwithCMAR CEC17";
dim=30;
bound=0;
testID=25;
(*--------*)
min=383.45805;
max=386.76142;
median=386.73742;
mean=386.5437880392157;
std=0.7643619260978891;
(*--------*)
data={386.7411, 386.73911, 386.744, 386.75354, 386.73911, 386.74664, 386.7411, 386.73717, 386.74545, 386.73778, 386.72713, 386.72669, 386.69285, 386.76142, 386.6989, 386.73742, 386.73911, 386.73717, 386.74664, 386.74559, 386.71788, 386.73911, 386.73841, 386.70086, 386.70537, 386.74559, 383.45805, 383.55202, 386.73703, 386.73717, 386.6999, 383.54276, 386.70355, 386.74452, 386.7323, 386.76105, 386.73721, 386.68783, 386.71438, 386.73911, 386.7411, 386.75559, 386.75327, 386.72669, 386.73793, 386.73717, 386.69279, 386.74901, 386.71988, 386.72669, 386.76105};