name="EBOwithCMAR CEC17";
dim=30;
bound=2;
testID=23;
(*--------*)
min=337.79844;
max=354.09536;
median=347.9567;
mean=347.3175401960784;
std=3.4846866375417394;
(*--------*)
data={347.70213, 348.49998, 348.1738, 337.79844, 345.95749, 346.32657, 347.65434, 349.36876, 350.6832, 344.70545, 339.1716, 348.88674, 348.09616, 348.33623, 339.9017, 345.32627, 353.34491, 347.72099, 346.83888, 348.8653, 351.89673, 341.77531, 347.58988, 340.55936, 342.93345, 347.86808, 348.70481, 354.09536, 343.98433, 351.58884, 348.29533, 345.759, 343.48656, 349.16402, 348.16731, 347.08312, 346.85094, 349.33168, 351.51616, 349.09521, 348.23623, 344.78045, 346.70261, 349.32593, 350.64496, 347.9567, 348.03114, 353.30424, 350.57793, 345.68543, 344.84451};