name="EBOwithCMAR CEC17";
dim=30;
bound=0;
testID=24;
(*--------*)
min=100.00001;
max=428.667;
median=424.53765;
mean=414.0230737254903;
std=54.814872733282805;
(*--------*)
data={423.48616, 423.37589, 423.95749, 422.70287, 425.04882, 424.33545, 425.22553, 425.50697, 425.46549, 425.8725, 424.72187, 424.7978, 425.08572, 423.52808, 423.81403, 423.04996, 424.9116, 426.16304, 426.60837, 424.76316, 423.31488, 424.51102, 422.97328, 426.40098, 423.1685, 424.75349, 424.99352, 422.50889, 426.33976, 424.43152, 428.56607, 424.47348, 423.80639, 427.39127, 424.53765, 428.12365, 200., 424.58613, 424.41932, 423.05829, 422.94321, 426.76592, 423.93635, 426.24892, 426.43298, 428.667, 422.06329, 427.47615, 100.00001, 422.87174, 422.9923};