name="EBOwithCMAR CEC17";
dim=30;
bound=1;
testID=26;
(*--------*)
min=200.00002;
max=994.4159;
median=872.32682;
mean=636.7506813725489;
std=342.62551540427;
(*--------*)
data={912.21439, 200.00002, 938.60189, 200.00002, 200.00005, 958.96189, 218.25396, 300.00004, 872.32682, 300.00005, 978.18016, 200.00003, 936.13686, 931.19789, 944.95013, 977.12524, 200.00004, 949.94377, 890.59916, 300.00002, 819.5423, 300.00004, 888.9718, 901.67611, 952.12913, 988.05046, 942.40667, 300.0001, 300.00002, 300.00005, 300.00005, 300.00006, 924.43572, 974.76367, 939.88138, 839.45833, 950.45846, 300.00004, 200.00003, 200.00002, 994.4159, 200.00006, 300.00005, 871.05822, 982.09127, 963.92975, 901.67611, 929.74488, 901.10132, 200.00008, 200.00024};