name="EBOwithCMAR CEC17";
dim=30;
bound=4;
testID=14;
(*--------*)
min=20.99733;
max=25.02684;
median=22.993898;
mean=22.98198484313726;
std=1.1631723302791268;
(*--------*)
data={22.265078, 21.99303, 25.008865, 23.977351, 25.006563, 21.996769, 22.001316, 21.989987, 23.802212, 20.999269, 22.996238, 23.009412, 22.063163, 21.990014, 23.020167, 23.058266, 23.063349, 22.02613, 22.988002, 24.977435, 24.001633, 22.992371, 25.02684, 22.986058, 22.306673, 23.019499, 24.008758, 22.030555, 23.981966, 21.141147, 22.000039, 24.001398, 24.976051, 21.998209, 24.015226, 22.998897, 24.002163, 22.991738, 22.993898, 24.020475, 21.995436, 23.056169, 20.99733, 23.99562, 22.059371, 21.027294, 22.045926, 24.9929, 24.132289, 21.064282, 22.9884};