name="EBOwithCMAR CEC17";
dim=30;
bound=3;
testID=26;
(*--------*)
min=200.00004;
max=920.87002;
median=825.14516;
mean=653.1312150980392;
std=283.3768069982807;
(*--------*)
data={825.14516, 839.45833, 839.45833, 200.00009, 300.00004, 812.44393, 300.00004, 786.88629, 745.88881, 876.50593, 200.00005, 300.00003, 852.28702, 839.45833, 908.31744, 901.67611, 218.20392, 825.14516, 804.35951, 828.18408, 780.29228, 839.45833, 200.00009, 866.48615, 300.00006, 300.00003, 300.00009, 900.12884, 300., 874.84083, 914.14073, 218.20392, 806.6897, 880.06457, 870.06406, 200.00009, 839.45833, 200.00004, 300.00003, 847.46813, 789.61152, 300.00002, 854.14264, 853.03945, 839.45833, 300.00004, 892.98477, 871.87746, 854.14264, 920.87002, 892.85018};