name="EBOwithCMAR CEC17";
dim=30;
bound=3;
testID=11;
(*--------*)
min=0.;
max=61.969053;
median=2.9848772;
mean=4.338648245490197;
std=8.51107614404366;
(*--------*)
data={0.99495906, 1.9899181, 1.9899181, 5.9765392, 2.9848772, 0., 5.9765392, 2.9848772, 0., 1.9899181, 5.9765392, 5.9765392, 2.9848772, 2.9848772, 7.9664573, 0.99495906, 2.9848772, 6.9714983, 0.99495906, 0.99495906, 0.99495906, 2.9848772, 0.99495906, 5.9765392, 0.99495906, 6.9714983, 5.9765392, 6.9714983, 5.9765392, 4.9815802, 2.9848772, 0., 1.9899181, 3.9798362, 0.99495906, 1.9899181, 0.99495906, 4.9815802, 4.9815802, 2.9848772, 2.9848772, 0.99495906, 61.969053, 2.9848772, 0.99495906, 2.9848772, 4.9815802, 1.9899181, 0.99495906, 4.9815802, 2.9848772};