name="EBOwithCMAR CEC17";
dim=30;
bound=5;
testID=24;
(*--------*)
min=200.;
max=428.56926;
median=424.15493;
mean=415.9135929411765;
std=44.08772449047118;
(*--------*)
data={423.37968, 427.37921, 423.00841, 424.57946, 424.51038, 422.84116, 421.62876, 422.54502, 428.56874, 423.48003, 200., 426.95211, 424.22812, 427.14967, 424.06469, 423.78078, 422.82975, 422.34089, 423.56521, 426.0757, 200., 423.14081, 423.53026, 424.95227, 426.358, 425.49338, 426.41359, 423.49971, 424.05042, 423.33746, 425.83463, 423.97168, 428.23235, 425.91641, 426.16458, 426.6228, 423.87101, 424.31389, 423.93635, 424.15493, 423.32431, 425.23755, 424.69025, 423.26893, 428.56926, 423.24706, 425.48757, 422.99439, 426.53629, 424.16937, 427.36596};