name="EBOwithCMAR CEC17";
dim=30;
bound=1;
testID=27;
(*--------*)
min=489.50531;
max=509.34603;
median=502.86907;
mean=502.1910733333333;
std=3.94965793506155;
(*--------*)
data={496.86099, 501.82764, 501.06091, 501.03535, 504.15565, 504.8938, 501.72203, 502.30333, 504.39298, 497.75728, 493.49433, 504.10045, 496.91404, 505.83634, 502.14005, 501.28245, 505.28523, 502.89907, 499.86809, 504.45551, 494.80935, 501.40948, 501.87139, 505.07938, 506.42063, 505.54702, 507.8181, 509.34603, 501.47874, 504.58789, 489.50531, 506.12444, 501.81675, 504.58789, 503.84349, 500.97908, 507.44892, 501.06091, 499.31628, 493.72471, 506.30039, 505.78235, 504.45175, 502.94052, 503.21322, 502.61364, 503.31687, 495.31184, 504.82287, 502.86907, 501.06091};