name="EBOwithCMAR CEC17";
dim=30;
bound=4;
testID=26;
(*--------*)
min=200.00001;
max=963.71967;
median=300.00005;
mean=474.5436237254902;
std=302.0570514408205;
(*--------*)
data={864.79316, 870.06406, 300.00004, 300., 300.00006, 864.31426, 933.69318, 300.00003, 200.00003, 300.00005, 901.67611, 300.00006, 300., 300.00003, 300., 200.00003, 300.00016, 200.00004, 200.00002, 889.87087, 200.00004, 300.00005, 870.06406, 857.34655, 300., 200.00009, 300.00011, 300.00004, 200.00007, 300.00004, 890.23333, 300.00005, 963.71967, 300.00001, 906.81364, 880.36723, 200.00029, 944.70635, 200.00002, 927.61148, 300.00005, 300.00006, 838.67616, 300., 884.04681, 895.52226, 200.00001, 218.20392, 200.00005, 300.00003, 300.00015};