name="EBOwithCMAR CEC17";
dim=30;
bound=5;
testID=21;
(*--------*)
min=100.;
max=208.2896;
median=203.11358;
mean=199.3434270588235;
std=20.337019418957865;
(*--------*)
data={201.82799, 201.99118, 204.93321, 203.00089, 205.14914, 204.07465, 203.38684, 203.5016, 204.02269, 201.99118, 201.73856, 204.18135, 200., 200., 201.96261, 203.14292, 202.94431, 205.27612, 201.66569, 204.21964, 202.03507, 203.03809, 205.28424, 201.66634, 100., 205.02066, 205.45952, 203.1091, 204.29425, 204.49709, 200., 203.81791, 204.54865, 208.2896, 205.43951, 203.11358, 204.21964, 202.83263, 204.1767, 100., 203.08282, 201.97408, 204.02264, 206.31551, 200., 204.00695, 203.05251, 202.99375, 205.16677, 203.00089, 203.04571};