name="EBOwithCMAR CEC17";
dim=30;
bound=0;
testID=29;
(*--------*)
min=378.10172;
max=452.40778;
median=434.5206;
mean=432.69777000000005;
std=12.918351088406135;
(*--------*)
data={445.5921, 447.84713, 437.74601, 409.47783, 435.47284, 444.88477, 442.11989, 432.34223, 434.86148, 437.60535, 441.04854, 428.78114, 445.87411, 436.18899, 430.33308, 435.99639, 425.85792, 420.17545, 424.92645, 427.60221, 432.54364, 445.40215, 440.75213, 433.59097, 440.5816, 378.10172, 452.40778, 451.87558, 433.68722, 446.31586, 432.79699, 438.81931, 428.07838, 431.46047, 439.10283, 431.84847, 413.03671, 407.02333, 431.71219, 422.28931, 429.00326, 427.82231, 423.98863, 434.5206, 442.6906, 441.04211, 441.6182, 419.86034, 412.10093, 442.4323, 436.34644};