name="EBOwithCMAR CEC17";
dim=30;
bound=0;
testID=18;
(*--------*)
min=20.229305;
max=26.276012;
median=22.35834;
mean=22.423823647058814;
std=1.375079250493932;
(*--------*)
data={22.561114, 22.435691, 24.365341, 20.571506, 23.401281, 23.380835, 22.312475, 22.425775, 24.726904, 22.25844, 23.487384, 22.490973, 22.567059, 20.367692, 24.422667, 22.279933, 24.450539, 20.375052, 21.999292, 22.789799, 21.436595, 24.517495, 21.416319, 22.400849, 22.297163, 22.445845, 21.514143, 25.670418, 23.394453, 20.532097, 20.229305, 23.487127, 20.504376, 24.06492, 21.466411, 22.528516, 22.20272, 20.41744, 21.363512, 21.322379, 21.508483, 22.202311, 23.432406, 22.434816, 22.471401, 21.685772, 21.518275, 22.35834, 21.537466, 21.307889, 26.276012};