name="EBOwithCMAR CEC17";
dim=30;
bound=2;
testID=25;
(*--------*)
min=383.50079;
max=386.86432;
median=386.73721;
mean=386.55039764705884;
std=0.755470365914081;
(*--------*)
data={386.74077, 386.72669, 386.73721, 386.7124, 386.76453, 386.73717, 386.72312, 386.71708, 386.72669, 386.7411, 386.7411, 386.74624, 386.73717, 386.75386, 386.71951, 386.72669, 386.68783, 386.73551, 386.7536, 386.73721, 386.76613, 386.74408, 386.73841, 386.72669, 386.76378, 386.7411, 383.58947, 386.73717, 386.73717, 386.73721, 383.50079, 386.72669, 386.73841, 386.74559, 386.73717, 386.744, 386.72669, 386.75341, 386.71341, 386.74, 386.86432, 386.73721, 386.75076, 386.75341, 386.75432, 386.69298, 386.73841, 386.71101, 386.69131, 383.59029, 386.71341};