name="EBOwithCMAR CEC17";
dim=30;
bound=4;
testID=19;
(*--------*)
min=5.034383;
max=13.180159;
median=8.870159;
mean=9.032223499999997;
std=2.408690556865755;
(*--------*)
data={9.9555557, 8.2441925, 8.3405739, 5.6211511, 7.7742071, 10.694391, 7.6619636, 10.158033, 11.903405, 8.1924385, 13.098238, 12.601863, 11.904513, 6.9690096, 11.739809, 7.342404, 11.296935, 9.6574478, 12.933804, 5.9451978, 11.316624, 9.861189, 10.174007, 13.180159, 8.8840414, 11.852145, 8.3400718, 6.1000427, 5.8079346, 8.2206725, 5.034383, 5.2426544, 8.6925568, 13.178541, 7.8864328, 10.466416, 10.334715, 8.8541913, 8.870159, 5.5279232, 7.2975308, 6.1400447, 12.948574, 10.689508, 8.9110953, 10.30305, 5.6793644, 7.1946166, 6.7730496, 5.9638576, 8.8827154};