name="EBOwithCMAR CEC17";
dim=30;
bound=2;
testID=24;
(*--------*)
min=100.00001;
max=425.39268;
median=420.63953;
mean=401.78972647058816;
std=67.84585818962994;
(*--------*)
data={420.18465, 420.73689, 419.21654, 422.73517, 100.00001, 424.5804, 423.88452, 423.27913, 417.53893, 419.78116, 419.18017, 422.41252, 421.90365, 200., 421.2807, 419.52622, 425.39268, 419.78116, 420.40056, 421.49412, 417.38481, 423.80215, 419.29471, 422.63787, 419.57165, 419.09767, 418.7595, 424.12056, 422.18778, 422.70093, 420.47165, 421.58773, 422.79832, 422.57508, 419.12107, 419.78116, 420.40056, 420.91312, 422.67081, 417.93396, 421.5876, 420.33062, 419.82922, 423.79046, 200.68167, 420.85908, 420.7399, 420.63953, 419.78116, 201.02652, 420.89002};