name="EBOwithCMAR CEC17";
dim=30;
bound=3;
testID=17;
(*--------*)
min=12.278561;
max=43.58381;
median=33.012599;
mean=32.72014807843137;
std=6.424760690265891;
(*--------*)
data={38.583669, 33.976865, 28.313235, 12.278561, 41.231361, 33.259486, 39.304258, 33.500723, 32.531163, 31.047128, 35.387897, 32.488923, 43.58381, 28.774806, 39.818719, 28.500904, 18.127991, 30.0438, 25.45551, 28.743055, 35.64408, 38.20243, 27.892083, 33.127455, 36.159402, 30.346635, 42.046901, 28.453679, 27.15032, 41.727178, 36.1494, 32.723619, 35.324193, 31.183426, 28.857503, 36.289398, 31.981826, 28.374504, 33.012599, 39.495527, 35.030171, 33.999373, 40.966742, 38.596861, 38.309886, 16.748458, 21.480587, 31.454527, 38.81033, 31.406565, 32.83003};