name="EBOwithCMAR CEC17";
dim=30;
bound=5;
testID=11;
(*--------*)
min=0.;
max=62.964012;
median=1.9899181;
mean=6.49554812627451;
std=14.252327511336372;
(*--------*)
data={0.99495906, 6.9714983, 0.99495906, 4.9747953, 5.9765392, 0.99495906, 5.9765392, 1.9899181, 2.9848772, 3.9866211, 4.9815802, 2.9848772, 6.9714983, 0.99495906, 5.9765392, 1.9899181, 4.9747953, 0.99495906, 0.99495906, 0., 1.9899181, 0.99495906, 2.9848772, 3.9866211, 1.9899181, 0.99495906, 5.9765392, 3.9866211, 0.99495906, 7.9664573, 6.9714983, 1.9899181, 61.969053, 1.9899181, 0.99495906, 62.964012, 61.969053, 4.9815802, 0.99495906, 0., 5.9765392, 5.9765392, 0.99495906, 1.9899181, 1.9899181, 1.9899181, 1.9899181, 0.99495906, 2.9848772, 1.9899181, 0.99495906};