name="EBOwithCMAR CEC17";
dim=30;
bound=3;
testID=19;
(*--------*)
min=5.2147362;
max=13.524759;
median=8.672308;
mean=8.913966166666665;
std=2.056412125997423;
(*--------*)
data={9.2762785, 9.0939979, 12.180577, 10.002274, 7.5702196, 5.5988358, 12.473995, 8.672308, 7.6417723, 10.304179, 5.9888654, 7.8152353, 8.625206, 5.2147362, 13.524759, 8.3098792, 11.127072, 7.6812407, 7.7144176, 5.9718509, 5.7788167, 9.0123243, 10.744276, 6.8720394, 9.1091749, 8.2836171, 8.3339833, 9.9400327, 13.120309, 5.8462095, 9.3823914, 11.227516, 8.5771541, 9.7855252, 10.558369, 5.6939617, 9.4444654, 10.122656, 7.4120084, 8.1686847, 9.4865483, 7.3449533, 8.6497177, 8.9241758, 11.233756, 6.8543407, 12.848086, 7.6056348, 10.796591, 7.7927617, 10.874495};