name="EBOwithCMAR CEC17";
dim=30;
bound=5;
testID=7;
(*--------*)
min=32.466337;
max=35.153791;
median=33.672217;
mean=33.62187439215687;
std=0.6496538050139653;
(*--------*)
data={32.814203, 33.338839, 32.486107, 33.982174, 33.831198, 33.239938, 34.201077, 32.673485, 34.127027, 33.703049, 34.767311, 34.165884, 32.946976, 32.789172, 34.376553, 33.363988, 34.059609, 33.416402, 33.672217, 33.212554, 35.153791, 34.911556, 33.184304, 33.901202, 33.035271, 33.892663, 32.890954, 33.43329, 34.287301, 33.525189, 34.007379, 33.676165, 34.271545, 34.12321, 34.138936, 32.527063, 32.733572, 32.525329, 34.327632, 32.87605, 32.466337, 33.572218, 34.033945, 34.063996, 34.248737, 34.067714, 33.453353, 33.726717, 33.356131, 33.547189, 33.589092};