name="EBOwithCMAR CEC17";
dim=30;
bound=2;
testID=20;
(*--------*)
min=21.242335;
max=60.144505;
median=39.62858;
mean=39.16681676470588;
std=8.226211259929443;
(*--------*)
data={39.151509, 41.057497, 47.208361, 40.801637, 53.969074, 28.344361, 42.800231, 40.672751, 51.32792, 21.242335, 25.356011, 43.124473, 40.906227, 39.517887, 39.891293, 26.828433, 42.938242, 38.505258, 30.964358, 56.0783, 39.62858, 28.407987, 34.802623, 37.256747, 34.012083, 40.48158, 42.635675, 27.87296, 41.213904, 40.953519, 36.930836, 34.914915, 28.456769, 26.306721, 46.464674, 43.546768, 43.981897, 45.198077, 32.343369, 51.670217, 37.702785, 33.583739, 35.622361, 35.204467, 43.278627, 51.923668, 35.1847, 36.67172, 33.003635, 47.421389, 60.144505};