name="EBOwithCMAR CEC17";
dim=30;
bound=2;
testID=5;
(*--------*)
min=0.;
max=9.3144922;
median=4.1045672;
mean=4.525239804313727;
std=2.094088806387213;
(*--------*)
data={2.9848772, 5.9697543, 5.9697543, 4.9747953, 1.9899181, 0.99495906, 3.9798362, 2.9848772, 2.9848772, 2.9848772, 2.9848772, 5.9697543, 3.9798362, 4.9747953, 1.9899181, 3.9798362, 9.3144922, 4.9747953, 2.9848772, 3.9798362, 8.9546315, 5.9697543, 5.9697543, 2.9848772, 4.1045672, 3.9798362, 4.9747953, 1.9899181, 4.9747953, 2.9848772, 7.9596725, 5.9697543, 5.9697543, 5.9697543, 5.9697543, 6.9306049, 7.9596725, 4.9747953, 4.481041, 3.9798362, 2.9848772, 6.9647134, 0.99495906, 7.9596725, 2.9848772, 5.9697543, 6.9647134, 2.9848772, 0., 2.9848772, 1.9899181};