name="EBOwithCMAR CEC17";
dim=30;
bound=4;
testID=23;
(*--------*)
min=345.30459;
max=360.13814;
median=351.34383;
mean=351.85249156862733;
std=2.8042460002085208;
(*--------*)
data={353.63448, 355.96408, 348.93668, 350.73854, 352.26893, 354.92745, 351.29298, 347.54098, 349.63921, 349.03354, 349.25884, 355.10807, 354.63635, 350.24983, 349.43951, 350.48261, 345.30459, 352.01145, 352.1933, 354.17454, 350.7129, 353.34235, 347.13903, 353.7, 359.76131, 350.83153, 350.34973, 350.35356, 352.33838, 353.82758, 349.70159, 355.06639, 353.69449, 355.40977, 353.61821, 351.26663, 350.43262, 350.1316, 352.27922, 352.63122, 350.26909, 352.78579, 352.43306, 350.36675, 351.44847, 351.34383, 360.13814, 349.86776, 348.03222, 350.98465, 353.38324};