name="EBOwithCMAR CEC17";
dim=30;
bound=4;
testID=7;
(*--------*)
min=32.288562;
max=35.302377;
median=33.754454;
mean=33.74085517647059;
std=0.776162794226822;
(*--------*)
data={33.931109, 33.075306, 33.188277, 33.480357, 34.512562, 33.369087, 33.608927, 34.842661, 32.826513, 34.421614, 33.754454, 32.477421, 35.302377, 33.294989, 33.470562, 32.662699, 34.392663, 32.346973, 32.288562, 34.222863, 32.495026, 35.216949, 33.978706, 32.992625, 34.172092, 32.320815, 33.324463, 33.556216, 34.683711, 33.63013, 34.326935, 33.561924, 34.022326, 33.348742, 34.32043, 33.573076, 33.44148, 35.246594, 34.253569, 34.400262, 32.948098, 33.778581, 33.305254, 32.805493, 33.760996, 34.265552, 34.072859, 34.178694, 34.196041, 34.950624, 34.185375};