name="EBOwithCMAR CEC17";
dim=30;
bound=3;
testID=16;
(*--------*)
min=6.2915198;
max=354.77158;
median=161.8891;
mean=170.53092319411763;
std=95.93713374902197;
(*--------*)
data={225.65093, 141.9358, 125.71679, 6.2915198, 294.59311, 240.52405, 139.74631, 227.54048, 125.12718, 130.4651, 121.41598, 279.90981, 240.62362, 342.0579, 121.04259, 164.02274, 298.89887, 273.83497, 128.76171, 256.71725, 219.84438, 255.50183, 6.7553952, 249.3737, 249.09997, 136.84487, 10.637419, 354.77158, 250.20994, 134.94163, 20.284473, 6.8436084, 284.98317, 160.15299, 236.66429, 32.548303, 142.0717, 294.45201, 14.085785, 165.36549, 6.3895305, 237.20292, 161.8891, 135.09863, 162.33591, 128.35727, 128.26031, 234.19515, 240.4531, 125.5083, 27.077619};