name="EBOwithCMAR CEC17";
dim=30;
bound=1;
testID=23;
(*--------*)
min=345.73646;
max=364.35275;
median=352.72199;
mean=353.1533117647059;
std=4.274063163025881;
(*--------*)
data={350.7129, 354.27554, 361.31419, 346.36592, 350.19137, 355.16644, 351.71887, 355.07189, 362.78541, 358.69354, 356.40443, 355.98914, 350.96886, 351.33031, 345.73646, 355.80388, 354.45806, 351.83273, 353.60137, 351.26036, 350.9003, 347.35473, 354.24174, 347.84122, 350.7523, 351.43736, 348.6287, 348.45091, 355.48461, 352.34341, 351.84789, 349.40911, 353.86602, 364.35275, 349.7117, 347.49326, 350.93745, 356.52289, 360.87374, 357.80889, 349.1466, 346.07395, 352.82266, 360.06037, 353.04514, 353.76565, 352.04199, 358.01144, 355.89211, 352.72199, 353.29635};