name="EBOwithCMAR CEC17";
dim=30;
bound=5;
testID=5;
(*--------*)
min=0.;
max=5.9697543;
median=1.9899181;
mean=2.293095845294117;
std=1.536793078802257;
(*--------*)
data={0.90822452, 0., 1.9899181, 3.9798362, 1.9899181, 2.9848772, 3.9798362, 1.9899181, 3.8586518, 0., 2.9848772, 1.9899181, 0.99495906, 2.9848772, 1.9899181, 0., 4.9747953, 2.9848772, 2.9848772, 4.9747953, 0.99495906, 3.9798362, 0., 0.99495906, 1.9899181, 0.99495906, 3.9798362, 4.9747953, 1.9899181, 1.8799456, 0.99495906, 5.9697543, 2.9848772, 0.99495906, 2.9848772, 5.9697543, 0.99495906, 0.99495906, 0.99495906, 3.9798362, 0.99495906, 1.9899181, 2.9848772, 0.99495906, 1.9899181, 2.9848772, 0.85556991, 0.99495906, 0.99495906, 2.9848772, 1.9899181};