name="EBOwithCMAR CEC17";
dim=30;
bound=5;
testID=13;
(*--------*)
min=1.1274592;
max=29.725801;
median=17.509474;
mean=16.36798954901961;
std=6.702896237630542;
(*--------*)
data={19.282165, 19.590708, 24.596205, 3.3853299, 16.594486, 16.592548, 17.008976, 19.231995, 17.539287, 23.443372, 15.264318, 29.725801, 16.594435, 19.387656, 17.132179, 16.731388, 15.241455, 17.763544, 25.72176, 17.701707, 18.691168, 1.348144, 22.585531, 15.236926, 1.1274592, 16.496061, 17.933547, 19.004154, 18.058666, 2.3241568, 26.115805, 16.002907, 3.3943277, 19.188552, 20.699645, 17.512993, 4.0553542, 18.540132, 22.117825, 15.180565, 23.862282, 17.057464, 15.743543, 20.097276, 21.362773, 1.4289268, 16.890695, 14.479282, 17.509474, 17.193583, 4.9989344};