name="EBOwithCMAR CEC17";
dim=30;
bound=4;
testID=11;
(*--------*)
min=0.;
max=61.969053;
median=2.9848772;
mean=7.698788492941179;
std=16.04858197815805;
(*--------*)
data={0.99495906, 5.9765392, 3.9798362, 0.99495906, 0.99495906, 0.99495906, 2.9848772, 1.9899181, 1.9899181, 1.9899181, 0.99495906, 3.9866211, 7.5651531, 0.99495906, 0., 0.99495906, 2.9848772, 6.9714983, 1.9899181, 1.9899181, 0.99495906, 0.99495906, 1.9899181, 1.8009978, 5.9765392, 5.9765392, 2.9848772, 1.9899181, 6.9714983, 61.969053, 1.9899181, 1.9899181, 5.9765392, 61.969053, 61.969053, 0., 1.9899181, 1.9899181, 2.9848772, 1.9899181, 3.9798362, 60.974094, 1.9899181, 2.9848772, 5.9765392, 2.9848772, 5.9765392, 2.9848772, 5.9765392, 5.9765392, 6.9714983};