name="EBOwithCMAR CEC17";
dim=30;
bound=2;
testID=4;
(*--------*)
min=0.;
max=64.117395;
median=3.9866239;
mean=24.57360491176471;
std=28.550617952695195;
(*--------*)
data={64.117395, 58.561557, 0., 3.9866239, 58.561557, 0., 0., 58.561557, 0., 3.9866239, 58.561557, 3.9866239, 64.117395, 0., 58.561557, 0., 0., 58.561557, 3.9866239, 0., 3.9866239, 3.9866239, 0., 58.561557, 3.9866239, 58.561557, 3.9866239, 58.561557, 58.561557, 3.9866239, 3.9866239, 0., 3.9866239, 0., 58.561557, 0., 3.9866239, 58.561557, 3.9866239, 0., 3.9866239, 58.561557, 0., 0., 58.561557, 64.117395, 0., 64.117395, 3.9866239, 58.561557, 58.561557};