name="EBOwithCMAR CEC17";
dim=30;
bound=0;
testID=26;
(*--------*)
min=200.;
max=976.35347;
median=782.28104;
mean=576.6039174509804;
std=319.8789526587462;
(*--------*)
data={300.00004, 200.0002, 300.00003, 850.84504, 854.14264, 872.32682, 300.00004, 300.00004, 200., 944.68042, 782.28104, 930.29854, 913.93898, 877.07471, 300.00006, 880.36723, 857.34655, 300.00004, 890.75401, 200.00012, 200.00003, 200.00001, 200.00004, 300.00009, 976.35347, 200.00006, 889.53389, 870.17035, 906.74971, 889.87087, 300.00003, 218.27702, 300.00013, 300., 300.00003, 200.00009, 872.32682, 300.00006, 904.44271, 918.50468, 300.00004, 901.67611, 839.45833, 890.22473, 886.90023, 200.00002, 819.5423, 860.39388, 200.00002, 908.31744, 300.00005};