name="EBOwithCMAR CEC17";
dim=30;
bound=4;
testID=5;
(*--------*)
min=0.;
max=5.9697543;
median=1.9899181;
mean=2.151435609411764;
std=1.3924280743017192;
(*--------*)
data={1.9899181, 0., 0., 3.9798362, 2.9848772, 1.9899181, 0., 2.9848772, 1.9899181, 2.9848772, 0.99495906, 2.9848772, 0.99495906, 2.9848772, 3.9798362, 3.9798362, 0.99495906, 3.9798362, 0.99495906, 0., 0.99495906, 1.9899181, 3.9798362, 5.9697543, 1.9899181, 1.9899181, 1.8492223, 1.9899181, 0., 0.99495906, 0.99495906, 2.7826919, 0., 2.9848772, 1.9899181, 2.9848772, 2.9848772, 3.9514883, 3.9798362, 1.9899181, 0.99495906, 3.633826, 0.99495906, 2.9848772, 0.99495906, 2.9848772, 2.9848772, 0.99495906, 0.99495906, 3.9798362, 0.99495906};