name="EBOwithCMAR CEC17";
dim=30;
bound=4;
testID=10;
(*--------*)
min=907.4054;
max=1799.1711;
median=1463.4052;
mean=1460.956447058824;
std=195.18285158827183;
(*--------*)
data={1259.7636, 1349.2802, 1661.9952, 1408.0159, 1667.3909, 1660.1685, 1438.2382, 1661.5009, 1353.9805, 1648.8803, 1611.5794, 1729.1143, 1354.4745, 1231.7727, 1604.3718, 1799.1711, 1550.7479, 1373.568, 1367.0614, 1173.8364, 1413.5847, 1033.7552, 1506.7213, 1487.132, 1574.4141, 1779.0636, 1196.15, 1515.0088, 1797.8716, 1356.8063, 1412.0327, 1603.9523, 1304.7624, 907.4054, 1246.562, 1508.4021, 1426.8384, 1551.3306, 1557.9993, 1194.4354, 1726.3064, 1634.8174, 1523.6212, 1399.266, 1589.6433, 1458.017, 1587.0301, 1300.3916, 1199.4501, 1463.4052, 1347.6906};