name="EBOwithCMAR CEC17";
dim=30;
bound=2;
testID=15;
(*--------*)
min=0.40921965;
max=5.7642386;
median=2.7431209;
mean=2.6931996813725485;
std=1.3120655456332164;
(*--------*)
data={3.461117, 5.7642386, 1.4057282, 2.456973, 1.2704148, 3.3162607, 3.3641223, 4.4057505, 3.4803824, 1.150221, 3.3366062, 0.47096462, 0.73618908, 0.40921965, 2.366137, 2.8007183, 2.7431209, 1.4314718, 1.3741286, 1.8300307, 3.0351288, 3.0292287, 2.8614247, 1.3142922, 2.4018321, 4.035182, 5.4946047, 3.8715234, 4.0528985, 4.0600991, 5.0379607, 1.628087, 1.8319865, 4.2123016, 3.3418881, 4.3572391, 1.4719819, 2.7698595, 1.5535894, 4.0612827, 2.8454569, 1.5090332, 3.4869733, 2.439747, 1.4323795, 2.621612, 1.0325683, 1.5627755, 4.4798865, 1.5086037, 2.4379618};