name="EBOwithCMAR CEC17";
dim=30;
bound=5;
testID=8;
(*--------*)
min=0.;
max=6.9647134;
median=1.9899181;
mean=2.4971521435294104;
std=1.6089143111793995;
(*--------*)
data={0.99495906, 1.9899181, 0.99495906, 1.9899181, 0.99495906, 2.9848772, 2.9848772, 2.9848772, 2.9848772, 0.99495906, 1.9899181, 5.9697543, 0., 0., 3.9798362, 3.9798362, 0.99495906, 1.9899181, 0.99495906, 0.99495906, 4.9747953, 2.9848772, 2.9848772, 2.9848772, 2.9848772, 0., 0.99495906, 1.9899181, 1.9899181, 0.99495906, 1.9899181, 1.9899181, 0.99495906, 3.9798362, 2.9848772, 0.99495906, 3.9798362, 4.9747953, 6.9647134, 4.9747953, 4.9747953, 3.9798362, 0., 1.9899181, 1.9899181, 0.99495906, 1.9899181, 2.9848772, 3.9798362, 2.9848772, 3.9798362};