name="EBOwithCMAR CEC17";
dim=30;
bound=0;
testID=10;
(*--------*)
min=855.33754;
max=1921.9602;
median=1542.1849;
mean=1493.5846229411761;
std=238.5823377319747;
(*--------*)
data={1800.6929, 953.96476, 1690.9108, 1294.3261, 1155.1478, 1592.4398, 1676.944, 1566.1244, 1658.8193, 1564.9541, 1258.5888, 1656.3877, 1283.2497, 1631.8016, 1534.322, 970.55777, 1650.6458, 1396.2586, 1677.0455, 1701.3059, 1780.5199, 1352.7849, 1638.4797, 1156.5173, 1420.6812, 1350.7655, 1644.3067, 1522.5863, 1368.9506, 1493.5081, 1645.9132, 1650.1253, 1772.8639, 1334.6035, 1605.2139, 1799.6425, 1233.3991, 1686.9345, 1513.2143, 1523.5776, 855.33754, 1299.0805, 1636.3838, 1229.9818, 1866.3162, 1385.5345, 1577.9111, 1542.1849, 1159.8416, 1921.9602, 1489.2083};