name="EBOwithCMAR CEC17";
dim=30;
bound=0;
testID=13;
(*--------*)
min=1.9980871;
max=24.226168;
median=16.434197;
mean=14.141128711764704;
std=6.303558473111754;
(*--------*)
data={4.3379909, 5.9871418, 4.9965678, 16.29808, 19.786929, 17.653048, 17.058396, 14.763455, 16.832324, 1.9980871, 5.2710088, 21.850349, 16.874886, 5.3304718, 4.0842843, 18.54008, 19.055163, 4.3324732, 19.360103, 4.7375553, 15.683426, 4.193071, 19.466906, 16.298092, 16.393344, 16.579441, 19.764412, 24.226168, 5.2669427, 22.847873, 15.475746, 17.668768, 16.434197, 18.393852, 16.789363, 18.881681, 15.952641, 16.025365, 21.843436, 4.3383132, 17.014944, 19.754018, 4.9751783, 15.810722, 14.937861, 17.967892, 17.592977, 16.962871, 14.297607, 16.868694, 3.3433681};