name="EBOwithCMAR CEC17";
dim=30;
bound=5;
testID=4;
(*--------*)
min=0.;
max=64.117395;
median=58.561557;
mean=43.10869456666667;
std=26.659838196491798;
(*--------*)
data={58.561557, 58.561557, 64.117395, 0., 58.561557, 58.561557, 0., 64.117395, 0., 64.117395, 58.561557, 58.561557, 0., 64.117395, 0., 0., 58.561557, 58.561557, 58.561557, 58.561557, 58.561557, 0., 58.561557, 58.561557, 58.561557, 58.561557, 0., 58.561557, 0., 0., 58.561557, 0., 58.561557, 58.561557, 58.561557, 0., 58.561557, 3.9866239, 58.561557, 64.117395, 0., 58.561557, 58.561557, 58.561557, 58.561557, 58.561557, 58.561557, 58.561557, 58.561557, 58.561557, 58.561557};