name="EBOwithCMAR CEC17";
dim=30;
bound=5;
testID=14;
(*--------*)
min=4.5703559;
max=27.038364;
median=22.991325;
mean=22.10961227254901;
std=3.870838188181897;
(*--------*)
data={4.976893, 20.996408, 23.020474, 24.054513, 24.398005, 22.002311, 23.132474, 23.019409, 21.261614, 21.006622, 21.014465, 24.972331, 23.065928, 20.147331, 22.010562, 22.98633, 24.9907, 23.006535, 22.006108, 22.011566, 21.06816, 22.999559, 23.012323, 24.974915, 21.988943, 23.989262, 23.327821, 22.991325, 21.020715, 20.016025, 25.970437, 21.011225, 25.045162, 24.046079, 21.060897, 4.5703559, 21.069585, 21.989125, 21.99951, 23.128762, 23.980821, 22.987702, 22.028441, 25.045203, 23.984614, 21.991899, 23.006969, 27.038364, 23.078249, 25.013006, 20.074193};