name="EBOwithCMAR CEC17";
dim=30;
bound=4;
testID=20;
(*--------*)
min=8.8097436;
max=59.21761;
median=37.27026;
mean=36.506976011764706;
std=7.851291160600927;
(*--------*)
data={43.936993, 37.767759, 42.773596, 37.222188, 42.848198, 47.265777, 43.445534, 27.124447, 31.273188, 42.494025, 36.487908, 31.921523, 34.99454, 34.704102, 40.28237, 37.86179, 33.865784, 27.248335, 39.990376, 38.017691, 36.096328, 37.951824, 37.27026, 35.654259, 31.787973, 26.461094, 33.196236, 46.911465, 40.969477, 59.21761, 35.569395, 37.891418, 44.704999, 37.809844, 35.935377, 28.208477, 29.437093, 42.232514, 29.60914, 31.129724, 28.144185, 39.255545, 21.731631, 42.425996, 38.85339, 8.8097436, 32.776212, 50.224663, 41.857624, 28.962547, 39.243609};