name="EBOwithCMAR CEC17";
dim=30;
bound=0;
testID=21;
(*--------*)
min=200.;
max=209.45032;
median=203.12202;
mean=203.2763962745098;
std=1.8022647317361136;
(*--------*)
data={200., 204.18651, 203.12202, 202.96958, 200., 202.96573, 204.99784, 201.64457, 202.99405, 205.38478, 203.89314, 204.16265, 201.87695, 203.04092, 204.51379, 204.32335, 203.94502, 206.11637, 200., 204.38144, 206.37267, 204.23377, 201.66569, 204.44798, 201.77815, 201.96261, 203.3734, 204.34842, 203.09931, 204.17776, 205.21947, 209.45032, 204.19969, 200., 201.80665, 201.97408, 203.25828, 203.97885, 203.25631, 202.00513, 203.05598, 201.64457, 202.0461, 204.15046, 203.10532, 203.00089, 200., 203.14423, 202.99855, 202.81794, 206.00492};