name="EBOwithCMAR CEC17";
dim=30;
bound=0;
testID=7;
(*--------*)
min=32.0268;
max=35.257358;
median=33.639126;
mean=33.58691935294118;
std=0.7983616759807505;
(*--------*)
data={34.02167, 34.480357, 33.662666, 34.843791, 32.678987, 33.748809, 32.981326, 33.975511, 32.128462, 32.906819, 33.003662, 32.767163, 34.886596, 33.758212, 34.369595, 34.749668, 32.0268, 34.583146, 33.679597, 32.954505, 34.519929, 33.309289, 34.322571, 35.257358, 33.551781, 33.849562, 32.484344, 33.344931, 32.866587, 33.361658, 33.204502, 33.845574, 34.312942, 32.881379, 33.988133, 32.804072, 33.309165, 34.384337, 34.402547, 33.225826, 32.411417, 33.198863, 35.083673, 33.792003, 32.553305, 33.686528, 33.334779, 32.20061, 34.047411, 33.639126, 33.551343};