name="EBOwithCMAR CEC17";
dim=30;
bound=5;
testID=30;
(*--------*)
min=1941.6241;
max=2084.8605;
median=1970.8538;
mean=1977.72298627451;
std=34.005605079580725;
(*--------*)
data={1971.4313, 1970.7724, 1970.7398, 1987.6086, 2045.5004, 1956.3613, 1945.0933, 1942.1312, 2030.2897, 1971.6787, 1971.2434, 1969.2517, 1956.0723, 1946.7607, 1970.5394, 1971.0133, 1942.086, 1942.088, 1942.3024, 1972.0063, 1942.0178, 2018.6144, 1941.7274, 2084.8605, 1967.6342, 1941.7158, 1981.6947, 1988.7609, 1967.7373, 1970.8538, 1992.7234, 2002.9463, 1968.1632, 1941.6747, 1955.7808, 1960.429, 1981.836, 1971.3225, 1974.0316, 1942.1157, 2036.6783, 1941.6241, 2036.6921, 2052.2873, 2054.5294, 1970.107, 1988.2945, 1969.4068, 1971.445, 1990.3304, 1980.8672};