name="EBOwithCMAR CEC17";
dim=30;
bound=1;
testID=21;
(*--------*)
min=100.;
max=207.61962;
median=203.02372;
mean=198.90679235294118;
std=20.242883630569395;
(*--------*)
data={202.98102, 204.25419, 204.49833, 207.61962, 205.19216, 203.04571, 200., 204.19262, 204.13614, 202.26584, 200., 204.15663, 201.93322, 203.1677, 205.41033, 201.9175, 204.35543, 203.08297, 203.09709, 201.87695, 201.80371, 200., 201.99118, 201.85848, 201.97408, 204.17214, 203.9615, 203.02996, 204.08894, 203.26469, 203.02372, 100., 201.80665, 203.27104, 203.36048, 100., 205.05184, 202.03507, 203.22892, 200., 206.39001, 201.92431, 203.05538, 204.26294, 201.87159, 202.0461, 203.02174, 201.73856, 200., 202.90562, 201.92431};