name="EBOwithCMAR CEC17";
dim=30;
bound=3;
testID=7;
(*--------*)
min=32.152995;
max=35.8157;
median=33.574683;
mean=33.537569372549015;
std=0.6695218404899117;
(*--------*)
data={34.05926, 33.368973, 33.419661, 32.900926, 34.475347, 33.914586, 33.198813, 33.405646, 33.664149, 33.729971, 33.997036, 33.483452, 33.535584, 32.93066, 33.298514, 33.583912, 33.480359, 33.774452, 33.724839, 33.793254, 32.152995, 32.992897, 34.262619, 35.8157, 33.286488, 34.314368, 33.851577, 33.635656, 32.541586, 32.881682, 32.164223, 33.512041, 33.911253, 33.00563, 33.764108, 32.444077, 32.299877, 34.029028, 33.839119, 34.807382, 33.719921, 34.801627, 33.719043, 33.491872, 32.989787, 32.944061, 33.574683, 33.692888, 33.311454, 33.216235, 33.702767};