name="EBOwithCMAR CEC17";
dim=30;
bound=5;
testID=10;
(*--------*)
min=836.52541;
max=2094.9139;
median=1474.6395;
mean=1470.396334313725;
std=254.02553658272993;
(*--------*)
data={1432.4352, 1134.6387, 1229.4412, 1508.6996, 1715.1512, 1221.5455, 2094.9139, 1749.8904, 1474.6395, 836.52541, 1971.7108, 1158.4262, 1472.1538, 1678.9508, 1659.0169, 1768.3369, 1438.4109, 1190.3215, 881.67934, 1151.5496, 1338.8162, 1282.5743, 1795.7332, 1559.5276, 1329.2011, 1460.1769, 1246.038, 1501.8511, 1494.8849, 1614.9689, 1597.9528, 1240.1087, 1241.3025, 1621.7252, 1524.9652, 1675.4254, 1728.0812, 1344.8563, 1456.0623, 1817.5705, 1498.1753, 1572.8707, 1365.2803, 1329.9172, 1613.0645, 1836.7744, 1345.0041, 1422.6195, 1578.5423, 1645.7021, 1142.003};