name="EBOwithCMAR CEC17";
dim=30;
bound=4;
testID=30;
(*--------*)
min=1941.3976;
max=2170.6595;
median=1981.4367;
mean=1995.5034392156865;
std=46.162882011460624;
(*--------*)
data={1981.4367, 1952.2727, 1971.9105, 2075.3219, 2005.4331, 1971.5299, 1970.9988, 1957.8399, 1968.044, 1968.2363, 1982.1525, 2025.9239, 2025.8963, 1941.6768, 1967.7863, 1968.2122, 2019.906, 1956.4325, 1999.1259, 1941.7071, 1941.3976, 1971.3183, 2057.4913, 1997.9616, 2095.3726, 1956.2736, 1970.8032, 1967.6131, 2002.9547, 1942.1606, 1997.9367, 2022.8458, 1970.1544, 2003.0645, 1982.7537, 1970.4403, 1970.9907, 1971.3336, 2170.6595, 2086.9902, 1982.3614, 2002.573, 1970.7489, 1972.2298, 2086.1002, 2000.121, 2001.8477, 2046.6726, 2052.3136, 1982.01, 1971.3379};