name="EBOwithCMAR CEC17";
dim=30;
bound=3;
testID=18;
(*--------*)
min=20.280992;
max=26.510503;
median=21.533994;
mean=21.94264223529411;
std=1.3569838319716647;
(*--------*)
data={21.863379, 22.486144, 23.308836, 20.401933, 21.488783, 20.444524, 22.410454, 23.348386, 23.378762, 23.512337, 21.215678, 21.533994, 20.474291, 21.375134, 22.381366, 23.385237, 21.767881, 21.424879, 23.506845, 21.661116, 25.409054, 20.571728, 24.372532, 20.497914, 23.87204, 22.765094, 20.407858, 20.518212, 21.382712, 22.269712, 21.456064, 20.472171, 20.570853, 22.49796, 21.481531, 21.455104, 21.479218, 20.339897, 20.280992, 23.34701, 22.246145, 21.526326, 22.366225, 26.510503, 20.529959, 21.441237, 22.454002, 21.539962, 21.711093, 21.463102, 20.468585};