name="EBOwithCMAR CEC17";
dim=30;
bound=5;
testID=16;
(*--------*)
min=3.4543215;
max=294.9486;
median=21.542407;
mean=58.43082215882353;
std=71.36658716131463;
(*--------*)
data={13.957052, 17.878607, 30.421375, 150.02358, 121.35185, 140.23891, 17.862571, 34.540213, 21.412625, 17.985212, 28.6678, 10.076589, 13.872982, 294.9486, 14.227039, 17.308102, 27.290584, 21.776021, 10.763574, 86.011687, 21.542407, 56.618631, 21.272136, 6.8333532, 21.445743, 119.51725, 14.453265, 277.63334, 21.605647, 6.755411, 17.910195, 124.32666, 34.742739, 21.174824, 17.71088, 17.119408, 6.5036824, 140.12146, 19.64506, 128.86027, 132.72838, 17.56878, 121.89563, 247.24138, 14.023405, 17.754275, 30.388942, 30.456076, 3.4543215, 28.855026, 149.19838};