name="EBOwithCMAR CEC17";
dim=30;
bound=5;
testID=17;
(*--------*)
min=14.336449;
max=42.038154;
median=31.349689;
mean=30.376379176470582;
std=6.050054192939024;
(*--------*)
data={31.823551, 33.62755, 34.130968, 27.509487, 34.40527, 14.336449, 35.197537, 35.618906, 42.038154, 26.175845, 34.765966, 31.67256, 22.121733, 37.043294, 27.408029, 29.90996, 32.207646, 26.102383, 31.289621, 25.602865, 29.248898, 31.379119, 15.549604, 35.80369, 34.7544, 30.383194, 36.90429, 29.496582, 19.399306, 25.927822, 36.838455, 37.58366, 31.968212, 28.787613, 28.67275, 29.969439, 32.348047, 25.849695, 39.354614, 27.985185, 34.716505, 32.6468, 25.206532, 39.099954, 27.596938, 30.849903, 16.594128, 20.626826, 31.349689, 33.050298, 36.265416};