name="EBOwithCMAR CEC17";
dim=30;
bound=1;
testID=20;
(*--------*)
min=25.386537;
max=120.02228;
median=38.174747;
mean=39.229206843137256;
std=13.383020594738511;
(*--------*)
data={33.526686, 39.246744, 28.319583, 37.640794, 50.557519, 31.091486, 35.962062, 39.941506, 27.68693, 44.462703, 47.960809, 43.816783, 29.896274, 42.940107, 40.547274, 25.386537, 120.02228, 46.074019, 42.474811, 40.060499, 41.028144, 39.033347, 37.793417, 45.974417, 38.747217, 31.22976, 39.767087, 39.891066, 42.848585, 29.356371, 32.331982, 36.283459, 30.163754, 37.539769, 26.914318, 44.163163, 28.852734, 55.481506, 47.92819, 28.914391, 41.496968, 38.174747, 32.493035, 47.583963, 35.693914, 35.338526, 32.825899, 32.584755, 38.916165, 28.917227, 34.806267};