name="EBOwithCMAR CEC17";
dim=30;
bound=3;
testID=25;
(*--------*)
min=383.46033;
max=386.77311;
median=386.73717;
mean=386.48341411764704;
std=0.8692816271984043;
(*--------*)
data={383.46033, 386.72954, 386.77311, 386.74559, 386.7528, 386.75432, 386.74664, 386.73717, 386.70052, 386.72669, 386.73717, 386.73442, 386.68783, 386.73717, 386.74717, 386.73717, 386.70355, 386.744, 386.74223, 386.73721, 386.73721, 386.73717, 386.70727, 386.71767, 386.73614, 386.70537, 386.72669, 386.73717, 386.73266, 386.74906, 386.76237, 386.74049, 386.76272, 383.51286, 386.6999, 386.73717, 386.74559, 383.48521, 386.7411, 386.74891, 386.73677, 383.68103, 386.76866, 386.705, 386.73721, 386.74559, 386.69506, 386.71341, 386.75017, 386.72669, 386.73717};