name="EBOwithCMAR CEC17";
dim=30;
bound=0;
testID=11;
(*--------*)
min=0.;
max=61.969053;
median=2.9848772;
mean=5.276195466666668;
std=11.542008152609348;
(*--------*)
data={3.9866211, 1.9899181, 59.979135, 0.99495906, 4.9053028, 0., 4.9815802, 2.9848772, 0.99495906, 6.9714983, 0., 1.9899181, 1.9899181, 2.8567914, 1.9899181, 61.969053, 1.9899181, 0.99495906, 1.9899181, 5.9765392, 3.9798362, 5.9765392, 6.9714983, 0.99495906, 0.99495906, 1.9899181, 2.9848772, 5.9765392, 6.9714983, 0.99495906, 3.9798362, 2.9848772, 3.9798362, 4.9815802, 2.9848772, 1.9899181, 4.9815802, 1.9899181, 0., 0.99495906, 1.9899181, 2.9848772, 4.9815802, 0.99495906, 0.99495906, 3.9798362, 2.9848772, 7.9664573, 2.9848772, 1.9899181, 0.99495906};