name="EBOwithCMAR CEC17";
dim=30;
bound=4;
testID=29;
(*--------*)
min=360.77509;
max=535.52264;
median=431.36356;
mean=439.4745462745097;
std=32.1491218518981;
(*--------*)
data={364.12157, 426.97164, 435.41909, 488.93821, 431.6802, 445.77304, 421.79334, 411.16897, 445.14293, 438.4584, 535.52264, 418.11389, 508.46605, 466.2514, 423.01685, 422.62096, 429.33554, 438.00802, 433.45159, 422.34259, 425.83008, 472.67217, 423.76305, 489.39525, 424.51553, 437.24354, 431.98505, 443.85444, 418.91463, 420.21667, 425.01251, 426.57972, 502.85724, 360.77509, 524.41887, 468.59084, 430.83138, 440.84816, 443.76476, 426.05383, 417.24539, 430.39232, 459.34644, 418.18809, 431.36356, 429.68979, 427.03403, 440.20161, 428.5134, 448.03217, 438.47533};