name="EBOwithCMAR CEC17";
dim=30;
bound=3;
testID=14;
(*--------*)
min=20.015548;
max=25.255717;
median=22.986339;
mean=22.65535511764706;
std=1.2442260688930393;
(*--------*)
data={22.056984, 21.066681, 23.992693, 23.9774, 21.995667, 21.083514, 20.015548, 23.022649, 21.998249, 24.979141, 22.95354, 20.998506, 23.98658, 22.986115, 21.018666, 23.014203, 23.132074, 21.006795, 23.001473, 24.016341, 23.023517, 25.255717, 22.986006, 23.128676, 20.066921, 22.052388, 22.090736, 22.140529, 23.996175, 21.993654, 23.071666, 23.054854, 22.081285, 23.078336, 22.005265, 23.980603, 21.002244, 23.982971, 21.998514, 24.977284, 22.072291, 21.026163, 24.963773, 23.039844, 23.060843, 22.997941, 22.996992, 22.992295, 22.986339, 20.993992, 22.022478};