name="EBOwithCMAR CEC17";
dim=30;
bound=1;
testID=25;
(*--------*)
min=383.39008;
max=386.77367;
median=386.73442;
mean=386.4142350980393;
std=0.9799497439264322;
(*--------*)
data={386.72669, 386.73841, 386.72895, 386.70732, 386.74559, 386.74559, 386.77367, 386.72669, 383.45476, 386.73614, 386.73424, 386.70688, 386.74872, 386.73778, 386.74502, 386.73717, 386.72824, 386.72669, 386.74051, 386.73614, 383.601, 386.7637, 386.7411, 386.73442, 386.73717, 386.723, 386.76574, 386.73717, 383.41905, 386.70537, 386.73717, 386.70595, 386.73778, 386.73841, 386.73778, 386.73911, 386.72669, 386.72669, 386.73442, 386.72134, 386.73442, 386.73782, 386.71951, 386.74624, 386.71341, 386.72669, 386.73717, 383.49655, 383.39008, 386.73915, 386.72669};