name="EBOwithCMAR CEC17";
dim=30;
bound=2;
testID=17;
(*--------*)
min=12.846594;
max=43.521893;
median=31.464833;
mean=30.614608725490196;
std=6.159811718411949;
(*--------*)
data={36.223378, 31.919941, 35.459704, 30.233527, 37.590425, 33.758273, 19.841357, 22.115173, 32.096701, 12.846594, 32.900669, 34.28262, 43.521893, 31.464833, 32.444878, 34.220602, 22.09983, 34.672329, 31.782758, 30.414784, 22.560691, 38.882042, 28.649708, 30.638232, 39.489869, 28.719455, 33.802498, 29.906599, 28.845484, 35.439797, 29.148416, 29.484221, 27.435899, 37.360442, 39.984638, 27.075579, 36.026767, 42.016594, 23.887329, 26.954366, 24.825491, 22.833828, 25.202686, 32.028743, 35.509992, 28.069797, 20.303204, 31.609356, 32.387378, 30.859534, 21.516141};