name="EBOwithCMAR CEC17";
dim=30;
bound=0;
testID=23;
(*--------*)
min=344.70215;
max=362.46973;
median=352.22207;
mean=352.19462960784324;
std=4.09575261620961;
(*--------*)
data={357.87235, 352.2139, 355.02616, 352.74459, 352.22207, 354.42793, 353.88661, 355.81337, 351.79682, 351.51752, 353.66377, 358.10441, 358.32011, 352.29956, 349.89572, 355.51357, 353.73108, 353.69238, 349.27622, 355.01019, 346.9337, 351.97766, 353.32817, 350.53126, 349.688, 344.70215, 353.13205, 349.15506, 357.65118, 348.13067, 354.6265, 358.61519, 352.45648, 345.1817, 350.8184, 347.37565, 348.13843, 353.8287, 362.46973, 344.94887, 352.60657, 348.62589, 350.48498, 357.4529, 349.45711, 345.65128, 349.79978, 346.03435, 360.40379, 351.6997, 348.99188};