name="EBOwithCMAR CEC17";
dim=30;
bound=2;
testID=29;
(*--------*)
min=419.33767;
max=450.51447;
median=435.08902;
mean=434.0490074509804;
std=7.887565492753222;
(*--------*)
data={432.53938, 436.23284, 429.96875, 439.50016, 419.97293, 434.49093, 425.98194, 437.2633, 432.3059, 424.09416, 436.73908, 430.45356, 428.35639, 435.67889, 438.45281, 440.67625, 432.04793, 422.69866, 444.07123, 450.51447, 448.71508, 430.88091, 427.21356, 440.51851, 430.08415, 424.95643, 431.54059, 445.02472, 435.67165, 420.16241, 424.0828, 431.94191, 439.61504, 419.99105, 441.29215, 434.57879, 436.04681, 428.32953, 426.68514, 441.1738, 447.99726, 436.07844, 436.21159, 442.51416, 444.16033, 436.6524, 435.08902, 440.20109, 442.74098, 424.97185, 419.33767};