name="EBOwithCMAR CEC17";
dim=30;
bound=4;
testID=21;
(*--------*)
min=100.;
max=207.33208;
median=203.00581;
mean=199.1201747058824;
std=20.306495604819492;
(*--------*)
data={204.32843, 204.05733, 201.85848, 204.76439, 204.20488, 201.87695, 206.40031, 202.95193, 204.07504, 206.32547, 203.28508, 201.85848, 203.38169, 204.19549, 200., 100., 206.14604, 201.98729, 204.37642, 202.9883, 202.8437, 200., 206.40604, 203.11347, 203.91266, 201.87695, 201.79425, 203.13993, 202.03507, 202.96753, 200., 100., 203.00581, 206.37645, 201.87695, 200., 201.87926, 201.99118, 205.26166, 201.64457, 200., 203.89302, 203.03809, 203.38069, 201.87695, 206.27859, 203.22204, 201.80665, 201.77815, 203.33517, 207.33208};