name="EBOwithCMAR CEC17";
dim=30;
bound=1;
testID=24;
(*--------*)
min=100.;
max=430.87535;
median=425.96186;
mean=419.75663411764697;
std=45.69762391537692;
(*--------*)
data={423.68706, 428.31537, 427.74176, 425.62268, 425.8217, 425.09543, 425.37016, 425.7377, 428.74909, 425.33646, 426.24615, 428.59216, 425.96186, 424.01613, 425.89785, 426.61966, 423.95585, 426.40656, 428.65342, 424.17255, 424.1626, 423.6939, 427.32909, 426.66307, 426.52533, 427.21293, 427.22875, 427.89479, 425.14748, 427.42008, 100., 426.19858, 425.81097, 426.50036, 428.56642, 426.63668, 425.25907, 430.87535, 426.47027, 424.71732, 424.87536, 428.44423, 425.83142, 425.7843, 424.18123, 426.41999, 422.814, 426.32791, 425.53401, 426.18789, 424.87536};