name="EBOwithCMAR CEC17";
dim=30;
bound=0;
testID=5;
(*--------*)
min=0.;
max=9.3615742;
median=1.9899181;
mean=2.5678628599999995;
std=1.9903795509627773;
(*--------*)
data={0.99495906, 3.9798362, 5.9697543, 0.99495906, 1.9899181, 1.9899181, 0., 2.9848772, 1.9899181, 0.99495906, 4.8610389, 1.9899181, 3.2055044, 0., 1.9899181, 3.9798362, 1.9899181, 9.3615742, 3.9798362, 1.9899181, 4.1485061, 1.9899181, 0.99495906, 2.9848772, 5.9697543, 1.9899181, 0.99495906, 0.99495906, 4.9747953, 3.9798362, 3.9798362, 1.9899181, 1.9899181, 0., 0., 0.99495906, 0.99495906, 4.9747953, 1.9899181, 0.99495906, 4.9747953, 0.99495906, 2.9848772, 1.9899181, 2.9848772, 3.9798362, 2.9237634, 6.9647134, 0., 0.99495906, 0.};