name="EBOwithCMAR CEC17";
dim=30;
bound=5;
testID=26;
(*--------*)
min=200.00002;
max=993.17451;
median=300.00009;
mean=553.7183058823529;
std=324.34823489897235;
(*--------*)
data={300.00006, 883.59133, 949.22586, 300.00006, 870.06406, 218.20392, 300.00004, 993.17451, 300.00006, 218.34795, 200.00004, 300.00009, 890.23333, 200.00002, 300.00007, 300., 300.00006, 934.43618, 200.00022, 200.00003, 910.90003, 925.59292, 864.6634, 300.00005, 895.66503, 200.00019, 300.00003, 200.00003, 300.00012, 880.36723, 300.00001, 300.00003, 920.60296, 881.08514, 200.00031, 894.007, 961.23704, 882.93322, 806.6897, 200.00006, 300.00003, 928.28907, 300., 300.00002, 921.40219, 900.0261, 300.00002, 300.00009, 807.13919, 923.90866, 977.84584};