name="EBOwithCMAR CEC17";
dim=30;
bound=5;
testID=12;
(*--------*)
min=24.249335;
max=951.56429;
median=427.68896;
mean=426.07464343137264;
std=208.06369930023197;
(*--------*)
data={426.29202, 129.68265, 464.85356, 142.61827, 735.26497, 561.35045, 318.12547, 426.4308, 767.35569, 148.23122, 473.89215, 474.5407, 126.02707, 805.57118, 247.84932, 601.2001, 540.57212, 348.65244, 427.68896, 244.32662, 635.47909, 474.47135, 343.16674, 441.93747, 348.72181, 237.73342, 568.12024, 676.57362, 564.03138, 861.04337, 478.0139, 422.13379, 137.13261, 951.56429, 240.94861, 477.78919, 129.68265, 346.96111, 531.02042, 429.51434, 24.249335, 129.75204, 396.05436, 567.41869, 356.10236, 373.63496, 586.57312, 632.72877, 372.03349, 445.73183, 138.9627};