name="EBOwithCMAR CEC17";
dim=30;
bound=2;
testID=18;
(*--------*)
min=20.269271;
max=28.282642;
median=22.436562;
mean=22.574505294117635;
std=1.516893920409971;
(*--------*)
data={23.682461, 23.502313, 21.427565, 22.308366, 23.467929, 24.163618, 28.282642, 21.518992, 22.52125, 21.442006, 21.407072, 22.444682, 22.74087, 20.500199, 23.330631, 20.269271, 21.337828, 23.457895, 23.334391, 21.447216, 21.281044, 24.325872, 22.500151, 22.754613, 21.574486, 25.487107, 21.302904, 20.366007, 24.504634, 21.844087, 21.515795, 21.573892, 23.376617, 21.530728, 20.497339, 21.49466, 22.396622, 23.536807, 23.384131, 23.325873, 22.434805, 22.595022, 23.86608, 24.364389, 22.335889, 20.519805, 21.534745, 23.412404, 21.209999, 22.436562, 25.429504};