name="EBOwithCMAR CEC17";
dim=30;
bound=0;
testID=14;
(*--------*)
min=3.0245658;
max=26.978664;
median=22.100238;
mean=21.972025168627443;
std=3.5931996437111007;
(*--------*)
data={23.001369, 22.008563, 21.990165, 22.0255, 3.0245658, 24.959978, 24.001464, 22.005662, 20.003736, 24.036168, 22.06759, 22.021371, 22.132376, 24.075708, 21.038706, 23.136348, 21.99133, 21.000869, 22.978968, 23.995331, 8.9799698, 23.052732, 20.997963, 23.023399, 22.015207, 25.008838, 23.983081, 23.022965, 21.998208, 25.760873, 20.997751, 21.991083, 22.06274, 22.998633, 22.898241, 20.995433, 22.156393, 23.975897, 23.989344, 20.011514, 21.010331, 23.982704, 21.001304, 22.100238, 21.048157, 22.025892, 26.978664, 23.010173, 22.005416, 23.002841, 22.991531};