name="EBOwithCMAR CEC17";
dim=30;
bound=3;
testID=5;
(*--------*)
min=0.99495906;
max=9.9495906;
median=4.9747953;
mean=4.747217676862746;
std=2.0034049458284677;
(*--------*)
data={3.9798362, 2.9848772, 9.9495906, 3.9798362, 1.9899181, 6.9647134, 2.9848772, 5.9697543, 4.9747953, 4.9747953, 4.9747953, 4.3562168, 2.9848772, 3.9798362, 0.99495906, 2.9848772, 3.9798362, 5.9697543, 4.9747953, 3.9798362, 5.9697543, 6.9647134, 5.9697543, 4.9747953, 4.9747953, 6.9647134, 5.9697543, 2.9848772, 5.9697543, 8.9546315, 2.9848772, 1.9899181, 3.9798362, 4.9747953, 1.9899181, 5.9697543, 0.99495906, 4.9747953, 2.9848772, 2.9848772, 8.9546315, 1.9899181, 2.9848772, 7.9596725, 6.9647134, 4.9747953, 4.9314655, 5.9697543, 6.9647134, 4.9747953, 3.9798362};