name="EBOwithCMAR CEC17";
dim=30;
bound=3;
testID=20;
(*--------*)
min=13.952408;
max=151.29959;
median=39.001096;
mean=41.655703843137246;
std=17.636851507016406;
(*--------*)
data={40.521521, 34.669079, 34.350666, 44.188172, 44.708983, 35.497659, 61.732817, 40.13569, 42.811276, 39.156758, 38.063354, 57.083847, 31.064677, 36.181489, 41.201822, 27.9549, 37.998752, 55.429128, 39.001096, 36.427199, 51.813588, 53.906586, 36.712131, 47.6693, 37.720941, 13.952408, 41.99108, 41.075435, 32.451511, 40.34616, 51.754461, 33.24133, 37.060341, 33.631596, 31.484766, 41.698011, 41.647904, 31.76821, 41.126698, 45.43565, 38.301032, 29.285373, 30.45708, 151.29959, 45.073048, 42.152899, 37.590598, 37.238011, 35.71872, 31.077066, 41.580487};