name="EBOwithCMAR CEC17";
dim=30;
bound=5;
testID=18;
(*--------*)
min=20.288221;
max=26.69496;
median=22.348971;
mean=22.393734588235294;
std=1.553964039405239;
(*--------*)
data={24.474591, 20.566144, 22.38927, 23.572285, 22.483067, 23.227118, 26.69496, 22.390067, 21.384881, 23.376258, 24.700164, 20.288221, 20.332171, 24.295557, 22.521373, 22.481062, 20.599713, 21.480045, 20.570247, 22.324619, 21.749875, 23.227965, 21.276625, 21.516994, 20.526592, 22.337501, 22.495278, 22.348971, 26.539827, 22.58051, 22.417245, 21.473736, 21.387279, 22.501152, 20.493743, 23.521135, 21.403109, 21.573045, 25.464881, 23.339508, 23.443273, 24.798956, 21.434224, 20.318655, 21.711815, 21.289806, 22.205296, 22.393974, 24.393768, 21.370338, 20.393575};