name="EBOwithCMAR CEC17";
dim=30;
bound=3;
testID=24;
(*--------*)
min=200.;
max=427.01101;
median=420.93949;
mean=403.8252890196079;
std=60.00242202722929;
(*--------*)
data={422.69217, 422.16301, 421.9799, 421.11787, 420.37055, 420.70072, 422.06977, 422.48164, 200., 421.21565, 417.72554, 420.09486, 419.02078, 200., 418.68697, 424.4466, 418.6837, 422.93005, 420.37657, 423.30904, 422.89082, 420.6224, 421.13233, 422.17405, 200.58392, 419.78116, 422.54087, 423.20601, 421.23856, 200.58026, 420.91436, 415.45601, 420.93949, 421.97791, 422.03323, 427.01101, 417.10286, 420.78761, 419.30909, 420.25529, 425.19576, 421.51101, 422.91571, 417.92078, 424.53425, 419.78116, 420.65388, 420.17924, 421.24582, 419.04563, 421.50387};