name="EBOwithCMAR CEC17";
dim=30;
bound=5;
testID=20;
(*--------*)
min=21.270895;
max=152.78762;
median=36.201905;
mean=39.86448215686275;
std=17.433452789817835;
(*--------*)
data={152.78762, 40.896029, 31.88309, 35.243648, 42.840864, 32.405661, 41.021584, 35.669359, 49.075123, 43.01454, 29.240158, 38.240111, 36.169403, 21.270895, 33.90115, 28.103418, 35.397503, 43.377758, 38.067602, 30.524063, 35.799769, 46.727955, 35.305023, 32.111878, 36.159516, 43.328044, 34.907446, 59.403415, 30.582689, 46.634802, 36.201905, 35.242054, 41.560529, 39.236504, 32.422193, 35.612803, 32.000448, 43.390234, 30.399642, 44.729048, 29.939005, 38.384037, 31.640198, 28.725602, 40.27836, 42.353367, 45.550028, 47.854098, 37.6164, 39.170625, 40.691394};