name="EBOwithCMAR CEC17";
dim=30;
bound=4;
testID=15;
(*--------*)
min=0.26525654;
max=9.5629734;
median=3.4340676;
mean=3.7530988492156867;
std=2.073740496493525;
(*--------*)
data={3.2703188, 1.6699786, 1.781178, 0.85758972, 3.5743388, 4.7327123, 2.3201848, 5.4058009, 3.4340676, 4.4376006, 1.7459581, 3.482294, 3.6501818, 5.4005528, 4.362238, 2.9373479, 6.3436391, 9.4566716, 1.3361495, 3.56471, 9.014556, 2.8248742, 5.4592696, 2.4426074, 3.4679768, 3.2054228, 2.4352125, 2.4209392, 0.87320435, 3.1005815, 5.4737897, 2.6964964, 6.4658412, 3.9676715, 5.0281403, 3.9470862, 7.4824028, 0.26525654, 4.7380739, 2.4748715, 4.3899302, 2.3994701, 4.447346, 2.4960024, 2.4636972, 9.5629734, 3.4154424, 4.4509893, 1.3439427, 1.5244942, 3.3659661};