name="EBOwithCMAR CEC17";
dim=30;
bound=0;
testID=8;
(*--------*)
min=0.;
max=5.9697543;
median=1.9899181;
mean=2.438866306274509;
std=1.5062492300261368;
(*--------*)
data={2.9848772, 2.9848772, 0., 3.9798362, 1.9899181, 0., 2.9848772, 3.9798362, 2.9848772, 2.9848772, 0.99495906, 0.99495906, 2.9848772, 2.9848772, 1.9899181, 1.9899181, 0.99495906, 1.9899181, 1.9899181, 0., 2.9848772, 1.9899181, 3.9798362, 2.9848772, 3.9798362, 3.9798362, 2.9848772, 0., 1.9899181, 3.9798362, 2.9848772, 3.9798362, 5.9697543, 0., 1.9899181, 3.9798362, 1.9899181, 1.9899181, 2.9848772, 4.9747953, 1.9899181, 3.9798362, 0.99495906, 1.0072587, 0., 5.9697543, 1.9899181, 0.99495906, 0.99495906, 0.99495906, 3.9798362};