name="EBOwithCMAR CEC17";
dim=30;
bound=0;
testID=16;
(*--------*)
min=2.047489;
max=450.91713;
median=21.875891;
mean=71.9020928862745;
std=96.87233943774022;
(*--------*)
data={18.250305, 450.91713, 137.12714, 26.968245, 41.822973, 6.1243402, 10.615267, 25.241449, 10.162711, 17.690848, 254.5143, 10.519213, 13.838333, 14.346903, 141.29572, 21.875891, 172.4276, 124.36966, 17.484125, 30.525686, 33.841235, 10.411435, 17.959752, 17.815832, 147.04493, 38.269019, 21.554299, 34.596242, 19.554414, 239.35945, 18.036508, 21.908951, 66.432132, 10.6994, 20.732221, 2.047489, 13.901625, 21.083726, 54.161501, 135.48018, 243.96608, 18.114767, 10.542091, 361.85612, 18.17465, 31.34754, 152.85292, 156.37293, 21.130592, 13.660687, 147.98018};