name="EBOwithCMAR CEC17";
dim=30;
bound=2;
testID=19;
(*--------*)
min=4.8382814;
max=14.015983;
median=8.9797506;
mean=9.37534375490196;
std=2.150722188294066;
(*--------*)
data={7.7650443, 7.1870866, 8.377878, 12.939962, 7.4251309, 12.252357, 9.5888239, 8.1331814, 8.3894447, 8.6041847, 11.153009, 8.9797506, 5.3508027, 8.5094901, 12.478127, 14.015983, 6.7145932, 10.003109, 13.527236, 9.3837403, 8.8300831, 8.1116064, 11.658786, 7.0598862, 8.2773237, 12.818552, 8.6000353, 9.5308218, 9.700643, 9.4500677, 8.4598956, 11.216888, 8.428902, 8.0213749, 8.1930979, 4.8382814, 10.271113, 7.7026277, 9.6074859, 13.271929, 10.090266, 9.3852124, 11.810588, 7.6095147, 7.5079437, 9.7926501, 9.421272, 8.8153638, 12.353811, 11.417991, 5.1095838};