name="EBOwithCMAR CEC17";
dim=30;
bound=4;
testID=17;
(*--------*)
min=12.784463;
max=46.013688;
median=30.574109;
mean=30.702181843137243;
std=6.289095038491187;
(*--------*)
data={33.278421, 33.438549, 27.727125, 35.300169, 26.934131, 30.182011, 30.574109, 34.922502, 27.578682, 30.504178, 32.78026, 46.013688, 24.169315, 35.061398, 33.611941, 33.59333, 42.566588, 27.505808, 28.784571, 25.663814, 29.980592, 31.769732, 29.022038, 31.150275, 12.784463, 43.407439, 37.510563, 28.290053, 29.220843, 38.13205, 25.799763, 31.255741, 26.450323, 31.872001, 36.607034, 16.272837, 24.258922, 35.782888, 32.423636, 31.716766, 26.415986, 29.829294, 21.84035, 27.483979, 37.54174, 34.859056, 28.171322, 20.937093, 21.381687, 38.446808, 35.00541};