name="EBOwithCMAR CEC17";
dim=30;
bound=1;
testID=29;
(*--------*)
min=367.24166;
max=455.46603;
median=430.17486;
mean=431.0565050980392;
std=13.163631265285025;
(*--------*)
data={426.42609, 416.14796, 447.03378, 435.61813, 425.19648, 435.20261, 428.48622, 427.85665, 429.96306, 449.81076, 442.42645, 427.40752, 416.92247, 430.17486, 414.64624, 434.39526, 367.24166, 440.35329, 410.0982, 426.39691, 428.65544, 443.8001, 424.56027, 421.68786, 428.27733, 430.11701, 448.48, 438.43, 438.35358, 443.07225, 440.71454, 441.25881, 430.15274, 439.39246, 443.41934, 428.04209, 431.61369, 431.38552, 439.47807, 421.3984, 455.46603, 437.43273, 435.40112, 426.23429, 436.19119, 420.81214, 436.98823, 425.10427, 437.61669, 422.33867, 426.2023};