name="EBOwithCMAR CEC17";
dim=30;
bound=4;
testID=28;
(*--------*)
min=300.;
max=483.29028;
median=300.;
mean=323.652234117647;
std=49.67737768657803;
(*--------*)
data={300., 403.28568, 300., 413.97517, 300., 300., 300., 300., 300., 403.28568, 300., 300., 300., 300., 453.93024, 300., 300., 300., 300., 403.28568, 300.00001, 300.00001, 300., 300., 483.29028, 300., 403.28568, 300., 300., 300., 300., 300., 300., 413.97517, 300., 300., 300., 300., 300., 300., 413.97517, 300., 413.97517, 300., 300., 300., 300., 300., 300., 300., 300.};