name="EBOwithCMAR CEC17";
dim=30;
bound=5;
testID=27;
(*--------*)
min=492.74376;
max=511.71117;
median=503.3247;
mean=503.3026368627451;
std=4.098782979661393;
(*--------*)
data={496.74042, 502.71899, 511.71117, 508.92886, 500.87178, 505.91968, 504.30836, 501.41823, 503.3247, 504.24151, 501.35595, 504.74323, 505.01027, 504.25242, 499.16812, 509.07545, 504.61419, 496.13483, 508.15133, 497.56081, 498.09104, 504.92243, 499.96589, 509.3948, 502.2303, 500.90813, 506.10297, 503.81102, 505.19738, 503.62646, 502.276, 492.74376, 505.65326, 509.45303, 500.45354, 508.80159, 508.91769, 508.31252, 502.95239, 502.68327, 495.45177, 505.8574, 501.46212, 496.00042, 503.00411, 502.02284, 505.56635, 503.23027, 499.8216, 506.96556, 502.30427};