name="EBOwithCMAR CEC17";
dim=30;
bound=5;
testID=25;
(*--------*)
min=383.40501;
max=386.76603;
median=386.72985;
mean=386.3501066666667;
std=1.054292067589754;
(*--------*)
data={386.75508, 386.74717, 386.70537, 386.73614, 386.7547, 386.73717, 386.74559, 386.73841, 386.73995, 386.71951, 386.73442, 386.74502, 386.755, 383.44773, 386.69576, 386.73778, 386.73841, 383.57784, 386.71225, 386.71767, 386.73841, 386.74502, 386.72669, 386.72669, 386.74122, 386.72669, 386.74559, 383.57077, 386.70399, 386.72669, 386.74049, 386.73717, 383.40501, 386.71954, 386.72669, 386.70688, 386.76603, 383.51525, 386.6989, 386.74559, 386.73717, 386.71225, 386.73717, 386.72669, 383.43697, 386.70097, 386.72669, 386.75286, 386.73424, 386.72985, 386.7063};