name="EBOwithCMAR CEC17";
dim=30;
bound=3;
testID=23;
(*--------*)
min=336.47597;
max=354.25247;
median=348.23753;
mean=347.48974372549026;
std=3.9485500167950085;
(*--------*)
data={350.56212, 351.85883, 345.89416, 349.4033, 349.07695, 345.93361, 346.57296, 346.04152, 345.22777, 350.96294, 345.15356, 350.7265, 347.41592, 344.58283, 348.40851, 348.98483, 353.20974, 342.47144, 348.23753, 353.13381, 349.79233, 348.64267, 347.70205, 350.56858, 344.48713, 351.51672, 353.01031, 345.33299, 345.34739, 354.25247, 345.46819, 349.46513, 345.15975, 349.80335, 347.84495, 350.8977, 350.04273, 344.60912, 352.83569, 347.24116, 336.47597, 336.99415, 338.75737, 345.4297, 345.64231, 348.29404, 348.63051, 348.47679, 351.51281, 343.54373, 340.34031};