name="EBOwithCMAR CEC17";
dim=30;
bound=3;
testID=15;
(*--------*)
min=0.399454;
max=5.9636792;
median=2.4870617;
mean=2.562018684509804;
std=1.3288464092309067;
(*--------*)
data={1.4180274, 1.496296, 1.4282972, 2.2988334, 1.7580336, 0.399454, 3.6452936, 4.5039105, 0.48408256, 3.6721225, 4.6744632, 3.1940454, 1.3030006, 2.7429645, 1.495368, 0.72736109, 3.495069, 2.4185288, 2.4916795, 2.7175617, 3.45738, 1.4609757, 2.5856368, 2.4772544, 3.4135324, 2.0092665, 3.4356028, 4.0058046, 2.5778062, 1.6099874, 2.4730526, 3.4834056, 1.5054841, 3.3775265, 2.590757, 2.4653077, 1.4760773, 2.7097856, 2.4870617, 0.6406643, 0.48846092, 5.3943772, 5.8801152, 2.1869488, 3.3988661, 2.4575052, 0.42423524, 2.9150107, 5.9636792, 3.4615711, 1.4854215};