name="EBOwithCMAR CEC17";
dim=30;
bound=2;
testID=10;
(*--------*)
min=501.5596;
max=1963.1835;
median=1541.8334;
mean=1482.6377192156863;
std=279.13564212708945;
(*--------*)
data={1841.1313, 1728.9979, 1789.4387, 1820.6862, 1069.0764, 1550.915, 1495.4201, 1781.4271, 1518.1039, 1494.0563, 1573.3722, 1859.4417, 1650.5686, 1459.8421, 1583.2016, 1689.0776, 1394.9047, 1542.0765, 1632.2823, 1285.8449, 1963.1835, 1362.5644, 1182.8414, 1425.904, 1361.7414, 1743.3436, 1561.7723, 1401.6883, 1582.3181, 1224.9004, 1667.0344, 1527.5598, 1576.8795, 1779.3484, 501.5596, 1717.0847, 930.52098, 1433.3136, 1554.2518, 1238.4878, 1818.4483, 1335.6814, 1252.8271, 1755.5231, 1324.189, 1330.0112, 1610.4792, 1541.8334, 1047.0618, 1011.894, 1090.4121};