name="EBOwithCMAR CEC17";
dim=30;
bound=1;
testID=17;
(*--------*)
min=11.195355;
max=42.602606;
median=32.805495;
mean=31.240333274509812;
std=6.9385415059217985;
(*--------*)
data={34.73422, 13.068511, 30.655666, 35.412124, 30.570783, 30.071266, 34.999223, 34.729381, 34.156386, 34.335441, 35.774305, 35.813367, 32.890927, 31.261448, 31.086144, 11.195355, 42.602606, 37.154081, 11.531037, 30.209165, 38.899978, 33.233731, 40.742656, 32.805495, 30.298956, 24.835295, 36.237058, 21.415723, 31.073962, 37.048448, 33.838055, 38.565556, 26.66207, 33.023142, 35.986895, 41.531394, 23.999554, 36.595594, 30.441376, 31.423871, 32.515597, 35.149952, 33.214769, 32.648715, 26.947292, 28.769637, 33.349923, 23.018238, 16.464132, 32.752492, 27.516005};