name="EBOwithCMAR CEC17";
dim=30;
bound=3;
testID=21;
(*--------*)
min=100.;
max=208.2024;
median=203.51843;
mean=197.97937607843136;
std=24.805619765750507;
(*--------*)
data={203.23009, 203.4655, 204.24595, 205.43566, 206.02794, 202.96636, 201.98729, 203.4883, 206.05229, 205.30954, 206.49906, 202.03507, 201.99118, 203.18556, 200., 201.96261, 205.50838, 203.51843, 207.82504, 204.46485, 206.45216, 201.87159, 100., 204.44189, 100., 202.00513, 204.26169, 205.44967, 204.38294, 208.2024, 201.93322, 203.15883, 202.0461, 204.25388, 203.40536, 205.06083, 203.18921, 205.40086, 100., 201.66569, 205.22617, 201.96993, 201.96261, 202.89629, 204.07084, 208.05258, 203.07585, 205.39998, 205.26074, 206.54807, 206.10457};