name="EBOwithCMAR CEC17";
dim=30;
bound=0;
testID=19;
(*--------*)
min=4.6705866;
max=12.209959;
median=8.7335258;
mean=8.686495141176472;
std=1.9989907562359512;
(*--------*)
data={7.1646842, 8.015296, 10.923252, 12.209959, 7.5292346, 10.328673, 8.8291533, 7.9365753, 8.2384128, 6.4037688, 8.7335258, 11.576054, 7.3234886, 9.6045137, 10.053846, 6.3198281, 7.4979384, 4.6705866, 9.268202, 7.9496989, 9.4428862, 9.1611446, 5.9258644, 4.8020784, 10.33928, 10.509821, 10.560961, 8.1512889, 5.7639528, 10.11176, 9.9527183, 10.474384, 11.850515, 6.7482644, 10.400367, 7.9355873, 9.3542439, 7.0408954, 8.1465536, 10.904902, 9.8148532, 6.871149, 10.292564, 11.784712, 11.798852, 11.194267, 6.4507349, 7.7378495, 5.1115681, 6.4079659, 7.3925773};