name="EBOwithCMAR CEC17";
dim=30;
bound=3;
testID=12;
(*--------*)
min=13.213246;
max=714.8794;
median=249.87193;
mean=297.2855479411764;
std=184.15079084817197;
(*--------*)
data={520.76583, 714.8794, 254.03991, 461.60509, 445.73198, 248.12099, 462.57977, 266.61168, 135.80976, 582.62811, 520.97391, 142.6878, 567.61759, 142.75707, 343.16674, 559.97694, 695.76432, 316.76987, 339.51119, 122.4409, 135.23773, 662.83773, 343.16674, 129.75211, 135.37652, 24.388152, 228.52284, 573.31143, 429.32245, 130.3935, 15.038717, 129.96023, 157.38684, 343.30561, 129.96022, 343.16674, 129.75205, 224.86719, 249.87193, 248.19038, 431.48327, 125.88877, 248.05168, 359.82734, 237.80487, 133.47738, 151.96772, 137.4965, 445.59305, 268.51116, 13.213246};