name="EBOwithCMAR CEC17";
dim=30;
bound=1;
testID=8;
(*--------*)
min=0.;
max=5.9697543;
median=1.8356934;
mean=1.7024763035294115;
std=1.400514522096866;
(*--------*)
data={2.9848772, 0.99495906, 0., 1.9899181, 1.9899181, 0.99495906, 1.9899181, 0.99495906, 0.99495906, 4.9747953, 0., 0.99495906, 0.99495906, 1.1530552, 1.9899181, 0., 2.9848772, 0.99495906, 1.8356934, 1.9899181, 1.9899181, 0., 1.9899181, 1.9899181, 2.9848772, 0., 3.2458593, 2.9848772, 3.9798362, 0., 0., 1.9899181, 3.9798362, 0., 0.99495906, 2.9848772, 1.9899181, 3.9798362, 2.9848772, 5.9697543, 0.99495906, 0.99495906, 0.99495906, 0.99495906, 1.9899181, 0., 1.9899181, 0.99495906, 2.9848772, 0., 0.};