name="EBOwithCMAR CEC17";
dim=30;
bound=2;
testID=16;
(*--------*)
min=2.9801095;
max=370.73181;
median=125.10271;
mean=104.83886704117646;
std=89.97650144026898;
(*--------*)
data={125.5591, 10.463833, 145.44406, 10.472064, 28.058202, 15.728508, 19.513468, 128.86409, 132.5489, 223.91776, 186.6271, 25.072889, 139.14757, 24.683079, 121.31233, 227.83478, 11.135018, 9.9399633, 144.03043, 25.073506, 125.10271, 21.445878, 44.901805, 152.87331, 231.41544, 142.12662, 143.60087, 129.15078, 132.13404, 240.78111, 133.77772, 124.36343, 132.90699, 3.171398, 169.31182, 155.37927, 19.363271, 370.73181, 6.8666054, 2.9801095, 125.54411, 6.3257749, 10.264286, 14.061612, 271.82946, 233.03561, 14.984232, 261.64976, 121.53872, 17.139704, 32.597313};