name="EBOwithCMAR CEC17";
dim=30;
bound=3;
testID=29;
(*--------*)
min=415.28763;
max=457.69307;
median=440.91018;
mean=439.7603349019606;
std=8.958788520015721;
(*--------*)
data={442.08662, 449.02171, 449.47153, 445.13085, 441.45202, 437.73888, 429.28086, 420.23337, 450.02157, 437.48484, 415.28763, 443.67243, 446.12687, 432.50538, 446.98707, 437.72578, 434.86449, 441.32195, 440.91018, 445.9092, 425.92646, 436.26165, 452.62727, 432.40059, 429.90188, 434.33113, 457.69307, 437.91141, 444.44312, 432.12308, 416.77279, 444.09281, 447.8945, 440.44041, 438.69282, 446.44751, 433.9977, 452.60906, 444.95626, 444.72837, 436.24123, 441.54856, 444.27467, 444.1697, 439.98391, 438.47023, 436.73702, 431.13062, 432.46479, 456.3544, 444.91683};