name="EBOwithCMAR CEC17";
dim=30;
bound=1;
testID=14;
(*--------*)
min=11.806114;
max=28.028233;
median=22.985809;
mean=22.410954019607846;
std=2.1335679194976613;
(*--------*)
data={22.987553, 21.999381, 21.99364, 21.013872, 11.806114, 22.985505, 20.092409, 23.995507, 21.004974, 23.981534, 22.194396, 21.997171, 23.020199, 22.01156, 20.002945, 22.994128, 20.091304, 21.99717, 23.995785, 22.005445, 23.006968, 26.96549, 28.028233, 23.002687, 21.015538, 23.14215, 21.02837, 22.06804, 21.046439, 23.010262, 23.021734, 22.990661, 23.023299, 23.001064, 23.054291, 23.00328, 24.983714, 23.024162, 20.068858, 22.985089, 22.0093, 22.020374, 22.985809, 21.001976, 24.255735, 23.030183, 23.021576, 21.993145, 23.997197, 23.001811, 22.000628};