name="EBOwithCMAR CEC17";
dim=30;
bound=1;
testID=15;
(*--------*)
min=0.44476902;
max=9.3435626;
median=2.7287604;
mean=3.390011095098039;
std=2.040803905045004;
(*--------*)
data={5.6016608, 3.4357337, 1.8018257, 2.451442, 5.4260884, 2.7287604, 4.4517469, 2.4607382, 1.688771, 2.1591983, 0.44476902, 2.4529941, 1.396846, 7.5648452, 1.7970023, 2.4676241, 2.6547037, 4.3845809, 3.741549, 1.3305381, 5.8515124, 1.4455844, 3.8953633, 2.5027523, 2.4395042, 9.3435626, 1.3804794, 3.4012433, 4.3580267, 3.3601631, 4.4774088, 2.3705792, 4.4754091, 7.6306419, 4.0683886, 0.57730575, 1.8087471, 5.4150757, 0.45579028, 5.3513733, 6.8577579, 2.8705367, 4.5415965, 4.2141309, 1.8081757, 1.3786571, 1.8760963, 1.8880262, 1.4926845, 7.7115933, 3.2009815};