name="EBOwithCMAR CEC17";
dim=30;
bound=2;
testID=21;
(*--------*)
min=100.;
max=210.01066;
median=203.48598;
mean=199.43055666666663;
std=20.389939088789912;
(*--------*)
data={200., 201.77815, 202.16166, 204.15489, 200., 202.96636, 205.76101, 100., 201.96261, 204.23367, 204.10228, 203.11966, 205.52835, 204.19801, 205.54154, 100., 201.66634, 204.40207, 204.22698, 204.9148, 203.06213, 204.41787, 203.0805, 201.73856, 210.01066, 201.85848, 204.12305, 205.29339, 203.16589, 204.23098, 204.07332, 206.28627, 204.3693, 200., 203.48598, 200., 205.83469, 204.52203, 204.08184, 208.40547, 201.97408, 203.25997, 203.50656, 201.99118, 200., 205.16093, 200., 203.31188, 203.25924, 201.66634, 204.06942};