name="EBOwithCMAR CEC17";
dim=30;
bound=3;
testID=4;
(*--------*)
min=0.;
max=67.89742;
median=58.561557;
mean=35.18336017254902;
std=29.142863522362273;
(*--------*)
data={58.561557, 58.561557, 58.561557, 3.9866239, 58.561557, 0., 3.9866239, 58.561557, 3.9866239, 64.117395, 58.561557, 0., 58.561557, 3.9866239, 58.561557, 3.9866239, 0., 0., 64.117395, 58.561557, 64.117395, 58.561557, 58.561557, 58.561557, 64.117395, 0., 3.9866239, 58.561557, 0., 3.9866239, 0., 58.561557, 3.9866239, 64.117395, 67.89742, 58.561557, 58.561557, 58.561557, 64.117395, 0., 3.9866239, 3.9866239, 58.561557, 0., 58.561557, 3.9866239, 3.9866239, 58.561557, 64.117395, 0., 58.561557};