name="EBOwithCMAR CEC17";
dim=30;
bound=2;
testID=14;
(*--------*)
min=2.0261314;
max=26.115709;
median=22.991564;
mean=22.547803145098037;
std=3.249529284855807;
(*--------*)
data={23.998079, 24.989381, 23.986623, 23.978435, 24.976242, 23.009946, 26.115709, 22.991564, 22.006166, 21.002242, 21.99306, 22.994437, 22.991692, 2.0261314, 25.982357, 22.004137, 22.137403, 23.019743, 20.948927, 21.028501, 25.995241, 22.992827, 21.994911, 24.123953, 21.004095, 22.083389, 22.062595, 23.937315, 22.988631, 25.979208, 21.976651, 20.035411, 22.97727, 21.990865, 24.075306, 23.021072, 23.152074, 21.999458, 23.992604, 22.06666, 23.074896, 21.994177, 22.137785, 21.017596, 23.021292, 21.031067, 22.992775, 22.988326, 22.991501, 24.061284, 23.99695};