name="EBOwithCMAR CEC17";
dim=30;
bound=2;
testID=8;
(*--------*)
min=0.99495906;
max=9.9495906;
median=4.9747953;
mean=4.760196269803922;
std=2.0323847781818793;
(*--------*)
data={3.9798362, 6.9647134, 7.9596725, 4.9747953, 6.9647134, 3.9798362, 4.9747953, 6.9647134, 2.9848772, 1.9899181, 2.9848772, 7.9596725, 4.9747953, 6.9647134, 2.9848772, 4.9747953, 2.9848772, 2.9848772, 5.9697543, 1.9899181, 5.9697543, 8.9546315, 4.9747953, 1.9899181, 0.99495906, 7.9596725, 4.9747953, 1.9899181, 3.9798362, 4.9747953, 6.9647134, 3.9798362, 3.9798362, 5.9697543, 9.9495906, 5.9697543, 1.9899181, 3.9798362, 2.9848772, 2.9848772, 4.9747953, 5.9697543, 5.9697543, 1.9899181, 3.9798362, 5.9697543, 5.9697543, 3.9798362, 5.9697543, 2.9848772, 2.9848772};