name="EBOwithCMAR CEC17";
dim=30;
bound=5;
testID=29;
(*--------*)
min=358.38733;
max=453.31392;
median=430.74429;
mean=429.87982196078434;
std=14.258816725987328;
(*--------*)
data={436.26857, 438.96858, 445.89494, 424.54279, 442.94133, 432.30207, 417.33865, 453.31392, 428.16451, 425.24591, 420.8608, 426.25168, 423.58469, 432.62753, 415.04225, 358.38733, 443.47324, 412.46089, 452.77198, 434.4095, 437.41799, 438.03181, 432.51481, 442.74875, 425.72726, 430.74429, 436.68902, 423.43637, 420.79811, 425.49844, 433.35396, 432.49102, 438.15717, 413.98972, 426.64178, 427.606, 428.52256, 422.84276, 431.92387, 425.48907, 438.5297, 439.73856, 452.17525, 446.02783, 424.00905, 432.74451, 417.29954, 423.84659, 419.77479, 428.56251, 441.68667};