name="EBOwithCMAR CEC17";
dim=30;
bound=2;
testID=13;
(*--------*)
min=1.9917361;
max=21.0691;
median=16.356903;
mean=13.683295984313732;
std=6.5813754104710105;
(*--------*)
data={16.538467, 3.0239906, 16.823931, 14.040719, 18.633623, 20.763815, 3.9965417, 19.224553, 20.59657, 15.37004, 17.082041, 7.3253998, 15.518994, 15.799054, 20.391951, 19.846725, 16.327454, 1.9917361, 20.861643, 17.354769, 19.189943, 4.00398, 14.632344, 14.945067, 16.236801, 5.3332908, 2.3148728, 5.2024734, 16.309991, 19.76641, 2.5511055, 5.6352695, 17.153464, 17.651133, 19.682046, 3.0590462, 6.009113, 20.517059, 4.3963352, 15.705409, 17.998859, 16.405953, 20.012121, 2.0087306, 16.413749, 18.590092, 21.0691, 16.356903, 3.343329, 17.079996, 16.762092};