name="EBOwithCMAR CEC17";
dim=30;
bound=1;
testID=18;
(*--------*)
min=20.219519;
max=25.544732;
median=22.441793;
mean=22.470304529411766;
std=1.3044385725653218;
(*--------*)
data={25.544732, 23.005591, 21.561066, 25.425169, 22.591111, 22.503353, 21.37304, 22.310971, 24.588673, 20.219519, 23.753932, 22.482646, 24.005724, 24.544257, 23.421868, 22.371319, 22.534296, 24.417102, 22.446234, 23.305232, 21.427119, 24.442576, 21.396413, 23.375895, 22.521745, 22.430217, 20.439351, 21.472973, 21.601728, 23.549258, 21.301987, 21.390845, 22.930014, 20.428714, 22.568993, 22.371254, 22.46027, 21.443736, 21.601054, 20.333592, 21.288545, 21.9511, 22.529904, 22.441793, 24.251642, 21.296214, 21.828546, 20.593375, 21.707615, 24.205136, 21.998092};