name="EBOwithCMAR CEC17";
dim=30;
bound=1;
testID=7;
(*--------*)
min=32.030733;
max=35.015827;
median=33.570415;
mean=33.61387072549019;
std=0.7439981619818713;
(*--------*)
data={33.757077, 34.399891, 33.199685, 34.506543, 32.711946, 33.434988, 34.629763, 33.125597, 33.860846, 32.909582, 33.137291, 32.215043, 34.317635, 33.36382, 33.159972, 33.220496, 33.454672, 32.489365, 33.606335, 32.902594, 34.474129, 34.625155, 32.030733, 34.637026, 34.788868, 33.886919, 34.158711, 33.440119, 34.655305, 33.570415, 33.763428, 32.568334, 34.48423, 33.050006, 32.930366, 32.652754, 33.747841, 33.281815, 33.59388, 32.682285, 33.480689, 34.073346, 33.568849, 33.811758, 32.803164, 34.894883, 33.094856, 34.039732, 34.480614, 33.618229, 35.015827};