name="EBOwithCMAR CEC17";
dim=30;
bound=4;
testID=16;
(*--------*)
min=6.5030527;
max=254.66789;
median=19.507508;
mean=55.547014762745114;
std=73.02474520293698;
(*--------*)
data={136.54779, 17.648115, 19.507508, 162.4088, 13.633649, 21.254692, 30.705141, 6.8797866, 10.577126, 136.31376, 17.852002, 184.63313, 17.479435, 251.68887, 21.726677, 6.6119601, 14.36308, 24.187459, 13.881519, 10.775997, 21.637508, 18.049546, 139.856, 6.8791674, 238.5307, 14.122136, 21.479696, 17.779911, 21.858632, 10.42472, 18.287367, 6.8257666, 6.5030527, 254.66789, 21.366039, 121.45441, 21.572153, 128.91288, 19.544839, 216.13111, 133.28283, 6.9260975, 10.89408, 13.838893, 121.18604, 16.216379, 10.447298, 18.261077, 19.881659, 27.139101, 10.264278};