name="EBOwithCMAR CEC17";
dim=30;
bound=2;
testID=11;
(*--------*)
min=0.;
max=62.964012;
median=2.8279448;
mean=7.602609222352944;
std=16.263534059395752;
(*--------*)
data={2.9848772, 1.9899181, 0.99495906, 4.9815802, 0.99495906, 5.9765392, 5.9765392, 2.9848772, 5.9765392, 3.9798362, 0.99495906, 0.99495906, 1.9899181, 2.9848772, 1.9899181, 1.9899181, 0.99495906, 4.9747953, 6.9714983, 1.9899181, 62.964012, 0.99495906, 2.9848772, 4.9747953, 3.9798362, 0.99495906, 1.9899181, 0.99495906, 6.9714983, 3.9798362, 5.9765392, 1.9899181, 0.99495906, 6.9714983, 1.9899181, 2.9848772, 0.99495906, 0., 60.974094, 3.9866211, 7.9664573, 0.99495906, 0.99495906, 62.620727, 2.8279448, 62.964012, 2.9848772, 0.99495906, 0.99495906, 1.9899181, 1.9899181};