name="EBOwithCMAR CEC17";
dim=30;
bound=1;
testID=5;
(*--------*)
min=0.;
max=3.9798362;
median=1.0425402;
mean=1.6787070631372543;
std=1.1681090212327163;
(*--------*)
data={2.9848772, 2.9848772, 1.9899181, 0.99495906, 1.9899181, 2.9848772, 1.9899181, 2.9848772, 0.99495906, 0., 0., 0.99495906, 1.0425402, 0.99495906, 0.99495906, 1.9899181, 3.9798362, 2.9848772, 0.99495906, 0.99495906, 2.9848772, 3.9798362, 0.99495906, 1.9899181, 2.9848772, 0., 0., 1.9899181, 0.99495906, 1.9899181, 0.99495906, 0.99495906, 2.9848772, 2.9848772, 2.9848772, 2.9848772, 0.99495906, 0., 0.99495906, 0.99495906, 1.9899181, 1.9899181, 0.99495906, 3.9798362, 0.99495906, 0., 2.9848772, 1.9899181, 0.99495906, 0., 0.};