name="EBOwithCMAR CEC17";
dim=30;
bound=2;
testID=7;
(*--------*)
min=31.937285;
max=35.126257;
median=33.594666;
mean=33.62499945098038;
std=0.7857016963692341;
(*--------*)
data={33.77949, 33.40852, 33.594666, 33.387106, 34.065218, 34.089372, 34.174987, 33.244931, 34.132665, 35.126257, 33.814729, 33.852136, 33.2527, 33.242229, 32.769654, 32.368606, 33.537892, 34.39706, 34.635515, 34.056308, 33.736722, 34.508259, 33.619162, 33.561481, 34.812942, 34.722346, 32.108705, 33.317537, 33.02718, 33.420935, 34.311856, 32.419527, 34.960677, 33.90455, 32.203963, 34.500579, 34.777334, 31.937285, 34.097172, 33.087667, 34.650078, 33.440979, 33.414343, 33.646741, 32.862606, 32.913044, 32.899708, 32.51836, 34.40199, 32.729911, 33.431292};