name="EBOwithCMAR CEC17";
dim=30;
bound=1;
testID=19;
(*--------*)
min=4.0582483;
max=13.898544;
median=8.5749099;
mean=8.36666229019608;
std=2.1917250762860907;
(*--------*)
data={6.4330089, 6.5726846, 6.9316774, 7.6661091, 5.4900301, 10.33757, 6.709437, 8.9962074, 10.780656, 5.353295, 11.037242, 9.018117, 7.9338204, 9.141929, 8.9583078, 7.1682544, 10.263562, 7.1225977, 10.177093, 8.5749099, 6.6589197, 9.3882245, 6.7672357, 9.8450197, 10.28559, 12.42306, 10.905355, 10.973165, 7.1837117, 6.4559205, 4.5559271, 6.8384374, 8.7075872, 6.9771319, 4.8218885, 13.898544, 8.2748017, 12.901556, 10.455681, 5.2411821, 6.6329498, 9.0236811, 9.3497655, 8.5264202, 6.8706299, 8.9322323, 10.323893, 8.927024, 5.9326346, 4.0582483, 9.8968507};