name="EBOwithCMAR CEC17";
dim=30;
bound=0;
testID=12;
(*--------*)
min=7.6581344;
max=1274.5444;
median=439.11776;
mean=457.80660204705885;
std=238.66683112228708;
(*--------*)
data={142.68767, 490.65503, 347.0305, 252.65681, 351.04994, 857.24898, 568.12024, 579.30959, 138.96269, 537.42633, 139.10151, 466.66857, 359.55904, 439.11776, 757.78118, 540.64151, 867.96635, 481.37498, 524.56015, 663.24521, 381.32504, 7.6581344, 135.15681, 311.14542, 270.70051, 359.03999, 611.33093, 436.70261, 151.89832, 718.35434, 442.38057, 642.99843, 139.03213, 257.40103, 461.53568, 857.31838, 529.71007, 632.86755, 348.72182, 375.76997, 480.45963, 431.34443, 474.45979, 339.51116, 940.01041, 545.9884, 350.4779, 350.98056, 228.45338, 355.69487, 1274.5444};