name="EBOwithCMAR CEC17";
dim=30;
bound=0;
testID=17;
(*--------*)
min=18.024172;
max=43.237489;
median=31.126257;
mean=30.77962641176471;
std=6.067938378755178;
(*--------*)
data={24.983436, 32.370144, 29.63408, 23.230407, 32.761214, 20.095747, 31.126257, 31.770531, 34.70596, 26.292594, 27.937716, 42.642638, 27.361355, 31.089787, 18.252161, 22.272222, 29.653273, 30.693971, 34.540324, 29.769858, 29.433125, 43.237489, 42.172149, 32.864896, 32.51417, 18.459255, 32.808042, 31.497039, 30.066613, 32.41325, 28.677583, 18.024172, 34.399101, 38.579238, 34.974537, 29.589498, 21.715367, 25.932487, 29.641221, 38.12338, 39.914589, 31.957912, 24.528263, 29.924686, 35.859829, 33.3902, 31.864169, 38.21922, 25.619448, 38.735122, 33.441222};