name="EBOwithCMAR CEC17";
dim=30;
bound=1;
testID=30;
(*--------*)
min=1941.5261;
max=2225.3249;
median=1970.8777;
mean=1990.0013019607843;
std=65.772916211649;
(*--------*)
data={1981.5345, 1942.0777, 1970.7805, 1971.1878, 1981.3095, 1970.8255, 1968.2185, 1971.2952, 2225.1314, 1942.5923, 1942.7738, 2086.6992, 1970.6281, 1971.7977, 1970.5172, 2087.1746, 1980.5538, 1942.2204, 1941.5261, 2002.6007, 1981.5469, 1941.8574, 2075.1146, 1941.8758, 1969.7186, 2086.2112, 1997.8746, 1941.9042, 1942.1752, 2086.3283, 1941.9439, 1941.7292, 1948.6657, 1970.8777, 1956.3824, 1943.3727, 1943.848, 2225.3249, 1971.9894, 2086.4868, 1941.9565, 2043.1198, 1968.0789, 1971.1173, 1980.7459, 1981.6008, 1942.3256, 2049.8807, 1942.2118, 1971.0091, 1981.348};