name="EBOwithCMAR CEC17";
dim=30;
bound=4;
testID=12;
(*--------*)
min=122.51027;
max=850.91247;
median=339.51116;
mean=348.9275931372548;
std=186.91933831894107;
(*--------*)
data={534.82474, 430.08638, 257.47043, 122.51027, 126.02709, 142.61829, 350.20959, 498.33004, 356.17176, 138.9627, 261.12605, 565.00603, 237.73362, 133.47702, 418.40881, 494.2412, 642.99845, 244.39601, 635.68727, 600.24657, 245.04927, 281.88004, 142.61829, 224.72841, 850.91247, 240.80983, 670.04388, 363.41353, 583.80128, 454.87314, 142.75706, 348.23023, 252.27922, 133.47702, 788.21391, 254.1102, 148.31213, 561.78379, 359.82735, 244.46546, 340.41642, 143.19032, 438.2125, 346.89171, 339.51116, 261.1954, 346.41523, 280.33424, 557.01469, 133.47702, 126.52973};