name="EBOwithCMAR CEC17";
dim=30;
bound=1;
testID=10;
(*--------*)
min=941.5875;
max=1932.5285;
median=1554.9063;
mean=1510.8109958823527;
std=235.15189032133597;
(*--------*)
data={1694.0015, 1400.5724, 1929.5814, 1633.05, 1883.8812, 1454.1577, 1790.2382, 1932.5285, 1622.5894, 1540.97, 1762.1552, 1621.6457, 1387.6842, 1632.3086, 1540.4506, 1692.6162, 1761.118, 1554.9063, 1045.4473, 1590.8554, 1261.9341, 1686.6328, 1326.4305, 1734.0312, 1497.9921, 1555.6571, 1375.8773, 1568.8028, 1542.1471, 1243.3897, 1411.0623, 1108.5209, 1301.1633, 1593.0855, 1515.4914, 1111.9458, 1637.8427, 1427.6932, 1762.0908, 952.26089, 1656.8182, 1353.252, 1578.3524, 1279.4576, 1350.3618, 1770.6643, 1229.7, 941.5875, 1690.8809, 1565.6561, 1549.8207};