name="EBOwithCMAR CEC17";
dim=30;
bound=4;
testID=8;
(*--------*)
min=0.;
max=5.9697543;
median=1.9899181;
mean=2.493585890784313;
std=1.416218291259403;
(*--------*)
data={3.9798362, 2.9848772, 3.9798362, 2.2975239, 2.9848772, 0.99495906, 3.9798362, 0.86035163, 0.99495906, 2.9848772, 1.9899181, 1.9899181, 0., 4.9747953, 2.9848772, 1.9899181, 3.9798362, 0.99495906, 1.9899181, 2.9848772, 1.9899181, 4.9747953, 0.99495906, 1.9899181, 0.99495906, 0.99495906, 1.9899181, 0., 1.9899181, 1.9899181, 1.9899181, 3.9798362, 0.99495906, 0.99495906, 2.9848772, 0.99495906, 0.99495906, 2.9848772, 5.9697543, 1.9899181, 2.9848772, 2.9848772, 1.9899181, 1.9899181, 4.6199182, 3.9798362, 5.9697543, 3.9798362, 1.9899181, 1.9899181, 2.9848772};