name="EBOwithCMAR CEC17";
dim=30;
bound=2;
testID=30;
(*--------*)
min=1958.9115;
max=2312.814;
median=2051.5973;
mean=2053.914070588235;
std=62.68894165902721;
(*--------*)
data={2026.6512, 1979.5865, 2053.592, 1973.7036, 2207.0001, 1978.2861, 2030.9458, 2090.7957, 1986.0009, 2023.659, 2083.1675, 1984.5371, 1958.9115, 2001.0985, 2096.5351, 2051.5973, 2049.8011, 1997.0096, 2049.4363, 2074.0309, 2161.6475, 2103.8352, 2043.7099, 2002.8601, 2106.0657, 2076.0971, 2067.4973, 2068.4386, 2080.7968, 2073.5696, 2044.8067, 2059.3785, 1984.0936, 1970.9185, 2051.7273, 2041.7497, 2070.377, 2064.412, 2091.5198, 2113.7026, 2080.3934, 2041.1164, 2027.4393, 2118.5359, 2085.7401, 2312.814, 2066.5344, 1972.4838, 1988.2492, 2048.9007, 2033.8611};