name="EBOwithCMAR CEC17";
dim=30;
bound=0;
testID=27;
(*--------*)
min=494.05249;
max=512.1053;
median=504.07642;
mean=503.7618001960785;
std=4.616596194932588;
(*--------*)
data={506.93975, 509.54902, 510.24552, 505.22569, 504.07642, 506.41962, 506.64474, 494.99496, 504.03491, 502.5272, 496.58479, 510.99938, 506.29282, 505.72254, 497.18987, 502.95882, 505.59656, 498.92283, 503.52472, 499.1667, 503.87214, 506.08261, 495.66011, 494.05249, 501.05677, 502.38261, 502.10497, 494.74212, 502.84741, 505.22875, 508.55987, 509.67799, 507.08116, 495.60159, 506.73893, 512.1053, 503.14026, 509.52057, 507.10701, 500.67479, 510.32071, 501.28578, 503.62468, 504.88058, 502.14007, 500.91603, 506.46251, 505.44738, 506.48516, 507.89848, 496.53612};