name="EBOwithCMAR CEC17";
dim=30;
bound=0;
testID=30;
(*--------*)
min=1941.5928;
max=2146.437;
median=1971.7996;
mean=1989.4003980392154;
std=41.79111130681973;
(*--------*)
data={1970.8097, 1967.3062, 1969.8116, 1955.6206, 2004.1523, 1942.1386, 1971.1321, 1971.0631, 1971.2734, 1982.0655, 2029.8332, 1955.9028, 2003.1238, 1971.7996, 2007.9491, 1941.815, 1993.9708, 1970.4403, 1942.6646, 1945.817, 1956.6153, 1971.3254, 1967.2496, 2063.998, 2146.437, 1999.6027, 1983.8028, 2032.2954, 1971.0554, 1989.609, 1989.7188, 1941.5928, 2075.7795, 1992.8676, 2064.3483, 1943.2861, 2086.9905, 2001.7142, 1969.7193, 1971.3476, 1971.1504, 1970.5906, 1981.5635, 1988.4281, 2030.1114, 2001.5213, 1945.1742, 2033.6887, 1973.7894, 1955.3255, 2020.0326};