name="EBOwithCMAR CEC17";
dim=30;
bound=2;
testID=26;
(*--------*)
min=200.;
max=880.06457;
median=786.6834;
mean=569.803419607843;
std=287.2786122944333;
(*--------*)
data={300.00002, 806.6897, 300.00004, 300., 832.46429, 868.18377, 300.00006, 870.06406, 822.88147, 880.06457, 300.00003, 300., 789.19242, 806.6897, 855.55782, 200.00004, 200.00006, 847.46813, 819.5423, 850.84504, 839.45833, 839.45833, 861.44896, 807.13919, 200.00006, 839.45833, 840.32268, 200.00018, 873.20126, 300.00002, 877.07471, 845.72918, 300.00004, 819.5423, 870.06406, 200.00004, 300.00005, 200., 300.00005, 200.00004, 300.00007, 300.00002, 786.6834, 816.90769, 300., 839.45833, 754.38337, 300.00008, 300., 300.00005, 300.00006};