name="LSHADE-cnEpSin CEC17";
dim=30;
bound=1;
testID=10;
(*--------*)
min=1085.5593;
max=2060.2371;
median=1643.9322;
mean=1627.982329411765;
std=221.08067691564116;
(*--------*)
data={1855.0119, 1692.0214, 1666.7883, 1545.57, 1643.9322, 1631.2553, 1774.425, 1684.5806, 1911.2962, 1708.8797, 1712.6323, 1496.3413, 1576.9142, 1587.5751, 1221.7179, 2057.8514, 1453.1329, 1382.4661, 1714.4131, 1481.2862, 1727.7329, 1798.942, 1085.5593, 1426.4221, 1878.572, 1670.8226, 1565.7767, 1925.8297, 1842.0373, 1616.4426, 2060.2371, 1608.2857, 1459.5661, 1816.9797, 1348.1094, 1772.3462, 1877.4711, 1464.1258, 1151.4465, 1468.5513, 1813.9725, 1404.8529, 1559.4775, 1930.8658, 1172.4719, 1413.727, 1726.4137, 1526.3475, 1778.9262, 1768.8701, 1567.8265};