name="LSHADE-cnEpSin CEC17";
dim=30;
bound=3;
testID=19;
(*--------*)
min=2.3038556;
max=7.7846672;
median=4.8237236;
mean=4.896519662745099;
std=1.409126902873744;
(*--------*)
data={5.91022, 5.720976, 7.2971351, 4.8237236, 2.4947734, 3.7173337, 5.7612367, 6.7185278, 4.6445115, 4.3569633, 6.0589378, 3.4124363, 4.9466631, 2.6025683, 4.3250217, 5.3033347, 4.0375817, 2.8572462, 4.1978961, 4.3888604, 5.1410453, 3.8969247, 6.5030373, 6.7093156, 4.6625688, 5.0346782, 4.5214228, 3.6693369, 4.8764403, 3.712471, 6.5461084, 4.8328839, 6.1731787, 5.7414085, 4.4587477, 6.9552964, 2.7251492, 3.3928285, 7.2565245, 4.9267095, 5.0089287, 2.3038556, 4.3615681, 7.7846672, 3.2542203, 7.0445369, 2.8876673, 3.872818, 4.8126585, 6.4567556, 6.622803};