name="LSHADE-cnEpSin CEC17";
dim=30;
bound=5;
testID=11;
(*--------*)
min=0.;
max=62.114645;
median=4.4821133;
mean=10.783333007843138;
std=17.234872177896307;
(*--------*)
data={60.103984, 2.2763122, 6.4967638, 2.9648847, 6.7500093, 1.0433179, 3.7778432, 0., 4.4821133, 3.1934219, 4.3338691, 7.5547583, 3.5136373, 3.1822064, 7.0276188, 4.8817749, 3.2622454, 3.3963454, 50.693708, 7.6583542, 2.9595503, 9.9465895, 2.8052525, 4.2245957, 2.9437277, 5.6952572, 5.0774071, 6.9074712, 7.4955534, 55.379356, 3.2904428, 7.05711, 2.3269345, 62.114645, 5.8775003, 2.5633135, 6.060188, 8.5221668, 2.079245, 3.3116306, 7.6918824, 57.233325, 56.669354, 7.5341303, 5.9697543, 4.012693, 1.7954481, 2.6586437, 7.6934643, 2.7946437, 2.6655394};