name="LSHADE-cnEpSin CEC17";
dim=30;
bound=1;
testID=6;
(*--------*)
min=0.;
max=5.4749421*^-7;
median=0.;
mean=2.294686339215687*^-8;
std=8.205051094133661*^-8;
(*--------*)
data={0., 0., 0., 0., 0., 0., 0., 1.3687554*^-7, 0., 0., 0., 0., 0., 1.3687361*^-7, 0., 0., 3.4218374*^-8, 0., 0., 0., 0., 0., 0., 0., 0., 0., 3.4218374*^-8, 3.6671736*^-8, 0., 0., 0., 0., 0., 0., 0., 0., 0., 1.3687361*^-7, 0., 3.7911036*^-8, 3.4927325*^-8, 0., 0., 5.4749421*^-7, 3.4226218*^-8, 0., 0., 0., 0., 0., 0.};