name="LSHADE-cnEpSin CEC17";
dim=30;
bound=2;
testID=8;
(*--------*)
min=8.2186036;
max=19.16775;
median=15.726476;
mean=15.310645247058826;
std=2.4760572473508473;
(*--------*)
data={13.147427, 16.370915, 16.729076, 18.132406, 16.673243, 16.240161, 19.16775, 15.214585, 15.726476, 14.077476, 17.26318, 14.352872, 10.208356, 12.430149, 12.22319, 16.049257, 15.311542, 11.797394, 14.242169, 14.200701, 16.154668, 16.071812, 10.185919, 14.075093, 18.352753, 18.922737, 18.760451, 15.814186, 16.252835, 14.069028, 17.279071, 16.201411, 15.216511, 19.034229, 15.563173, 16.772293, 16.307505, 14.328982, 17.830723, 15.61504, 14.339433, 13.109996, 18.311849, 11.202024, 17.401121, 8.2186036, 12.850788, 13.465004, 14.194743, 16.255918, 19.126683};