name="LSHADE-cnEpSin CEC17";
dim=30;
bound=2;
testID=21;
(*--------*)
min=207.95312;
max=218.0908;
median=215.20623;
mean=214.11935941176478;
std=2.8623781546597997;
(*--------*)
data={211.7826, 214.68708, 210.44593, 209.97927, 215.1903, 214.22925, 216.65361, 215.9465, 208.61827, 218.0908, 211.23699, 209.80876, 209.67437, 215.47989, 212.14656, 217.47663, 213.87846, 215.17904, 216.01771, 216.56321, 215.20623, 214.38331, 215.84097, 211.14421, 216.34942, 216.66503, 215.57063, 208.28641, 216.28135, 213.84147, 217.75982, 210.22432, 211.60606, 216.73355, 213.72625, 215.51901, 215.72229, 216.08434, 215.54345, 210.85891, 208.80578, 213.35332, 217.11518, 215.39501, 216.8878, 216.34517, 215.41182, 213.66341, 207.95312, 217.96098, 216.76348};