name="LSHADE-cnEpSin CEC17";
dim=30;
bound=0;
testID=13;
(*--------*)
min=0.99536108;
max=22.558076;
median=16.406202;
mean=14.576351370196083;
std=6.476655926243093;
(*--------*)
data={15.181093, 13.826297, 13.829144, 16.705098, 2.7311771, 17.554747, 13.530835, 19.994588, 14.933954, 19.739389, 16.641567, 2.8157029, 14.883745, 16.404178, 17.970963, 19.916843, 1.9899518, 2.986264, 16.406202, 18.339853, 18.517223, 14.318755, 18.955883, 14.12599, 21.515849, 17.756679, 2.3295906, 21.425857, 16.553221, 21.755107, 14.516536, 0.99536108, 14.89163, 20.300385, 21.15148, 22.558076, 16.109774, 19.83231, 14.490553, 15.643381, 16.52917, 21.070907, 1.9899187, 14.922597, 3.3249122, 21.74912, 18.094647, 3.98019, 18.547709, 1.9899185, 17.069598};