name="LSHADE-cnEpSin CEC17";
dim=30;
bound=1;
testID=17;
(*--------*)
min=26.184523;
max=49.811927;
median=36.408712;
mean=36.26387715686275;
std=5.338454429206103;
(*--------*)
data={39.101814, 43.427224, 36.408712, 28.940688, 39.168374, 26.184523, 31.80079, 34.722042, 33.215884, 39.395779, 42.566974, 39.711777, 37.214526, 43.832907, 43.74463, 32.648935, 35.059208, 30.435839, 31.495339, 37.478704, 33.110439, 28.606612, 33.349534, 27.289828, 42.707902, 44.895442, 29.674432, 39.052311, 33.177949, 40.540203, 40.507932, 35.357894, 40.511836, 34.937253, 33.765454, 46.086525, 36.746052, 40.635882, 36.451581, 31.466026, 34.773373, 34.163924, 29.796079, 26.889096, 31.71914, 38.525491, 32.153763, 38.190047, 49.811927, 40.477347, 37.531792};