name="LSHADE-cnEpSin CEC17";
dim=30;
bound=5;
testID=20;
(*--------*)
min=20.870037;
max=56.330507;
median=34.257211;
mean=35.45275719607843;
std=7.413095773181026;
(*--------*)
data={33.827694, 40.057531, 35.377403, 39.976171, 30.515303, 38.946762, 26.657479, 49.241341, 36.990203, 32.619134, 35.139684, 27.347932, 34.281831, 24.039108, 45.931964, 29.868473, 35.096922, 37.788509, 27.563694, 29.878726, 31.644466, 29.65238, 47.479231, 33.184257, 34.002731, 32.531239, 56.330507, 44.657341, 32.064467, 29.685934, 48.864703, 45.741429, 27.738318, 37.173619, 32.637631, 40.844265, 43.453194, 31.194624, 22.315986, 35.229507, 34.020888, 37.815071, 20.870037, 34.257211, 44.390689, 32.030326, 47.193176, 26.739781, 35.145164, 32.223906, 35.832675};