name="LSHADE-cnEpSin CEC17";
dim=30;
bound=5;
testID=19;
(*--------*)
min=3.1764281;
max=8.4353387;
median=5.3644945;
mean=5.445377837254901;
std=1.533461427819148;
(*--------*)
data={7.9548981, 3.8920679, 6.6763003, 5.2206516, 5.6711297, 5.7276325, 3.7115687, 6.6842866, 6.7608393, 5.2319378, 5.9175707, 4.4017364, 3.4287899, 3.5841198, 6.1897511, 7.865712, 8.4353387, 5.0375176, 7.4631532, 3.9663629, 3.1874974, 6.688989, 4.1679633, 3.3844098, 6.5537432, 4.592146, 7.4698186, 3.2172665, 4.2526515, 4.176289, 8.0298989, 6.0809677, 8.0258695, 7.09747, 5.3644945, 5.4118765, 3.486659, 6.3757199, 6.8006019, 3.906772, 3.2827913, 6.7451126, 5.2665423, 3.1764281, 5.719831, 4.7210021, 5.4278158, 7.3563182, 5.1727544, 4.6129893, 4.1402156};