name="LSHADE-cnEpSin CEC17";
dim=30;
bound=1;
testID=12;
(*--------*)
min=18.763657;
max=899.645;
median=327.66721;
mean=352.41830052941185;
std=189.7899093761823;
(*--------*)
data={346.89171, 240.67104, 639.34285, 257.40103, 758.34538, 244.60419, 221.00343, 343.30553, 312.8367, 552.99525, 327.66721, 356.03297, 343.23613, 899.645, 266.54228, 261.05661, 375.87226, 457.74131, 524.56009, 254.24809, 642.92903, 300.17865, 359.75794, 429.58373, 257.33163, 18.763657, 241.31961, 253.67605, 347.32497, 138.8933, 683.25336, 150.00343, 560.23701, 155.55389, 572.90432, 126.02707, 257.53981, 135.30711, 439.22763, 727.38175, 376.27262, 129.75204, 581.05096, 125.95768, 343.66939, 244.39601, 137.1326, 478.11975, 257.40103, 366.55932, 151.82892};