name="LSHADE-cnEpSin CEC17";
dim=30;
bound=1;
testID=19;
(*--------*)
min=2.5362008;
max=11.399422;
median=5.2672417;
mean=5.555885264705882;
std=1.7883432325355135;
(*--------*)
data={5.4262767, 3.0273075, 5.1071171, 6.5444212, 3.7068732, 7.5766683, 6.5784531, 5.0203161, 6.7407009, 6.8879224, 3.621311, 4.9009736, 3.0963754, 8.754381, 5.2672417, 6.968477, 5.8193149, 6.6295859, 7.4001795, 5.2172389, 11.399422, 5.2741145, 5.6225733, 3.3242947, 7.396164, 7.1844877, 4.861816, 3.2693618, 4.3075548, 4.8055592, 5.2544489, 4.6904576, 4.7733021, 10.338459, 6.2322782, 3.339296, 5.7813128, 2.5362008, 4.4382545, 3.0533897, 6.3721624, 4.6320574, 6.3455731, 6.3876402, 7.1584676, 4.0317822, 4.5217342, 4.9897885, 6.6901733, 6.1659326, 3.880954};