name="LSHADE-cnEpSin CEC17";
dim=30;
bound=0;
testID=16;
(*--------*)
min=9.680097;
max=257.22958;
median=19.42912;
mean=35.51419631372548;
std=48.87740994196624;
(*--------*)
data={17.354626, 20.743846, 19.684718, 9.680097, 257.22958, 11.156028, 12.937505, 19.900904, 10.232629, 133.60292, 21.694953, 15.393296, 14.624053, 124.37641, 20.420232, 15.880998, 29.209837, 26.663863, 10.489125, 167.58717, 141.68389, 28.543166, 29.822502, 15.845306, 14.979877, 15.502925, 34.50384, 21.620909, 12.615069, 20.510212, 14.226719, 18.477425, 14.810943, 17.563428, 13.238422, 48.45347, 15.437092, 26.942462, 21.396547, 10.529176, 23.007782, 17.117044, 15.680075, 22.477387, 19.42912, 12.521107, 21.978202, 15.984805, 14.657639, 20.112761, 132.69192};