name="LSHADE-cnEpSin CEC17";
dim=30;
bound=2;
testID=24;
(*--------*)
min=416.61218;
max=430.08266;
median=425.06168;
mean=424.98335529411753;
std=3.2239455672981534;
(*--------*)
data={423.70438, 424.20792, 429.23723, 425.06168, 424.22511, 427.19312, 420.86272, 423.42338, 424.6779, 429.01456, 428.7368, 426.62661, 422.14527, 423.26517, 426.31139, 424.57876, 423.3131, 425.00675, 428.41907, 429.5231, 416.61218, 426.38208, 422.7889, 423.02192, 429.14254, 421.09614, 425.01434, 427.94031, 427.25599, 425.66744, 420.33317, 426.31751, 426.52298, 427.88624, 425.65355, 418.03652, 422.86609, 418.55432, 423.69224, 427.84606, 424.78014, 420.15599, 427.04171, 429.76383, 427.15231, 426.92683, 419.7612, 430.08266, 426.39451, 422.41811, 427.50929};