name="LSHADE-cnEpSin CEC17";
dim=30;
bound=4;
testID=17;
(*--------*)
min=25.400585;
max=44.992087;
median=35.313384;
mean=35.3141811372549;
std=4.1828111760773465;
(*--------*)
data={30.12333, 32.224125, 38.248726, 32.191291, 32.532532, 31.103235, 32.655918, 41.319625, 28.392641, 31.957921, 38.058923, 44.992087, 35.922932, 40.675597, 34.98742, 36.954215, 35.313384, 39.040562, 39.264426, 41.406969, 32.391386, 32.213273, 33.865904, 36.522707, 37.102067, 31.6184, 32.048281, 43.542362, 29.829982, 37.34833, 36.721409, 37.817467, 31.813903, 34.179549, 38.112222, 32.594437, 37.477885, 30.428985, 36.352657, 36.603308, 34.694816, 35.889371, 38.984452, 37.000571, 41.51301, 25.400585, 34.641028, 35.110116, 27.921901, 42.376456, 31.540559};