name="LSHADE-cnEpSin CEC17";
dim=30;
bound=0;
testID=8;
(*--------*)
min=5.1703873;
max=19.683835;
median=15.154103;
mean=14.819602992156865;
std=2.567255698822336;
(*--------*)
data={14.229959, 15.154103, 12.607191, 15.192033, 15.371845, 18.257815, 14.493058, 15.757167, 16.338814, 18.160594, 16.368242, 14.194349, 15.258634, 12.38793, 14.234982, 18.364619, 14.777701, 14.341752, 13.482052, 15.559373, 7.2588273, 14.510747, 14.212407, 16.658553, 12.250446, 17.381345, 15.261197, 16.324159, 16.039291, 13.388096, 14.177969, 16.189489, 17.209654, 13.395939, 15.323002, 14.321798, 16.337459, 5.1703873, 15.733419, 14.101578, 12.767384, 19.231743, 17.03464, 13.096038, 18.088541, 15.156949, 11.475369, 13.459155, 13.192128, 19.683835, 12.835995};