name="LSHADE-cnEpSin CEC17";
dim=30;
bound=5;
testID=18;
(*--------*)
min=20.152835;
max=22.691167;
median=20.518347;
mean=20.93009682352941;
std=0.6651692025875736;
(*--------*)
data={21.498339, 20.51447, 21.505237, 20.486854, 21.266178, 21.30851, 20.365428, 22.505201, 20.438632, 21.334526, 21.513542, 20.235518, 21.424787, 20.536419, 21.510775, 22.416774, 20.516887, 21.731964, 21.655122, 20.645387, 20.489197, 20.414705, 21.299763, 22.691167, 20.533525, 20.341012, 20.451638, 20.345678, 20.519492, 20.275847, 20.152835, 20.504659, 20.456763, 20.511892, 21.469084, 20.505326, 20.518347, 20.506148, 20.434555, 20.504846, 20.508746, 20.359548, 22.489681, 20.50883, 20.550976, 21.458115, 20.507825, 21.326207, 21.387108, 21.528971, 20.471902};