name="LSHADE-cnEpSin CEC17";
dim=30;
bound=0;
testID=25;
(*--------*)
min=386.66516;
max=386.69577;
median=386.6771;
mean=386.67767627450996;
std=0.0064403049495405165;
(*--------*)
data={386.67312, 386.68043, 386.67718, 386.68109, 386.67492, 386.67928, 386.68449, 386.6798, 386.67649, 386.67561, 386.68101, 386.67546, 386.67075, 386.67756, 386.67121, 386.67444, 386.68659, 386.68336, 386.67338, 386.68056, 386.67162, 386.6771, 386.68944, 386.67028, 386.67308, 386.68039, 386.66998, 386.68253, 386.67259, 386.67933, 386.67194, 386.68161, 386.67754, 386.67375, 386.66516, 386.69577, 386.66694, 386.68102, 386.68679, 386.68236, 386.67285, 386.67257, 386.67133, 386.67606, 386.68435, 386.6941, 386.68513, 386.67536, 386.67972, 386.66833, 386.67574};