name="LSHADE-cnEpSin CEC17";
dim=30;
bound=1;
testID=27;
(*--------*)
min=489.30138;
max=512.00975;
median=502.13931;
mean=501.741503137255;
std=5.257045841481886;
(*--------*)
data={503.99217, 506.84526, 501.56688, 498.065, 501.15102, 493.297, 499.45673, 503.97443, 496.43416, 494.50921, 503.40604, 501.0609, 501.28245, 502.13931, 502.33416, 508.16107, 500.093, 512.00975, 492.1977, 510.26812, 499.35477, 502.84398, 492.33389, 496.27385, 510.45962, 495.11176, 504.10284, 505.58297, 507.91379, 501.50887, 500.85795, 499.65613, 503.91894, 499.89227, 495.73472, 498.87236, 510.15474, 510.58282, 502.15574, 503.39851, 505.33694, 505.68435, 506.62565, 489.30138, 501.06084, 504.92507, 501.74032, 505.03872, 491.04153, 502.29702, 502.80996};