name="LSHADE-cnEpSin CEC17";
dim=30;
bound=3;
testID=21;
(*--------*)
min=208.87927;
max=219.87406;
median=214.11152;
mean=214.11657274509804;
std=2.8468922418462372;
(*--------*)
data={213.47074, 214.29045, 211.20476, 211.10225, 216.5645, 214.11152, 214.63317, 216.20042, 213.55679, 210.94012, 219.40899, 211.64559, 219.2856, 211.99504, 216.78571, 217.75607, 209.78602, 210.96108, 219.87406, 214.09315, 209.69237, 214.23095, 214.59451, 215.42031, 215.24449, 217.78931, 213.23632, 211.27402, 211.61309, 213.99304, 218.24684, 213.80857, 211.03442, 214.34384, 217.31356, 217.58353, 208.87927, 216.60672, 211.74879, 213.8175, 210.2301, 216.32437, 213.48129, 216.93316, 210.89914, 213.17751, 214.36026, 214.62171, 217.35934, 215.47581, 208.94504};