name="LSHADE-cnEpSin CEC17";
dim=30;
bound=3;
testID=14;
(*--------*)
min=6.4714179;
max=24.270083;
median=22.022535;
mean=21.48562295882353;
std=2.3640217283733373;
(*--------*)
data={22.599517, 23.234053, 20.541387, 20.213114, 21.277015, 21.532236, 22.313935, 20.029941, 20.045238, 23.054027, 22.094061, 21.559857, 20.036382, 21.393091, 20.056772, 21.053744, 22.398793, 21.509168, 6.4714179, 21.015552, 22.078915, 21.103422, 22.222335, 20.041204, 22.396478, 24.033515, 22.94357, 21.066878, 21.002128, 22.012331, 22.3548, 21.08159, 23.131635, 22.111917, 22.017452, 22.209835, 21.015582, 22.049984, 22.2776, 24.270083, 22.063556, 21.039686, 23.280322, 22.022535, 22.086288, 22.146387, 21.022287, 22.039866, 21.486689, 22.616985, 22.111615};