name="LSHADE-cnEpSin CEC17";
dim=30;
bound=3;
testID=10;
(*--------*)
min=1174.58;
max=2234.0476;
median=1908.264;
mean=1864.249747058823;
std=217.07700334624428;
(*--------*)
data={1979.7759, 1753.6318, 2154.1011, 2063.0059, 1807.3692, 1623.5038, 2091.1861, 1174.58, 1908.264, 2014.5879, 1846.6031, 1738.0217, 1791.0624, 1769.9061, 1570.6023, 1814.4982, 1772.5997, 1910.643, 1905.5102, 2113.0877, 1878.7973, 1223.0832, 1922.3761, 1969.8831, 1953.7171, 2142.2371, 2234.0476, 1770.884, 2024.5487, 1972.7521, 1252.4094, 1929.322, 1988.7105, 1603.4505, 1858.3144, 1631.4979, 2049.7333, 1925.022, 1914.2322, 2024.602, 2040.5743, 2035.0295, 1968.2464, 1826.1488, 1952.0631, 1883.7694, 1815.5968, 1905.1506, 1870.5956, 1713.7422, 1993.6598};