name="LSHADE-cnEpSin CEC17";
dim=30;
bound=2;
testID=4;
(*--------*)
min=23.840149;
max=41.341443;
median=32.955543;
mean=32.54871360784314;
std=4.4174325113830495;
(*--------*)
data={27.405747, 28.055829, 35.683385, 35.239918, 38.601436, 29.704608, 37.297938, 25.5108, 30.566127, 29.595277, 33.307088, 35.277169, 29.151822, 27.535872, 31.322538, 33.981947, 32.063573, 34.296456, 39.474273, 31.296764, 36.258072, 29.401478, 26.226245, 41.341443, 38.842203, 37.403673, 37.936195, 29.140796, 34.470098, 34.801662, 33.804486, 36.075643, 24.954568, 32.885795, 27.597454, 32.955543, 37.884699, 35.230149, 30.161288, 28.464847, 38.702027, 23.840149, 37.922524, 32.349003, 28.503811, 29.649679, 27.652869, 35.301285, 34.258965, 35.841213, 24.757965};