name="LSHADE-cnEpSin CEC17";
dim=30;
bound=3;
testID=30;
(*--------*)
min=1940.9279;
max=2080.3921;
median=1981.4175;
mean=1986.1936254901964;
std=30.45431836231995;
(*--------*)
data={1957.2902, 2025.0691, 1957.0119, 1980.9247, 1955.7068, 1987.9881, 1989.7861, 1971.0802, 1955.2022, 1971.0199, 1970.5397, 1955.7803, 2016.381, 1981.3042, 1971.6402, 1981.0384, 1988.7737, 2080.3921, 1978.0175, 1985.4516, 2009.7152, 1969.3092, 2053.4387, 2039.3121, 1953.7135, 2061.9255, 1955.1478, 1955.1532, 1981.4175, 2015.0346, 1988.6442, 1987.819, 1988.1434, 1955.0032, 2016.0147, 1955.9135, 2017.3919, 1981.4441, 1988.0737, 1992.5397, 1970.9689, 2013.9029, 2013.3203, 1956.4809, 1955.1251, 1988.6376, 1967.7689, 2019.1484, 1986.8627, 1957.1787, 1940.9279};