name="LSHADE-cnEpSin CEC17";
dim=30;
bound=0;
testID=21;
(*--------*)
min=208.63411;
max=219.11558;
median=214.52776;
mean=214.21545411764708;
std=2.7970808070516493;
(*--------*)
data={214.35383, 208.63411, 217.62098, 216.33603, 216.29737, 214.80299, 214.50799, 211.56568, 214.12902, 212.44664, 216.92899, 209.88509, 216.01841, 218.14578, 214.31586, 218.66824, 218.36177, 214.65112, 212.75591, 217.17027, 217.37089, 216.02484, 216.7469, 213.6745, 214.92397, 219.11558, 213.02125, 211.46647, 213.0062, 210.98388, 217.84487, 214.05173, 208.68569, 211.7627, 215.10211, 215.83549, 214.1044, 214.81504, 215.82134, 211.85521, 216.67682, 208.66118, 214.85143, 209.41844, 215.28479, 209.99803, 212.44099, 210.01892, 216.7183, 214.52776, 212.58236};