name="LSHADE-cnEpSin CEC17";
dim=30;
bound=4;
testID=12;
(*--------*)
min=122.44088;
max=812.34388;
median=347.32497;
mean=344.54254705882363;
std=179.30836705232065;
(*--------*)
data={241.389, 130.25469, 265.43475, 248.62363, 125.95768, 379.9282, 142.61827, 146.48203, 354.27227, 130.1853, 569.44766, 343.59999, 449.31802, 347.32497, 251.98475, 359.26993, 790.41731, 495.38568, 343.23613, 470.74633, 455.2514, 170.389, 439.15824, 248.55424, 464.92295, 812.34388, 122.44088, 658.93835, 383.8037, 133.33823, 489.15611, 257.40103, 372.04499, 466.16591, 347.39436, 639.70671, 133.40762, 257.47042, 139.10148, 253.67605, 253.74544, 466.37409, 368.96859, 122.66596, 671.87668, 471.17958, 126.09646, 347.86636, 135.80976, 248.25977, 528.28507};