name="LSHADE-cnEpSin CEC17";
dim=30;
bound=5;
testID=5;
(*--------*)
min=7.4190795;
max=16.80194;
median=14.287935;
mean=14.012798274509803;
std=1.9264902746511523;
(*--------*)
data={13.142947, 11.741415, 16.313442, 14.124699, 15.661419, 13.771161, 15.290196, 15.153694, 16.608595, 13.223747, 14.707437, 14.563371, 14.590348, 12.199811, 14.373568, 14.353651, 12.374561, 12.187233, 13.517803, 12.103429, 14.881447, 13.95873, 12.415039, 12.301931, 11.437307, 15.956537, 12.299677, 7.4190795, 13.327205, 11.756588, 14.378986, 16.537585, 13.582381, 15.489315, 15.701438, 16.224245, 15.185354, 12.357376, 14.440948, 16.225143, 16.39714, 14.287935, 9.5184335, 11.777614, 15.286799, 16.80194, 14.224221, 16.176452, 13.750485, 16.679924, 13.87293};