name="LSHADE-cnEpSin CEC17";
dim=30;
bound=1;
testID=23;
(*--------*)
min=351.14797;
max=369.18824;
median=360.6076;
mean=360.36017215686275;
std=3.4659672498702667;
(*--------*)
data={364.48871, 363.65092, 361.42908, 363.25987, 364.94493, 361.97785, 359.21323, 358.06053, 363.69465, 363.05055, 362.91744, 351.14797, 360.5376, 359.38977, 352.54985, 359.36283, 360.30019, 359.28445, 358.23589, 361.46356, 359.53778, 360.05293, 361.04166, 362.41076, 357.8109, 363.08089, 363.9994, 361.48454, 360.94446, 361.89209, 357.74864, 361.95042, 363.21039, 361.58146, 358.3248, 362.80246, 363.20866, 359.3343, 362.92432, 353.7187, 359.69356, 358.97373, 357.58376, 357.04533, 351.63101, 355.91967, 369.18824, 359.47863, 360.6076, 357.17617, 365.05165};