name="LSHADE-cnEpSin CEC17";
dim=30;
bound=1;
testID=24;
(*--------*)
min=424.50984;
max=438.97288;
median=431.14542;
mean=431.3819623529413;
std=3.258943842236371;
(*--------*)
data={429.65634, 433.73202, 426.61944, 433.85428, 430.51784, 427.90851, 431.14542, 428.39195, 432.59369, 430.13758, 431.10685, 429.24166, 427.33698, 431.0515, 431.0279, 427.14826, 424.50984, 436.62241, 431.8108, 434.67919, 426.74752, 425.17813, 435.18886, 427.66054, 429.46687, 433.97441, 436.08728, 435.57923, 432.65444, 430.74472, 432.118, 430.86262, 434.39764, 429.351, 435.07392, 432.76297, 431.17199, 436.30587, 427.17062, 429.08483, 436.46291, 438.97288, 432.35705, 434.1342, 428.03648, 432.26104, 433.3899, 428.42303, 434.01883, 431.98515, 429.76469};