name="LSHADE-cnEpSin CEC17";
dim=30;
bound=0;
testID=30;
(*--------*)
min=1940.5427;
max=2134.1082;
median=1970.435;
mean=1982.0082196078429;
std=44.024887653866976;
(*--------*)
data={1941.3821, 1967.108, 2057.9737, 2086.1775, 1941.7078, 1941.4755, 1970.5691, 1941.4628, 1940.5427, 2134.1082, 2086.0556, 1970.4778, 1967.3876, 1955.6759, 1970.5593, 1956.2204, 2086.1255, 2002.1277, 1955.7133, 1989.0378, 1953.2765, 1969.6392, 2053.9972, 1941.4945, 1969.8815, 1970.7823, 1970.5654, 1978.097, 2003.8585, 1970.4238, 1941.4248, 1941.4134, 1989.0297, 1981.9215, 1970.2644, 1970.435, 1970.454, 1956.2143, 2002.3375, 2002.4036, 1970.5134, 1941.5118, 2057.3953, 1967.1499, 1970.3282, 1971.7704, 1970.3248, 1944.735, 1981.1459, 1970.4381, 1967.304};