name="LSHADE-cnEpSin CEC17";
dim=30;
bound=4;
testID=25;
(*--------*)
min=386.6788;
max=386.71332;
median=386.69298;
mean=386.69536313725484;
std=0.007365481787419004;
(*--------*)
data={386.70173, 386.71314, 386.69186, 386.70314, 386.69298, 386.68218, 386.69897, 386.6788, 386.69958, 386.69868, 386.70309, 386.70563, 386.68782, 386.71332, 386.69298, 386.69574, 386.68782, 386.68781, 386.69419, 386.69125, 386.70618, 386.71224, 386.70084, 386.69496, 386.70629, 386.70121, 386.69124, 386.70121, 386.69401, 386.6913, 386.70265, 386.69282, 386.6913, 386.69129, 386.69129, 386.6913, 386.69573, 386.69285, 386.69128, 386.69427, 386.69123, 386.68537, 386.68871, 386.69185, 386.69279, 386.68773, 386.69285, 386.69575, 386.6913, 386.69987, 386.6911};