name="LSHADE-cnEpSin CEC17";
dim=30;
bound=4;
testID=7;
(*--------*)
min=38.28935;
max=49.172875;
median=44.437632;
mean=44.46744243137257;
std=2.78232397533005;
(*--------*)
data={47.196916, 47.910905, 47.480598, 46.672417, 41.151734, 42.358956, 40.790938, 46.624506, 45.758653, 47.002204, 46.90212, 41.517124, 43.441542, 47.01275, 42.447243, 38.98784, 38.28935, 46.640461, 45.577959, 45.533734, 41.015154, 49.058804, 41.233732, 42.059687, 48.295706, 44.168963, 49.172875, 41.658359, 42.183451, 43.900627, 43.283878, 48.112921, 43.923252, 41.962787, 44.437632, 42.576808, 46.273684, 43.142625, 44.390858, 44.963113, 41.422305, 44.606151, 46.360928, 45.790657, 41.142532, 45.601517, 49.149098, 40.806519, 48.77874, 44.65034, 44.417911};