name="LSHADE-cnEpSin CEC17";
dim=30;
bound=4;
testID=18;
(*--------*)
min=20.23244;
max=23.47225;
median=20.555915;
mean=20.989033921568634;
std=0.7291132401950976;
(*--------*)
data={21.494365, 21.250116, 21.550351, 20.537517, 20.437441, 20.521901, 20.521361, 20.445898, 21.353367, 20.478174, 21.545069, 20.748497, 20.49975, 20.522641, 20.484804, 20.489118, 21.548756, 20.474563, 20.595543, 20.475997, 22.368943, 20.498946, 21.429003, 21.5124, 21.484787, 20.332591, 23.47225, 20.531242, 21.494006, 21.464427, 21.51445, 22.54954, 20.532668, 22.500583, 20.555915, 20.327685, 20.298357, 20.525431, 20.23244, 20.562744, 20.273896, 20.559766, 21.516714, 21.551908, 20.495358, 20.550521, 20.491493, 22.357288, 21.47277, 20.428778, 20.578601};