name="LSHADE-cnEpSin CEC17";
dim=30;
bound=1;
testID=15;
(*--------*)
min=0.31404545;
max=4.5548424;
median=2.1427677;
mean=2.387466777647059;
std=1.030369206601308;
(*--------*)
data={3.7454286, 1.8108927, 1.7615627, 1.5336599, 2.6423994, 2.7219067, 4.5548424, 1.0359022, 1.0042371, 2.6008037, 1.4697243, 1.8019119, 3.7910321, 2.8002108, 1.9501566, 1.6525542, 3.3499608, 2.1128089, 1.8379828, 2.6626945, 1.9592558, 3.8665511, 2.9326384, 2.5099836, 4.0700242, 1.5553174, 2.782584, 0.96374203, 1.5991946, 4.2997885, 2.4941362, 3.5988674, 3.5202667, 2.6851703, 0.85001297, 3.5936097, 0.31404545, 3.6480457, 2.1427677, 3.8244567, 1.8574882, 1.7587536, 0.75526361, 2.0071571, 1.4749838, 1.632534, 3.0436034, 1.118736, 2.4473449, 2.0802549, 3.5335554};