name="LSHADE-cnEpSin CEC17";
dim=30;
bound=3;
testID=8;
(*--------*)
min=8.1307453;
max=19.127343;
median=14.928881;
mean=14.62950382941177;
std=2.3729064138734515;
(*--------*)
data={15.764299, 8.1307453, 18.271565, 16.942212, 16.108363, 12.692574, 11.678358, 11.661027, 13.256093, 18.156191, 13.373848, 12.467905, 15.254109, 13.481135, 14.994312, 14.386649, 15.463739, 11.38884, 16.843128, 12.16815, 14.358432, 15.160005, 14.404977, 14.928881, 15.369596, 16.468536, 19.127343, 14.079788, 15.715711, 18.104197, 16.439002, 13.31148, 11.157419, 10.174707, 15.731043, 17.585455, 18.73654, 14.240438, 13.924978, 14.227068, 18.275673, 13.473504, 12.265037, 13.346807, 16.553232, 16.247074, 15.175366, 15.171484, 16.338656, 12.23602, 11.293004};