name="LSHADE-cnEpSin CEC17";
dim=30;
bound=3;
testID=13;
(*--------*)
min=0.00052585819;
max=22.168952;
median=15.052629;
mean=13.487121112905688;
std=5.838218983457462;
(*--------*)
data={16.54806, 17.122268, 14.897664, 14.340006, 15.631231, 16.270154, 15.983629, 4.3157736, 14.947767, 17.682565, 1.9899249, 15.315928, 0.00052585819, 20.517381, 15.352033, 17.912588, 17.505751, 2.1004675, 14.366693, 16.855808, 4.0134109, 3.980129, 20.322825, 14.904542, 16.403697, 13.533513, 14.588737, 16.298843, 17.972597, 16.079748, 4.9249423, 15.052629, 1.9900952, 13.530131, 18.269591, 18.169446, 18.04, 16.705082, 16.848487, 14.892048, 3.9889648, 4.9747963, 14.888308, 2.0268614, 22.168952, 15.34748, 14.297184, 14.612478, 13.769523, 21.281697, 14.310221};