name="LSHADE-cnEpSin CEC17";
dim=30;
bound=5;
testID=6;
(*--------*)
min=0.;
max=1.3752697*^-7;
median=0.;
mean=1.4788461941176472*^-8;
std=4.125357952933323*^-8;
(*--------*)
data={0., 0., 0., 0., 0., 0., 0., 0., 0., 0., 3.4964955*^-8, 0., 0., 0., 0., 0., 0., 0., 0., 0., 0., 1.3687361*^-7, 3.4218374*^-8, 0., 1.3752697*^-7, 0., 0., 0., 0., 0., 1.3688043*^-7, 0., 1.3687361*^-7, 1.3687361*^-7, 0., 0., 0., 0., 0., 0., 0., 0., 0., 0., 0., 0., 0., 0., 0., 0., 0.};