name="LSHADE-cnEpSin CEC17";
dim=30;
bound=1;
testID=29;
(*--------*)
min=422.53805;
max=455.21991;
median=441.14352;
mean=441.3954249019608;
std=7.649969492770902;
(*--------*)
data={445.59165, 429.964, 439.1398, 423.86529, 445.51361, 436.75171, 432.08504, 447.22414, 450.53074, 441.87369, 447.51245, 440.91262, 452.69196, 429.40253, 444.85979, 448.3482, 437.90584, 444.528, 443.4966, 454.05095, 441.22964, 455.11179, 440.86984, 446.70014, 441.14352, 441.46373, 455.21991, 448.86233, 440.17352, 440.6312, 441.96263, 434.5172, 431.77347, 439.26667, 451.68285, 422.53805, 438.66174, 440.17797, 430.69, 438.73095, 436.09085, 431.04087, 445.32056, 443.87606, 436.92101, 438.54393, 453.44287, 436.78762, 437.91077, 442.18528, 451.39109};