name="LSHADE-cnEpSin CEC17";
dim=30;
bound=4;
testID=21;
(*--------*)
min=206.48467;
max=219.97;
median=213.37014;
mean=213.62148529411766;
std=3.017657877714671;
(*--------*)
data={214.56481, 212.00824, 214.70596, 216.71576, 212.23226, 217.95844, 212.51812, 212.78453, 212.70124, 216.74004, 218.43143, 209.02653, 211.8078, 210.8561, 217.74484, 216.82354, 210.76256, 215.63451, 210.95328, 210.33451, 213.37014, 210.57174, 213.11279, 213.4406, 213.88879, 216.97476, 213.32153, 212.99637, 215.37286, 213.95798, 219.97, 211.50146, 214.96663, 213.04629, 211.90252, 206.48467, 216.81977, 214.51476, 213.37138, 209.99496, 217.68102, 208.84068, 210.22273, 217.25156, 216.24866, 212.36255, 214.82809, 207.67429, 210.34731, 216.88929, 217.46507};