name="LSHADE-cnEpSin CEC17";
dim=30;
bound=2;
testID=12;
(*--------*)
min=0.069393212;
max=778.42073;
median=339.44176;
mean=333.64795891984323;
std=215.42562150674578;
(*--------*)
data={138.8933, 436.5638, 253.81484, 356.10236, 339.44176, 442.00686, 778.42073, 248.62363, 137.20199, 129.75204, 135.30711, 569.43615, 340.48581, 429.58373, 576.42073, 637.02578, 257.47042, 359.17876, 351.11934, 135.74037, 557.09393, 133.33823, 130.1853, 15.038683, 359.21167, 29.943183, 253.74544, 248.25977, 466.16591, 642.99843, 31.773276, 553.50774, 248.25977, 307.55921, 442.70394, 307.48982, 363.47578, 126.09646, 662.69893, 750.84102, 261.48986, 576.6293, 707.86447, 122.64906, 557.16332, 596.66751, 130.04651, 7.5887347, 16.868775, 0.069393212, 356.03297};