name="LSHADE-cnEpSin CEC17";
dim=30;
bound=2;
testID=18;
(*--------*)
min=20.226544;
max=22.50125;
median=20.51546;
mean=20.734311372549012;
std=0.5298340954923891;
(*--------*)
data={20.503164, 21.515691, 20.536253, 20.403607, 20.464058, 20.524203, 20.483367, 20.485212, 20.517354, 20.583152, 21.528512, 20.493641, 20.486372, 21.443465, 20.520979, 21.452105, 20.452926, 22.50125, 20.516127, 20.239712, 21.510238, 20.514606, 20.342797, 20.541458, 20.499237, 20.532557, 21.459988, 20.41909, 20.404207, 20.5133, 21.581203, 22.290136, 20.447526, 20.432098, 20.535179, 21.496313, 20.496233, 20.525384, 20.499933, 20.557927, 20.226544, 20.572979, 20.51546, 21.66731, 20.522482, 20.538684, 20.513943, 20.374605, 20.503022, 20.40136, 20.362931};