name="LSHADE-cnEpSin CEC17";
dim=30;
bound=5;
testID=8;
(*--------*)
min=9.5393744;
max=18.333843;
median=14.453935;
mean=14.137570439215688;
std=2.328426599376504;
(*--------*)
data={15.536103, 12.31789, 12.280507, 13.317042, 13.251075, 11.423187, 16.950955, 16.258189, 13.066869, 15.293021, 11.399348, 14.387707, 16.505166, 13.330675, 10.219771, 13.081552, 12.159579, 17.072381, 14.967335, 14.562454, 15.54709, 16.414613, 9.5393744, 18.186733, 15.662363, 17.138377, 12.65757, 10.538176, 15.038963, 14.308637, 15.162758, 14.169972, 17.329119, 10.374874, 13.704486, 16.811066, 14.801315, 10.220754, 11.305146, 10.515417, 11.748621, 14.453935, 15.605051, 17.937526, 15.104779, 18.333843, 15.149873, 12.371037, 14.743754, 16.343069, 12.416995};