name="LSHADE-cnEpSin CEC17";
dim=30;
bound=5;
testID=21;
(*--------*)
min=208.40427;
max=219.59728;
median=215.65002;
mean=214.7960692156863;
std=2.6827651062728872;
(*--------*)
data={209.69753, 214.616, 217.15448, 217.5936, 213.17031, 219.4134, 217.66805, 208.54912, 215.95461, 214.54363, 216.34915, 214.22952, 218.07322, 216.24138, 213.10421, 216.40077, 217.14325, 214.38317, 214.20386, 216.03115, 218.01993, 214.00915, 216.29029, 210.39619, 215.46469, 216.72052, 212.21769, 216.11898, 214.48164, 210.42946, 214.75598, 219.59728, 214.30836, 216.7357, 215.92828, 213.63462, 216.37933, 211.77787, 211.5726, 216.0193, 215.65002, 216.86228, 215.70631, 211.77924, 217.98255, 208.40427, 215.85826, 210.92166, 216.33711, 215.07261, 210.64695};