name="LSHADE-cnEpSin CEC17";
dim=30;
bound=5;
testID=27;
(*--------*)
min=492.05412;
max=510.67465;
median=504.65658;
mean=504.0669203921569;
std=4.267529009605894;
(*--------*)
data={500.77716, 503.50346, 497.82767, 509.89412, 504.7228, 506.08123, 509.03782, 509.06481, 503.88648, 504.45789, 506.23453, 506.55952, 500.65165, 502.37129, 506.93499, 509.08245, 504.65658, 505.2107, 499.88919, 500.71634, 503.10152, 497.70881, 510.04989, 505.70872, 506.91483, 504.99388, 496.30874, 499.88623, 505.16702, 502.02281, 506.78933, 506.93259, 505.55184, 510.67465, 503.50663, 500.22344, 503.84063, 502.35314, 509.53021, 510.03051, 492.05412, 508.57911, 508.77947, 506.11628, 492.64973, 501.04538, 506.55993, 503.6329, 502.93444, 503.37958, 498.8259};