name="LSHADE-cnEpSin CEC17";
dim=30;
bound=2;
testID=30;
(*--------*)
min=1954.8821;
max=2069.813;
median=1981.2664;
mean=1984.535374509804;
std=26.664278038910762;
(*--------*)
data={2002.2826, 1981.2236, 1955.328, 1980.9089, 1989.0031, 1955.8644, 2002.2189, 1957.523, 1970.4934, 1989.1442, 1988.309, 2004.0091, 1970.5846, 1981.1805, 2069.813, 1980.8536, 2043.3611, 1993.1896, 2003.5061, 2043.8687, 2025.1746, 1981.2665, 1981.1152, 1982.2858, 1988.929, 1976.2322, 1955.5801, 1970.6303, 1988.1786, 1980.8237, 1980.9848, 1981.2664, 1982.139, 1984.8678, 1955.7098, 1981.2952, 1970.3584, 2069.4756, 1987.5795, 1987.8322, 1955.7135, 1955.1407, 1956.4354, 1956.2307, 1954.8821, 1988.691, 1956.21, 1987.9448, 1988.1884, 1981.2358, 1956.2416};