name="LSHADE-cnEpSin CEC17";
dim=30;
bound=4;
testID=4;
(*--------*)
min=33.85024;
max=56.592793;
median=54.087797;
mean=53.52537101960784;
std=3.3282287920717435;
(*--------*)
data={54.028782, 56.05, 54.108384, 54.486469, 55.807189, 51.582706, 51.507681, 33.85024, 54.053501, 56.228005, 56.285411, 52.823851, 56.044713, 54.850197, 54.288961, 56.124328, 54.986512, 54.002137, 50.081077, 54.392195, 51.501865, 49.288812, 54.93959, 54.278931, 54.914955, 56.592793, 53.586665, 49.777986, 53.455189, 55.071707, 53.865034, 52.57172, 54.248658, 54.542644, 55.366293, 53.575275, 53.949186, 56.1511, 56.103475, 52.190574, 55.943114, 51.78271, 53.233259, 54.570199, 50.450361, 53.71805, 55.460162, 52.829202, 52.265889, 53.898388, 54.087797};