name="LSHADE-cnEpSin CEC17";
dim=30;
bound=0;
testID=19;
(*--------*)
min=3.0206209;
max=10.586469;
median=5.6705407;
mean=5.774769384313726;
std=1.672548599429491;
(*--------*)
data={3.6631215, 5.9515748, 5.5278515, 8.2834848, 3.0206209, 8.168722, 7.0335027, 4.8464212, 5.6705407, 4.9876732, 5.0027284, 8.6410469, 4.6619867, 5.6727898, 5.9489141, 4.8952366, 3.625409, 7.4543083, 5.6972869, 5.0500196, 6.0698811, 9.4379635, 4.5890329, 7.8009217, 3.3798687, 5.8757362, 7.7535153, 5.8497826, 5.621839, 5.7985188, 7.9389333, 4.940194, 3.8318543, 6.9537969, 6.0579018, 3.5454354, 4.9590855, 3.0318018, 4.9665273, 3.7571406, 5.5798171, 5.0078585, 5.5380736, 8.3617007, 3.6667794, 6.6796591, 5.881745, 5.7737223, 6.3604337, 5.1140099, 10.586469};