name="LSHADE-cnEpSin CEC17";
dim=30;
bound=4;
testID=27;
(*--------*)
min=488.82507;
max=513.19724;
median=505.96595;
mean=505.56969588235313;
std=4.7591325816435;
(*--------*)
data={510.10255, 509.81665, 508.73961, 509.8903, 504.56681, 501.58992, 502.43227, 503.93084, 498.90771, 501.58629, 503.39613, 507.40764, 503.59872, 507.73877, 509.62195, 505.22694, 510.51662, 503.55014, 504.88016, 506.84307, 508.97178, 502.00705, 488.82507, 513.19724, 504.60657, 512.13126, 503.97584, 501.72867, 506.13078, 498.1687, 508.41268, 500.86595, 506.12443, 502.59985, 506.38504, 495.31182, 509.07545, 503.52159, 498.40855, 505.96595, 504.32662, 502.46885, 509.60178, 510.71797, 512.24138, 511.68979, 510.7297, 503.06145, 507.89847, 509.6847, 510.87642};