name="LSHADE-cnEpSin CEC17";
dim=30;
bound=4;
testID=6;
(*--------*)
min=0.;
max=1.3687361*^-7;
median=0.;
mean=1.2179491666666665*^-8;
std=3.744228783323689*^-8;
(*--------*)
data={0., 0., 0., 0., 3.4465984*^-8, 3.9193651*^-8, 0., 0., 0., 0., 0., 0., 0., 0., 0., 0., 0., 0., 0., 0., 0., 0., 0., 0., 0., 0., 0., 0., 0., 0., 0., 0., 0., 0., 0., 0., 1.3687361*^-7, 0., 0., 0., 1.3687361*^-7, 0., 0., 0., 0., 1.3687361*^-7, 0., 0., 0., 0., 1.3687361*^-7};