name="LSHADE-cnEpSin CEC17";
dim=30;
bound=3;
testID=26;
(*--------*)
min=748.48403;
max=1012.2744;
median=929.1096;
mean=913.0980884313728;
std=55.36510477870437;
(*--------*)
data={888.61471, 852.59558, 885.87645, 950.02746, 827.72522, 929.75648, 949.73157, 864.92862, 973.23625, 928.68477, 929.1096, 878.57949, 911.39371, 964.10054, 969.52944, 1012.2744, 931.52775, 911.16772, 855.75827, 954.04045, 952.24335, 951.94477, 947.40132, 902.72274, 796.72222, 834.45278, 936.80221, 945.52053, 849.50902, 922.50538, 931.70329, 933.441, 986.43684, 861.56884, 999.17929, 870.06406, 945.61082, 961.81876, 969.39226, 944.54993, 814.4332, 948.0497, 842.23705, 922.3851, 884.07353, 887.01842, 962.28939, 896.75278, 981.28584, 748.48403, 868.74558};