name="LSHADE-cnEpSin CEC17";
dim=30;
bound=5;
testID=24;
(*--------*)
min=425.87916;
max=436.02938;
median=431.41396;
mean=431.0196013725491;
std=2.6915227706337705;
(*--------*)
data={430.53943, 434.63988, 427.12504, 432.36124, 432.27843, 426.02045, 426.44935, 435.46472, 429.39107, 433.34583, 431.04178, 427.68196, 433.53054, 431.70855, 432.75636, 427.97151, 432.37476, 429.04704, 429.88696, 432.77542, 433.11927, 429.93607, 432.33657, 431.7983, 431.41396, 427.21097, 433.68777, 430.77384, 433.80838, 427.18179, 431.73572, 426.71434, 434.52498, 431.28797, 431.52966, 427.76709, 434.6297, 432.27426, 426.84686, 430.62694, 433.49195, 436.02938, 429.29846, 429.85045, 425.87916, 434.35526, 431.14694, 434.36361, 429.09893, 430.64741, 432.24336};