name="LSHADE-cnEpSin CEC17";
dim=30;
bound=3;
testID=15;
(*--------*)
min=0.36451984;
max=8.0875115;
median=1.7339687;
mean=2.004577971372549;
std=1.5558145183283534;
(*--------*)
data={5.8323436, 1.1082034, 2.9199035, 0.36451984, 2.5664968, 1.894419, 0.47916684, 1.8625812, 1.7147873, 0.85697818, 1.9284291, 2.6760587, 1.0932904, 4.5107639, 0.78265446, 0.56556853, 1.3066202, 1.4670391, 5.1758201, 2.6784317, 0.5205734, 2.7903249, 1.7339687, 0.76737023, 0.44980407, 8.0875115, 2.5807158, 1.8440969, 3.8299533, 0.51855001, 1.9480139, 2.4339698, 2.6727343, 3.5909636, 0.76762645, 2.4491499, 0.51512537, 0.81440405, 0.58202405, 1.8917315, 1.5461763, 4.7301954, 1.5014741, 0.66104639, 2.516637, 0.45697796, 1.9557666, 1.6445371, 2.5690061, 1.5833804, 0.49559161};