name="LSHADE-cnEpSin CEC17";
dim=30;
bound=1;
testID=21;
(*--------*)
min=206.84519;
max=218.89807;
median=214.46345;
mean=214.1868896078431;
std=3.0107050165832994;
(*--------*)
data={215.62515, 216.07882, 217.89135, 217.78321, 214.46294, 217.31709, 210.54518, 211.78926, 211.89789, 217.75794, 217.6493, 217.0765, 216.9312, 213.7867, 210.15805, 214.46345, 210.37904, 213.92981, 216.09478, 211.36058, 211.6897, 213.4202, 214.26468, 208.838, 215.18275, 206.84519, 212.18432, 215.2389, 211.43718, 211.67935, 213.95842, 208.1829, 210.0873, 218.89807, 215.23558, 213.52016, 216.37466, 216.87847, 212.67065, 210.69708, 216.61032, 217.84805, 217.99016, 216.90633, 211.10358, 217.27897, 210.68962, 215.03028, 216.93501, 216.1139, 216.76335};