name="LSHADE-cnEpSin CEC17";
dim=30;
bound=1;
testID=16;
(*--------*)
min=13.320172;
max=270.76093;
median=21.324665;
mean=40.221290274509805;
std=50.3436264844541;
(*--------*)
data={20.834912, 21.67253, 131.66628, 17.271823, 18.651434, 26.536803, 65.674675, 35.375151, 19.476697, 20.46645, 27.500709, 14.251712, 14.926529, 15.882643, 20.178891, 18.218793, 15.887628, 31.481571, 25.346013, 16.988343, 31.471124, 16.298486, 17.500781, 13.320172, 32.269011, 15.349945, 28.235002, 270.76093, 26.065285, 146.09244, 153.436, 19.783189, 18.212499, 45.686079, 18.575357, 19.486884, 16.356188, 19.710263, 35.83223, 23.450691, 22.055577, 17.021478, 17.33503, 28.777344, 23.746198, 150.94082, 30.740542, 20.29291, 150.496, 21.324665, 22.373097};