name="LSHADE-cnEpSin CEC17";
dim=30;
bound=3;
testID=5;
(*--------*)
min=5.5894106;
max=17.374174;
median=13.431733;
mean=13.4030178627451;
std=2.562800554824969;
(*--------*)
data={12.375933, 11.450074, 12.445946, 12.468311, 8.3369556, 13.22255, 15.535524, 12.358343, 15.348753, 11.634539, 15.692916, 13.32659, 15.603681, 14.404408, 13.431733, 16.575645, 16.218491, 17.207965, 5.5894106, 15.333239, 15.372054, 15.413136, 14.6605, 14.407393, 15.262353, 12.66994, 12.276222, 16.261193, 15.805116, 14.2396, 13.214225, 17.374174, 14.31351, 11.299182, 13.620549, 7.215857, 12.295067, 15.33995, 12.233758, 14.984302, 12.696413, 9.3172945, 12.851909, 10.417701, 11.977348, 16.484433, 16.319425, 13.229774, 8.4018823, 13.833288, 11.205355};