name="LSHADE-cnEpSin CEC17";
dim=30;
bound=3;
testID=16;
(*--------*)
min=9.6731226;
max=356.54942;
median=228.50498;
mean=199.42115665882358;
std=79.94784154463238;
(*--------*)
data={247.11169, 318.83567, 229.05516, 136.98451, 188.7307, 271.95446, 284.71643, 235.43154, 247.44863, 237.53478, 265.29697, 246.61678, 163.86228, 155.82949, 260.2076, 141.18322, 146.59804, 228.50498, 155.48709, 183.5359, 138.40202, 100.79557, 131.7676, 264.82928, 26.616541, 238.20499, 136.95811, 282.30538, 157.45268, 146.2094, 257.78477, 239.49667, 232.18462, 168.81743, 356.54942, 160.97363, 153.67787, 289.79531, 174.04899, 16.479891, 135.3486, 20.206565, 257.87637, 9.6731226, 268.91354, 223.35291, 140.13307, 256.68107, 248.80851, 259.89697, 331.31217};