name="LSHADE-cnEpSin CEC17";
dim=30;
bound=4;
testID=23;
(*--------*)
min=350.67626;
max=366.62497;
median=357.3614;
mean=357.35871823529413;
std=3.3392006278112167;
(*--------*)
data={360.58596, 359.23276, 356.95527, 357.82602, 363.35122, 361.46743, 351.50587, 355.24356, 356.36426, 357.51196, 355.48697, 353.14226, 358.58986, 357.95597, 357.00678, 356.04122, 359.32634, 358.56436, 358.95954, 353.51508, 355.70302, 366.62497, 355.28042, 362.51294, 356.71692, 357.84081, 353.69263, 358.14688, 354.99865, 357.3614, 356.21264, 359.98708, 356.97005, 353.99664, 360.93, 354.66704, 357.93175, 355.4545, 363.34718, 361.43408, 354.45919, 357.36857, 351.67364, 358.29892, 363.02717, 359.15757, 351.59339, 350.67626, 355.72838, 359.62406, 355.24519};