name="LSHADE-cnEpSin CEC17";
dim=30;
bound=3;
testID=23;
(*--------*)
min=346.29985;
max=358.99249;
median=352.36235;
mean=352.76332862745096;
std=2.86502363339294;
(*--------*)
data={351.48335, 351.17546, 357.4116, 352.07162, 352.76857, 352.70502, 358.99249, 352.16617, 351.7995, 347.76725, 351.35505, 355.34978, 355.47746, 352.06271, 351.77262, 354.99291, 355.56451, 348.46067, 353.78216, 355.1773, 348.87269, 350.2974, 350.55984, 354.19376, 352.4501, 346.29985, 356.16553, 352.36235, 348.41938, 354.6716, 351.52162, 355.21423, 351.56757, 350.71031, 349.66097, 354.93804, 354.8568, 349.90938, 356.91337, 358.00087, 356.1349, 354.94778, 350.82519, 349.86155, 349.90028, 355.69756, 354.65718, 354.13674, 349.08147, 355.14783, 350.61742};