name="LSHADE-cnEpSin CEC17";
dim=30;
bound=0;
testID=12;
(*--------*)
min=14.96929;
max=766.92243;
median=339.51116;
mean=333.40297411764715;
std=179.07568372695792;
(*--------*)
data={350.54729, 576.94874, 565.93087, 320.35604, 564.03138, 494.3106, 248.70477, 142.61827, 454.22452, 244.4654, 129.61326, 133.91027, 649.23905, 155.55389, 321.85044, 678.74474, 135.09893, 251.91535, 362.90374, 125.95768, 151.89831, 475.58474, 133.40762, 248.12098, 653.47819, 587.45012, 356.17175, 148.24273, 376.01105, 350.61669, 14.96929, 343.16674, 129.75204, 253.67605, 126.09646, 353.78529, 248.19038, 483.75134, 490.06136, 129.68265, 462.64911, 766.92243, 435.0694, 126.09646, 339.51116, 363.55231, 379.49494, 246.80528, 320.35604, 129.75204, 472.3035};