name="LSHADE-cnEpSin CEC17";
dim=30;
bound=0;
testID=29;
(*--------*)
min=422.74927;
max=474.27753;
median=439.85005;
mean=441.5793152941175;
std=9.778407749780401;
(*--------*)
data={439.64732, 432.56931, 432.26814, 440.48491, 433.95385, 428.70607, 444.62514, 459.44902, 452.94709, 429.68145, 440.06495, 449.86733, 438.59936, 439.01661, 446.97426, 433.66108, 436.99116, 437.34245, 438.82078, 457.56791, 474.27753, 437.23075, 437.86619, 433.59397, 443.79043, 431.93433, 432.0117, 447.51507, 441.44687, 441.77295, 436.36149, 447.90166, 449.26546, 437.89101, 424.80573, 447.17699, 439.1402, 449.40986, 450.51679, 467.49651, 447.93145, 439.85005, 440.93901, 428.95636, 439.70801, 442.90784, 441.23435, 439.56124, 441.80371, 450.26011, 422.74927};