name="LSHADE-cnEpSin CEC17";
dim=30;
bound=2;
testID=25;
(*--------*)
min=378.75733;
max=386.53536;
median=383.78199;
mean=383.45684607843134;
std=2.4417558728006195;
(*--------*)
data={385.24447, 381.68418, 382.80926, 383.08135, 386.38689, 382.65923, 378.90927, 385.77024, 386.48567, 379.92896, 384.1502, 385.71045, 382.94969, 384.88708, 378.75733, 386.22276, 383.5832, 383.09424, 383.55919, 384.72387, 378.89803, 380.47569, 383.2404, 384.25836, 385.57621, 381.09761, 383.78199, 381.80833, 386.07451, 384.74575, 384.57776, 383.18706, 385.20487, 386.39298, 381.63789, 385.98163, 384.87499, 386.53536, 386.4989, 386.12448, 384.83103, 380.21725, 386.10487, 379.06842, 379.60897, 379.84792, 379.71908, 384.27337, 381.62643, 386.302, 383.12948};