name="LSHADE-cnEpSin CEC17";
dim=30;
bound=4;
testID=30;
(*--------*)
min=1941.3443;
max=2244.5698;
median=1970.5945;
mean=1985.9507000000003;
std=59.53697883586301;
(*--------*)
data={1970.3821, 1941.3443, 2086.2468, 1941.5091, 1958.2418, 1942.2717, 1970.6229, 1988.9913, 2001.0114, 1941.4545, 1941.5752, 1954.9014, 2002.1767, 1970.809, 1941.5379, 2002.2283, 1956.2063, 1941.8324, 1970.561, 2002.3619, 1980.7839, 1955.7301, 1970.6049, 2057.4547, 1944.8923, 1954.9806, 1941.5345, 2085.8051, 2086.7017, 1969.6511, 2058.2189, 2244.5698, 1970.3908, 1980.65, 1970.5945, 1954.9682, 1970.6543, 1941.9127, 1997.353, 1987.9283, 1967.239, 1970.5556, 1941.6715, 1981.8633, 1941.3603, 2175.5629, 1970.6468, 1970.8215, 1970.5881, 1970.8629, 1970.6684};