name="LSHADE-cnEpSin CEC17";
dim=30;
bound=0;
testID=20;
(*--------*)
min=21.153607;
max=156.18535;
median=34.851982;
mean=38.33151366666665;
std=18.098322168528426;
(*--------*)
data={42.246113, 33.642587, 32.663434, 156.18535, 33.049228, 32.232062, 33.163828, 30.088417, 29.061486, 44.051167, 41.320816, 48.843518, 41.354847, 43.967365, 33.802281, 30.911423, 39.62131, 32.27998, 36.523428, 40.233748, 28.33031, 32.179323, 25.585798, 34.851982, 39.495625, 43.761987, 61.892854, 33.705869, 38.859366, 34.90213, 30.789764, 36.620245, 29.489636, 32.157984, 21.153607, 27.324541, 33.098337, 33.124664, 39.409253, 43.598456, 39.634915, 30.874424, 42.83526, 37.254164, 31.449721, 39.887687, 30.118942, 31.340278, 40.207827, 39.007635, 36.722225};