name="LSHADE-cnEpSin CEC17";
dim=30;
bound=0;
testID=27;
(*--------*)
min=484.15078;
max=515.23734;
median=504.14159;
mean=503.5893229411765;
std=6.177324971488973;
(*--------*)
data={510.69595, 502.75299, 500.6824, 498.19126, 514.08072, 513.31048, 504.47039, 500.58463, 510.69148, 509.64542, 493.46114, 499.52573, 505.91064, 515.23734, 500.37202, 506.98243, 500.25216, 505.88188, 492.3238, 502.45105, 504.73537, 502.88476, 505.38246, 501.73724, 507.06841, 507.11776, 504.14159, 509.07535, 500.79457, 495.95899, 506.62516, 502.46558, 504.70434, 500.36992, 498.92094, 494.61821, 509.36924, 504.8802, 509.40975, 500.57163, 496.28645, 500.64579, 510.10248, 484.15078, 504.31333, 505.96469, 514.60607, 500.57925, 511.28818, 502.06721, 494.71586};