name="LSHADE-cnEpSin CEC17";
dim=30;
bound=0;
testID=17;
(*--------*)
min=9.9698221;
max=43.198596;
median=33.444145;
mean=32.42370111960785;
std=6.388636523806966;
(*--------*)
data={43.198596, 35.414497, 29.638693, 34.207369, 35.286613, 19.601806, 31.710787, 32.414791, 33.444145, 31.642109, 34.431921, 33.348183, 36.096846, 32.497103, 37.336026, 9.9698221, 32.814517, 33.658955, 35.368712, 39.484947, 22.616293, 38.796994, 39.109826, 26.854385, 31.873507, 33.576599, 23.720587, 30.746257, 34.856286, 35.123319, 39.935743, 30.386736, 40.572653, 41.696924, 29.221983, 33.431579, 33.862085, 23.628464, 20.502781, 31.025999, 33.101523, 35.384247, 36.474709, 37.524642, 23.181888, 35.60408, 20.738217, 31.701629, 38.273416, 29.557094, 38.961874};