name="LSHADE-cnEpSin CEC17";
dim=30;
bound=3;
testID=7;
(*--------*)
min=39.859395;
max=49.732105;
median=45.355785;
mean=45.18571045098039;
std=2.542445199495591;
(*--------*)
data={43.379205, 44.917342, 40.469593, 45.460812, 49.515506, 41.8486, 44.0197, 47.485484, 43.879133, 44.797936, 45.474978, 47.138358, 44.751014, 47.803544, 47.384078, 43.866932, 40.366702, 42.543989, 40.996171, 47.297727, 42.898086, 43.359104, 48.605202, 45.355785, 45.451128, 47.145934, 39.859395, 46.085965, 46.760921, 46.58762, 49.732105, 43.232975, 43.673241, 46.004384, 46.504558, 45.255448, 42.895047, 48.387328, 46.847228, 48.012219, 49.234316, 43.938931, 49.31848, 45.042303, 41.648461, 43.079382, 43.020333, 42.476754, 45.38073, 47.46988, 47.811186};