name="LSHADE-cnEpSin CEC17";
dim=30;
bound=2;
testID=10;
(*--------*)
min=1311.0664;
max=2175.8885;
median=1694.1766;
mean=1728.1505901960775;
std=209.2665754065835;
(*--------*)
data={1981.5827, 1578.4211, 1735.753, 1770.3192, 1818.1485, 1966.9124, 1542.8884, 1727.9547, 1645.7087, 1624.2284, 1615.2289, 1524.2514, 1577.2161, 1540.8212, 1694.1766, 1327.9888, 1794.4526, 1561.6838, 2059.1256, 1832.5925, 1449.1599, 1619.6986, 1644.4673, 2130.7721, 1644.1555, 2175.8885, 1604.3505, 1703.6224, 1970.4405, 1819.8051, 1650.1089, 1940.1965, 1986.1372, 1526.5509, 1632.7619, 1622.8514, 1838.0098, 1689.3827, 1857.3971, 1933.2038, 1702.9715, 2030.6369, 1311.0664, 1582.9392, 2030.4466, 1392.1892, 1763.0944, 1370.3004, 1969.092, 1992.7309, 1631.7974};