name="LSHADE-cnEpSin CEC17";
dim=30;
bound=5;
testID=16;
(*--------*)
min=5.8481324;
max=235.00733;
median=17.970445;
mean=34.345681870588244;
std=45.96633494030015;
(*--------*)
data={129.18375, 14.143062, 17.859687, 15.600573, 20.447065, 16.60892, 14.373105, 130.98046, 19.478709, 137.53624, 235.00733, 26.187704, 15.505771, 13.127213, 145.2936, 16.0571, 14.479395, 13.587475, 35.346993, 12.127417, 18.14646, 10.123981, 15.646252, 22.778246, 20.700768, 16.892717, 12.153802, 20.113503, 17.800928, 18.472177, 38.032029, 20.995004, 20.85543, 21.649231, 20.606476, 18.029757, 5.8481324, 14.551722, 17.725298, 19.866457, 15.918002, 17.970445, 13.262407, 23.099287, 15.418104, 13.744019, 37.785028, 33.185557, 138.70441, 16.805969, 11.816608};