name="LSHADE-cnEpSin CEC17";
dim=30;
bound=1;
testID=4;
(*--------*)
min=38.89736;
max=55.314538;
median=48.02759;
mean=47.97657937254902;
std=2.8815702599787634;
(*--------*)
data={50.205385, 45.485401, 46.728855, 47.786791, 45.183625, 46.224216, 46.927866, 50.278111, 55.314538, 48.882502, 50.193304, 48.451673, 51.746047, 50.3286, 50.542852, 44.790136, 47.070581, 48.02759, 49.639495, 49.616701, 45.423398, 51.448906, 46.371768, 47.073686, 42.744334, 51.533747, 46.554932, 47.864811, 51.059319, 51.346432, 47.607919, 50.594538, 46.57771, 46.71662, 48.172181, 43.382287, 45.04779, 48.269937, 42.151867, 38.89736, 46.479205, 48.71179, 46.843725, 45.669556, 50.046686, 49.154446, 46.844666, 51.333351, 49.174747, 51.272908, 49.010657};