name="LSHADE-cnEpSin CEC17";
dim=30;
bound=3;
testID=11;
(*--------*)
min=0.26259501;
max=65.231364;
median=3.5968841;
mean=10.888818379803917;
std=19.407213127315302;
(*--------*)
data={7.3317651, 2.7319518, 5.9697543, 1.5324434, 1.9229834, 7.2102932, 7.1237104, 3.4405952, 1.6502053, 3.8382855, 63.443905, 2.1520899, 3.3251203, 3.9069071, 4.6040339, 7.7639393, 3.9600009, 2.3760999, 1.7941308, 5.777117, 2.2867005, 3.5567556, 3.5968841, 4.7611149, 62.977337, 2.1292945, 15.667322, 2.5699932, 2.8488804, 62.247493, 0.26259501, 0.99495906, 62.43449, 2.312507, 4.3677951, 4.9797273, 65.231364, 7.1425058, 2.6861982, 7.1715658, 2.4852894, 1.9816251, 1.5931506, 3.4676773, 62.166186, 1.8093861, 4.9394053, 5.068325, 3.4460959, 4.1206608, 2.1711217};