name="LSHADE-cnEpSin CEC17";
dim=30;
bound=5;
testID=7;
(*--------*)
min=38.06326;
max=50.3696;
median=45.442874;
mean=45.122678156862754;
std=2.766756342923471;
(*--------*)
data={45.442874, 47.961758, 48.548959, 45.999954, 46.797768, 46.073732, 45.427104, 47.595466, 41.906088, 48.634219, 40.271099, 40.494828, 38.06326, 46.87043, 46.360081, 47.324838, 48.552045, 46.450236, 44.046168, 44.939414, 45.260816, 43.986354, 43.406453, 49.23289, 50.3696, 45.90921, 42.020581, 43.018044, 46.087614, 44.899693, 39.746773, 46.452879, 46.774156, 47.970277, 42.58023, 42.330294, 44.324814, 48.229286, 44.971935, 43.559554, 44.6514, 46.625165, 44.178464, 48.11108, 43.253326, 46.589394, 47.697512, 42.235601, 40.831095, 47.577807, 40.613968};