name="LSHADE-cnEpSin CEC17";
dim=30;
bound=5;
testID=23;
(*--------*)
min=346.15015;
max=365.61729;
median=357.13277;
mean=357.27053627450977;
std=4.152596930509849;
(*--------*)
data={365.04896, 360.12182, 356.96667, 354.03051, 347.3013, 352.76647, 351.45951, 354.66985, 358.33461, 353.66757, 352.96416, 360.79383, 358.38059, 365.61729, 356.78192, 356.01386, 353.63137, 358.39876, 356.94533, 359.81355, 358.573, 364.03842, 351.89827, 353.1857, 357.08732, 361.35956, 358.7218, 346.15015, 356.79456, 355.26043, 362.9652, 358.0858, 354.23821, 356.99492, 365.34668, 357.56973, 356.45481, 362.67377, 353.96373, 357.57008, 360.42495, 360.63217, 352.06835, 355.2417, 357.13277, 360.85304, 360.05213, 354.25624, 357.90514, 360.1386, 359.45219};