name="LSHADE-cnEpSin CEC17";
dim=30;
bound=2;
testID=15;
(*--------*)
min=0.44293056;
max=5.0557188;
median=2.1183958;
mean=2.2178901423529407;
std=1.2140053761311453;
(*--------*)
data={3.7339492, 2.6329949, 2.3395632, 0.87332281, 3.9113449, 3.5595885, 1.3151182, 1.0789968, 0.66084408, 0.68105421, 1.7289063, 1.5643886, 0.57810077, 2.1823968, 1.9904988, 2.7101415, 3.8284572, 2.5262007, 1.8181542, 2.037092, 2.6380482, 0.51538854, 1.6004605, 3.4970081, 0.81510079, 2.1183958, 0.82492379, 1.3354573, 1.6350707, 2.9382187, 2.4330852, 3.2062469, 3.6566329, 2.2937116, 0.44293056, 3.5507764, 4.6499871, 0.52143279, 1.4007429, 3.0161008, 4.2453767, 1.9931379, 2.7406975, 1.8167723, 3.8323987, 0.76754677, 0.47540215, 3.4807684, 1.4995757, 5.0557188, 2.3641691};