name="LSHADE-cnEpSin CEC17";
dim=30;
bound=2;
testID=5;
(*--------*)
min=9.3661653;
max=18.933205;
median=14.216157;
mean=13.876270299999998;
std=2.1959872272433802;
(*--------*)
data={15.2245, 16.235182, 16.51137, 13.365169, 14.429691, 10.580683, 16.09995, 14.792509, 18.933205, 9.3661653, 15.431323, 12.275663, 13.348455, 14.171887, 14.246963, 14.216157, 16.91104, 12.72387, 14.659895, 10.547988, 16.439604, 14.249419, 12.302782, 15.149121, 16.480194, 15.214851, 11.5188, 13.147072, 13.457239, 11.873175, 12.538236, 9.651924, 11.248036, 14.481185, 13.096974, 16.272377, 15.393533, 13.194654, 12.76998, 15.190857, 14.176288, 10.181988, 14.276557, 10.246544, 14.322512, 14.161901, 17.207992, 17.534167, 11.518243, 15.25711, 11.064805};