name="LSHADE-cnEpSin CEC17";
dim=30;
bound=4;
testID=13;
(*--------*)
min=0.15533421;
max=22.880373;
median=18.214188;
mean=16.703748610980387;
std=5.523554671463778;
(*--------*)
data={22.09119, 21.514818, 16.762044, 1.0048902, 16.042384, 21.794916, 15.353022, 18.214188, 20.467268, 18.092989, 18.870371, 15.185455, 18.732941, 21.743822, 19.478887, 18.624008, 19.782129, 18.760425, 17.631052, 20.241741, 0.99500312, 0.15533421, 14.290321, 18.297192, 14.245366, 19.006695, 19.132118, 4.761113, 16.279327, 17.852022, 0.99531863, 17.819073, 14.92029, 16.568763, 15.35581, 18.325429, 19.50823, 15.64437, 22.880373, 18.991439, 15.797801, 22.368084, 18.286268, 15.023845, 18.172062, 17.200268, 19.578669, 19.308191, 16.239746, 21.94242, 21.561698};