name="LSHADE-cnEpSin CEC17";
dim=30;
bound=2;
testID=7;
(*--------*)
min=37.953499;
max=49.455561;
median=45.240102;
mean=44.97895105882354;
std=2.7791869225321744;
(*--------*)
data={47.645794, 45.007469, 43.130837, 44.519517, 46.98512, 44.34289, 43.055504, 49.455561, 48.788831, 46.341461, 45.201835, 45.6272, 44.457226, 48.866229, 44.902262, 40.587067, 42.478781, 48.941906, 41.056481, 46.167419, 38.391229, 42.950118, 47.453032, 43.063133, 42.886339, 46.23123, 45.674663, 43.70907, 45.794853, 47.152304, 45.89993, 41.828631, 46.453447, 43.363559, 46.836809, 49.174132, 46.245704, 49.136887, 40.134854, 49.211252, 41.435323, 42.812423, 42.497429, 37.953499, 45.76314, 44.598964, 46.068982, 46.585128, 45.240102, 43.641302, 48.179646};