name="LSHADE-cnEpSin CEC17";
dim=30;
bound=5;
testID=30;
(*--------*)
min=1941.2552;
max=2350.5074;
median=1981.3808;
mean=2001.602331372549;
std=73.87724465683732;
(*--------*)
data={1955.6382, 2086.2551, 1989.0517, 1997.4986, 2030.5675, 1941.4188, 2002.1665, 1957.0986, 1970.5122, 1941.3954, 2350.5074, 1941.3274, 2086.1157, 1988.4298, 2057.6464, 1955.104, 1981.3086, 1971.1161, 1941.503, 2002.2997, 2107.0678, 2136.1183, 1942.0356, 1955.7014, 1941.6283, 2094.523, 1967.4642, 1970.5636, 1981.3808, 1988.2759, 2094.3274, 2086.0295, 1955.6467, 2002.1137, 1941.2552, 1954.8342, 1988.9617, 2104.7964, 1970.5939, 1997.4558, 1941.512, 1941.391, 1970.7378, 1970.6106, 2002.128, 1941.6589, 1988.9009, 1987.884, 1941.7305, 2085.927, 1981.5041};