name="LSHADE-cnEpSin CEC17";
dim=30;
bound=3;
testID=29;
(*--------*)
min=427.00875;
max=460.80306;
median=446.24675;
mean=445.5213725490197;
std=7.753933223604093;
(*--------*)
data={431.84672, 446.24325, 458.47908, 448.57988, 436.10258, 440.86252, 449.66528, 437.04275, 438.32498, 446.24675, 446.50411, 446.6671, 444.12827, 441.7453, 455.82679, 427.00875, 456.32711, 444.77327, 446.37077, 428.93967, 438.65379, 442.4698, 451.52404, 451.51722, 450.70188, 446.53242, 448.31933, 435.10104, 443.48237, 460.80306, 447.60159, 435.67314, 455.33385, 447.46802, 449.25365, 454.81504, 445.47575, 444.48201, 435.15665, 431.92467, 443.95957, 451.4009, 446.22466, 460.09466, 441.58574, 445.51364, 451.54738, 453.54596, 440.83692, 447.90663, 450.99969};