name="LSHADE-cnEpSin CEC17";
dim=30;
bound=2;
testID=11;
(*--------*)
min=1.2028758;
max=60.289348;
median=3.4043729;
mean=4.785138066666666;
std=8.122259143856605;
(*--------*)
data={3.7358284, 3.0094352, 1.5663559, 1.919135, 3.1055211, 3.7781358, 2.4238576, 3.9226587, 3.6181345, 1.5678683, 7.0777501, 7.3087791, 3.5148125, 2.5784775, 2.0586258, 2.5771352, 3.9505806, 6.3360579, 3.9371699, 2.6782881, 2.885397, 1.7201301, 4.5171935, 2.6191833, 60.289348, 1.2673557, 1.2028758, 2.4508381, 3.8381131, 3.2544543, 1.3553928, 6.1730565, 3.9884175, 3.5654115, 3.4734003, 1.6828122, 6.1544007, 7.1323127, 2.425376, 2.3596298, 2.6056691, 3.3006531, 7.2581009, 3.2733192, 7.0098961, 4.6248564, 1.8618984, 6.3666587, 6.6585906, 3.4043729, 4.6583199};