name="LSHADE-cnEpSin CEC17";
dim=30;
bound=2;
testID=20;
(*--------*)
min=30.216177;
max=151.55727;
median=42.619739;
mean=45.439954215686264;
std=17.509087901445906;
(*--------*)
data={30.216177, 47.529444, 45.798581, 45.893649, 49.265771, 33.024321, 37.089233, 42.619739, 39.506629, 38.147983, 38.930721, 35.832362, 40.902685, 61.373804, 31.593303, 47.395066, 56.811409, 36.77285, 50.174854, 44.512033, 39.05768, 37.634562, 39.016885, 37.036152, 37.346488, 47.259768, 50.479119, 40.290651, 41.033773, 52.021679, 31.914032, 46.899299, 38.117336, 32.222994, 33.540071, 46.327923, 44.273382, 49.080697, 81.035451, 49.000997, 42.631163, 43.072009, 40.360892, 41.970496, 47.97798, 151.55727, 47.44617, 33.727471, 58.892974, 42.868753, 39.952934};