name="LSHADE-cnEpSin CEC17";
dim=30;
bound=1;
testID=25;
(*--------*)
min=386.67659;
max=386.70544;
median=386.68848;
mean=386.68852392156856;
std=0.006856020151204595;
(*--------*)
data={386.68303, 386.69116, 386.67729, 386.68886, 386.68506, 386.69289, 386.68376, 386.69467, 386.68136, 386.70544, 386.68641, 386.68768, 386.69069, 386.69811, 386.68193, 386.67659, 386.68251, 386.69644, 386.68701, 386.69169, 386.69368, 386.6787, 386.68848, 386.6931, 386.69723, 386.69578, 386.68689, 386.68385, 386.69897, 386.70245, 386.67802, 386.69036, 386.69447, 386.69382, 386.68528, 386.69083, 386.67794, 386.68143, 386.68391, 386.68163, 386.69795, 386.69255, 386.69289, 386.68188, 386.6807, 386.69201, 386.68249, 386.68936, 386.68655, 386.68445, 386.69449};