name="LSHADE-cnEpSin CEC17";
dim=30;
bound=4;
testID=28;
(*--------*)
min=300.;
max=453.93024;
median=300.;
mean=326.34352941176473;
std=48.42741133709979;
(*--------*)
data={403.28568, 300., 300., 300., 300., 300., 300., 300., 300., 300., 300., 300., 300., 300., 300., 403.28568, 413.97516, 300., 300., 300., 403.28568, 413.97516, 300., 300., 300., 300., 300., 300., 300., 403.28568, 413.97514, 300., 300., 453.93024, 300., 300., 300., 413.9751, 403.28568, 300., 300., 300., 403.28568, 300., 300., 300., 413.97512, 300., 300., 300., 300.};