name="LSHADE-cnEpSin CEC17";
dim=30;
bound=0;
testID=15;
(*--------*)
min=0.35044081;
max=8.363752;
median=2.5875812;
mean=2.976641506078432;
std=1.8910001029835501;
(*--------*)
data={1.4612933, 2.9899407, 2.2050028, 1.748404, 6.4502754, 1.4928541, 0.35044081, 1.5097812, 4.5675137, 3.7052816, 3.7617818, 2.4690944, 1.2287068, 2.5596753, 0.53736819, 2.8994915, 1.4230625, 1.0439614, 0.74985907, 3.662036, 1.5718292, 4.0505827, 3.7465107, 1.5908849, 2.4189502, 3.3459085, 0.76793893, 4.4825945, 0.57202695, 3.0130339, 3.9594914, 1.7980548, 3.094764, 5.683703, 4.6814513, 6.8616668, 4.9692528, 7.9829083, 2.3013925, 2.9934663, 1.6739173, 2.7236334, 2.2520544, 3.2895175, 0.55345906, 2.3091332, 2.5875812, 3.9629762, 5.9641836, 1.4262727, 8.363752};