name="LSHADE-cnEpSin CEC17";
dim=30;
bound=1;
testID=5;
(*--------*)
min=7.3021997;
max=17.719144;
median=13.988791;
mean=13.779748729411763;
std=2.4737344388119373;
(*--------*)
data={13.988791, 16.210779, 12.184423, 10.520725, 15.360046, 16.317991, 16.183261, 14.334649, 13.531171, 14.348825, 17.553168, 17.719144, 14.755621, 11.471274, 17.343996, 16.269361, 9.2947438, 16.309331, 11.252476, 16.344891, 17.560932, 12.759233, 16.433529, 11.076886, 11.994087, 13.935735, 12.462875, 12.531314, 14.418275, 11.551225, 14.207795, 14.512155, 16.840009, 12.384365, 14.207769, 15.191991, 15.410115, 14.453856, 11.275536, 12.367107, 9.1877361, 13.425743, 7.3021997, 13.314809, 8.8187986, 17.289643, 12.380636, 13.564218, 11.657433, 15.492988, 13.463525};