name="LSHADE-cnEpSin CEC17";
dim=30;
bound=5;
testID=25;
(*--------*)
min=386.66493;
max=386.70476;
median=386.67601;
mean=386.67762764705867;
std=0.00853865670658656;
(*--------*)
data={386.66748, 386.67844, 386.68297, 386.66896, 386.69175, 386.67888, 386.67294, 386.68681, 386.68132, 386.68924, 386.67057, 386.6757, 386.67138, 386.67479, 386.67305, 386.68515, 386.67848, 386.66735, 386.66493, 386.68027, 386.66979, 386.67661, 386.67248, 386.67832, 386.66739, 386.69343, 386.66851, 386.68775, 386.69071, 386.68598, 386.67752, 386.67601, 386.68292, 386.67173, 386.67229, 386.67104, 386.68483, 386.70476, 386.69033, 386.6723, 386.68011, 386.66971, 386.67222, 386.67095, 386.67636, 386.67689, 386.67118, 386.67527, 386.69138, 386.67454, 386.66524};