name="LSHADE-cnEpSin CEC17";
dim=30;
bound=5;
testID=13;
(*--------*)
min=0.00099435657;
max=89.917145;
median=15.944712;
mean=15.857599931697452;
std=15.62539016468874;
(*--------*)
data={3.7466886, 15.347861, 4.8864743, 20.724979, 15.020776, 18.482662, 0.99730855, 3.0060516, 1.9949556, 18.051821, 2.5106441, 76.957901, 16.837873, 5.132056, 1.9228978, 16.026797, 8.586799, 19.455137, 14.842132, 20.149526, 15.92735, 20.60702, 4.4075141, 0.00099435657, 18.259968, 19.745262, 16.15118, 15.244137, 18.944282, 15.944712, 15.298488, 18.424774, 0.99498526, 19.483517, 20.036424, 0.9952763, 14.629335, 19.112332, 1.996406, 8.6646588, 19.211883, 13.827976, 14.295338, 89.917145, 20.342873, 17.573534, 19.603714, 22.308762, 21.448687, 0.99495915, 19.662769};