name="LSHADE-cnEpSin CEC17";
dim=30;
bound=2;
testID=26;
(*--------*)
min=745.42819;
max=1067.1856;
median=916.70974;
mean=914.20215;
std=56.0683042120272;
(*--------*)
data={909.25518, 752.74556, 885.25546, 940.27425, 824.18445, 898.78142, 920.26339, 938.65043, 879.10742, 861.00487, 1067.1856, 884.47914, 981.35733, 856.99574, 974.97202, 854.14264, 891.96599, 909.57697, 965.31593, 889.76981, 897.5415, 947.73587, 995.26607, 963.4842, 905.27653, 901.0042, 960.88086, 896.61059, 850.10587, 962.89646, 922.75192, 946.14661, 916.70974, 898.54152, 870.57062, 928.12815, 931.55611, 940.67883, 928.05142, 977.03698, 900.7516, 847.63589, 961.08143, 952.32443, 981.28908, 920.37177, 745.42819, 887.79772, 952.53413, 952.43338, 896.40438};