name="LSHADE-cnEpSin CEC17";
dim=30;
bound=2;
testID=14;
(*--------*)
min=2.8577753;
max=24.200944;
median=22.119167;
mean=21.67313169215686;
std=2.885091682400514;
(*--------*)
data={23.362669, 22.119167, 21.093254, 22.177166, 20.986985, 21.23162, 21.123319, 21.03461, 21.200646, 22.01689, 20.66242, 21.57925, 23.21757, 23.058241, 22.294578, 22.013203, 23.077794, 23.050445, 22.178837, 22.198255, 20.137194, 23.270139, 20.199739, 22.266326, 21.627717, 21.456417, 21.433458, 21.284946, 2.8577753, 20.027616, 24.004263, 23.904234, 22.439228, 21.074438, 20.045486, 21.995898, 21.659586, 21.275526, 22.198568, 23.724575, 21.288441, 22.359036, 21.076103, 23.010248, 22.343229, 22.806401, 23.038773, 23.072376, 23.126461, 22.447656, 24.200944};