name="LSHADE-cnEpSin CEC17";
dim=30;
bound=3;
testID=20;
(*--------*)
min=31.987056;
max=77.464203;
median=48.90852;
mean=49.24057323529413;
std=9.726381505617255;
(*--------*)
data={50.415428, 46.555264, 56.565183, 52.618184, 44.94204, 48.90852, 44.137122, 34.09909, 43.648443, 52.387092, 31.987056, 59.67521, 43.864559, 44.501178, 44.136301, 49.026429, 69.12508, 37.25138, 57.160534, 40.482926, 38.641031, 44.798259, 41.23751, 42.851368, 69.862403, 36.783221, 49.127365, 53.90881, 49.442516, 58.142483, 60.546566, 50.204756, 47.965966, 39.014112, 55.475969, 45.31516, 60.131081, 77.464203, 43.168229, 55.322687, 50.059221, 36.493334, 33.980997, 43.732523, 40.573097, 50.332522, 55.215613, 56.777512, 47.180861, 64.255105, 61.777736};