name="LSHADE-cnEpSin CEC17";
dim=30;
bound=0;
testID=26;
(*--------*)
min=895.44874;
max=1046.2248;
median=987.90708;
mean=980.8977539215686;
std=35.854272577103224;
(*--------*)
data={1042.8309, 992.55556, 988.56092, 1000.7565, 1029.1537, 957.76237, 972.61224, 1007.3401, 993.28644, 941.34789, 948.8622, 999.79434, 988.22643, 991.7523, 977.2982, 930.02969, 980.04754, 995.58433, 978.17793, 1010.2194, 930.1872, 986.55855, 960.38403, 903.42596, 1020.1393, 1006.0544, 1002.1457, 1013.3175, 959.92591, 969.18857, 1034.8406, 1046.2248, 998.96391, 987.90708, 934.32491, 961.10737, 931.10442, 1024.259, 895.44874, 975.98717, 972.86242, 959.78672, 936.99755, 964.60949, 978.74589, 901.13267, 1006.9644, 1001.765, 1002.443, 1038.9453, 993.83891};