name="LSHADE-cnEpSin CEC17";
dim=30;
bound=3;
testID=27;
(*--------*)
min=468.1378;
max=503.96852;
median=481.35317;
mean=482.68455921568625;
std=9.413464508333547;
(*--------*)
data={483.25392, 476.9251, 502.85433, 488.14503, 471.96742, 481.43507, 473.84107, 474.58596, 477.58676, 502.82325, 482.20306, 503.65213, 474.03955, 486.62414, 482.45003, 481.34805, 474.32083, 476.77722, 474.47812, 490.48215, 468.63162, 478.11407, 478.18187, 474.69799, 488.29305, 487.73016, 474.73433, 477.9807, 473.31976, 496.10851, 474.45194, 477.48904, 475.27256, 473.31274, 501.259, 468.1378, 485.30373, 503.96852, 486.15128, 491.48671, 488.23427, 482.4261, 483.78122, 481.51915, 481.35317, 479.04711, 479.77124, 477.19226, 485.23633, 482.43254, 501.50056};