name="LSHADE-cnEpSin CEC17";
dim=30;
bound=2;
testID=19;
(*--------*)
min=2.3039171;
max=8.5459582;
median=4.639693;
mean=4.9606867411764695;
std=1.5140572590172252;
(*--------*)
data={3.7076411, 4.4803988, 3.4695277, 2.7910129, 5.526131, 6.5142354, 4.0921305, 6.5758233, 6.8244954, 3.4078908, 6.8480258, 4.639693, 3.5514386, 3.8687601, 3.4293342, 3.0411755, 7.6662858, 4.5636768, 2.3039171, 3.0867155, 7.1316461, 6.0063557, 5.7180127, 3.3766739, 5.5496654, 3.2419193, 6.5056793, 3.6127359, 6.1571255, 6.8633162, 4.0939752, 4.4597836, 4.8191516, 5.5436322, 4.5891385, 7.0495957, 6.296602, 8.5459582, 4.2799021, 5.2207784, 5.6077362, 3.9092685, 7.1800861, 5.3856265, 4.3288088, 7.3674022, 3.251014, 3.2625662, 4.7177966, 4.921713, 3.6130489};