name="LSHADE-cnEpSin CEC17";
dim=30;
bound=1;
testID=13;
(*--------*)
min=1.9918079;
max=26.408056;
median=17.219914;
mean=16.422771409803925;
std=5.852768969378402;
(*--------*)
data={16.004829, 2.1218772, 13.108426, 19.136952, 18.863279, 15.054829, 21.623292, 21.453799, 18.832118, 18.470438, 21.645243, 16.352011, 15.180445, 21.21209, 15.862354, 1.9918079, 1.9919177, 16.767676, 7.7308357, 18.672877, 16.770964, 14.502539, 19.941601, 18.961772, 19.997621, 26.408056, 16.87125, 16.475978, 21.204866, 21.800656, 15.93967, 20.754242, 16.737051, 20.695482, 15.643947, 20.652016, 17.219914, 15.954821, 18.992024, 5.0812872, 14.281999, 18.186819, 18.816104, 15.695063, 22.397628, 23.724377, 13.605829, 5.085183, 18.25409, 2.0171142, 22.814282};