name="LSHADE-cnEpSin CEC17";
dim=30;
bound=0;
testID=23;
(*--------*)
min=351.20531;
max=368.28919;
median=357.82229;
mean=358.2762711764707;
std=3.5812019722085804;
(*--------*)
data={357.11737, 359.48038, 357.00118, 361.92216, 358.72148, 359.10186, 361.38338, 363.6946, 355.31471, 368.28919, 359.96082, 355.28062, 358.96265, 355.37703, 356.38496, 351.38928, 359.77445, 360.19099, 360.08493, 355.11027, 356.89783, 358.77347, 366.00975, 353.14624, 359.95194, 356.24939, 361.21893, 357.94006, 357.98272, 353.85797, 360.68576, 355.42593, 359.27237, 356.33166, 366.56677, 359.43836, 357.82229, 356.01119, 355.42973, 358.76853, 356.34702, 356.73254, 356.47278, 357.2865, 356.5956, 355.30006, 360.56141, 366.59723, 354.98175, 357.68643, 351.20531};