name="LSHADE-cnEpSin CEC17";
dim=30;
bound=4;
testID=14;
(*--------*)
min=4.8341227;
max=24.987641;
median=22.046897;
mean=21.7961732882353;
std=2.628713249326784;
(*--------*)
data={21.174436, 23.040744, 21.999862, 22.999298, 24.055518, 22.060089, 23.124798, 22.188087, 22.067061, 22.028433, 23.422584, 23.170459, 22.084021, 21.1057, 20.995369, 21.205492, 21.03313, 20.14115, 21.301814, 23.181047, 22.004688, 21.815011, 23.140113, 22.12704, 22.071291, 22.16658, 23.008206, 24.037695, 21.310641, 21.413179, 21.030851, 22.025881, 22.201347, 22.014914, 22.092069, 21.417631, 23.126723, 20.063841, 21.082336, 23.03163, 21.99048, 22.046897, 21.284388, 21.198273, 22.118237, 24.987641, 23.206729, 4.8341227, 21.116171, 21.25349, 24.00765};