name="LSHADE-cnEpSin CEC17";
dim=30;
bound=2;
testID=16;
(*--------*)
min=8.4241311;
max=349.94968;
median=136.92833;
mean=137.45906070784315;
std=83.38274379682879;
(*--------*)
data={131.05865, 16.389472, 133.82868, 136.92833, 137.88186, 253.44333, 123.9156, 24.347284, 227.79143, 14.154019, 254.52049, 138.38187, 134.37124, 230.03694, 152.66228, 141.329, 17.140062, 349.94968, 52.077083, 158.2631, 136.92381, 240.31858, 26.596859, 135.88101, 237.38857, 18.974476, 8.4241311, 152.5634, 55.278007, 285.73048, 134.03073, 266.40137, 19.027911, 137.76192, 140.5329, 12.869952, 153.43624, 150.93592, 136.37237, 140.91391, 34.436641, 224.18969, 131.593, 140.7913, 137.03291, 29.196549, 132.48244, 132.81754, 134.99007, 239.23315, 254.81586};