name="LSHADE-cnEpSin CEC17";
dim=30;
bound=1;
testID=20;
(*--------*)
min=21.468237;
max=51.083253;
median=35.774993;
mean=35.652471725490216;
std=6.29093589508373;
(*--------*)
data={24.41896, 37.299911, 43.947919, 31.978825, 44.442388, 32.103283, 36.526596, 39.172172, 35.774993, 32.046874, 38.318511, 46.916918, 41.500697, 21.468237, 46.242691, 35.251634, 31.995385, 22.920562, 34.486843, 27.521958, 39.824746, 32.710525, 39.904582, 37.681595, 36.836489, 35.856685, 34.880117, 34.229028, 34.753113, 33.704345, 45.515225, 27.140609, 27.249402, 39.489301, 37.149241, 33.599543, 28.070688, 38.561004, 32.33826, 40.905706, 34.469352, 51.083253, 39.661599, 37.101878, 32.707505, 42.935768, 38.741422, 36.324579, 32.720667, 22.786481, 35.007993};