name="LSHADE-cnEpSin CEC17";
dim=30;
bound=5;
testID=4;
(*--------*)
min=30.609932;
max=48.273299;
median=42.459864;
mean=41.958893941176456;
std=3.142079147895243;
(*--------*)
data={43.401515, 47.422628, 44.057368, 43.487187, 42.47513, 35.905892, 40.461748, 30.609932, 43.006557, 40.35436, 44.554282, 47.202633, 42.546479, 40.612583, 40.866394, 44.022151, 42.638106, 36.502016, 44.588903, 43.229787, 40.225516, 40.634046, 40.049623, 38.986161, 46.807229, 42.205582, 42.459864, 44.140963, 40.348098, 39.711529, 37.105907, 43.656089, 43.274218, 38.95615, 42.981223, 39.991276, 41.565831, 40.93888, 42.06437, 42.88888, 45.124436, 43.682623, 39.766055, 43.807021, 48.273299, 42.098415, 39.143505, 44.652408, 46.471204, 40.505703, 39.441836};