name="LSHADE-cnEpSin CEC17";
dim=30;
bound=4;
testID=5;
(*--------*)
min=7.6936955;
max=17.618147;
median=14.1895;
mean=13.888953617647056;
std=2.2269241565165427;
(*--------*)
data={15.465803, 17.28155, 12.187555, 12.604924, 13.322273, 15.143035, 14.1895, 13.36401, 15.278237, 11.245689, 15.224687, 15.178873, 15.476701, 11.139629, 15.580006, 14.50796, 14.579654, 12.313119, 14.040434, 16.017801, 15.119078, 16.424737, 14.311533, 17.618147, 11.88437, 10.186169, 15.267786, 13.391981, 10.295272, 13.20136, 7.6936955, 15.372119, 11.344906, 17.593129, 10.311154, 12.516777, 13.122495, 12.278135, 13.548967, 17.439803, 12.845249, 13.112778, 16.130156, 14.435626, 11.43929, 11.420913, 16.098844, 11.252327, 16.510674, 16.490872, 15.536852};