name="LSHADE-cnEpSin CEC17";
dim=30;
bound=1;
testID=8;
(*--------*)
min=10.143073;
max=18.712921;
median=15.106007;
mean=14.89919835294117;
std=2.215282477776519;
(*--------*)
data={17.608501, 10.470931, 16.393001, 17.143136, 18.712921, 14.262014, 17.335357, 14.298988, 18.526002, 13.253885, 15.246433, 14.162952, 13.192101, 14.1627, 14.179556, 16.215743, 13.371865, 14.085663, 13.30315, 13.25546, 18.218721, 10.143073, 15.456231, 14.180278, 17.64984, 16.226828, 11.910068, 15.201171, 15.106007, 15.435184, 17.502227, 18.30993, 15.711798, 15.773879, 17.314362, 11.758078, 14.702238, 14.213048, 12.222241, 11.295889, 16.157394, 15.872662, 11.402342, 16.220021, 17.692289, 13.187562, 17.558734, 14.51343, 15.25072, 11.39911, 13.093402};