name="LSHADE-cnEpSin CEC17";
dim=30;
bound=2;
testID=23;
(*--------*)
min=341.98224;
max=359.62937;
median=352.8443;
mean=352.5060794117647;
std=3.653715362968719;
(*--------*)
data={350.31028, 343.83947, 348.88455, 349.21627, 351.72245, 356.83696, 353.48397, 351.26245, 353.98858, 354.79059, 354.99811, 341.98224, 353.13777, 350.75708, 359.62937, 357.74971, 356.67502, 350.8393, 350.78203, 353.09934, 347.78476, 354.91716, 356.1462, 351.84133, 349.33487, 357.98394, 352.25308, 351.68174, 351.10045, 353.7105, 355.45515, 347.99273, 356.59771, 344.16502, 350.92023, 356.42758, 357.66209, 353.64826, 352.0561, 353.45749, 354.02487, 353.42724, 349.20093, 349.86618, 349.51902, 354.64604, 357.29063, 354.37156, 352.66977, 352.8443, 350.82758};