name="LSHADE-cnEpSin CEC17";
dim=30;
bound=0;
testID=7;
(*--------*)
min=39.588051;
max=49.236021;
median=45.559829;
mean=44.69569188235296;
std=2.465612287385206;
(*--------*)
data={40.004527, 45.962402, 45.199282, 46.70359, 42.949776, 45.838328, 40.981993, 42.335453, 45.080424, 47.589427, 39.588051, 46.065771, 42.381936, 45.559829, 43.90528, 47.4104, 46.648698, 45.447897, 45.137778, 44.975308, 46.108398, 45.353468, 44.124829, 40.190014, 40.286307, 40.925441, 46.720715, 45.887181, 42.594167, 49.236021, 45.912747, 40.45197, 45.589938, 42.543747, 43.417409, 41.311764, 45.758102, 46.795223, 45.856492, 47.815327, 45.008854, 40.187066, 46.898578, 48.504671, 47.038217, 45.973095, 44.762792, 46.028803, 46.016571, 45.876153, 46.540076};