name="LSHADE-cnEpSin CEC17";
dim=30;
bound=4;
testID=26;
(*--------*)
min=884.95049;
max=1030.5537;
median=972.18577;
mean=966.1969823529408;
std=37.5257633495467;
(*--------*)
data={923.61869, 1012.2322, 977.58585, 945.39012, 979.09373, 955.95867, 884.95049, 1009.6501, 904.55291, 972.18577, 1020.3596, 1021.4786, 943.65394, 972.59262, 991.34082, 1030.5537, 990.39196, 1010.2693, 895.57647, 941.70029, 978.53174, 988.37611, 911.0982, 1008.9455, 1010.1177, 987.52908, 977.85066, 898.28264, 1027.0683, 956.43932, 998.9725, 968.55252, 979.80213, 959.65005, 935.63503, 984.68173, 931.04331, 976.45877, 978.29562, 967.77647, 914.2737, 1013.9174, 944.79068, 918.09353, 907.83245, 970.58843, 996.85714, 959.99426, 937.57738, 951.09051, 952.78741};