name="LSHADE-cnEpSin CEC17";
dim=30;
bound=0;
testID=5;
(*--------*)
min=8.1182447;
max=17.083224;
median=14.264119;
mean=13.601757209803923;
std=2.2197278144310437;
(*--------*)
data={14.358205, 13.965831, 13.478519, 11.232585, 11.158161, 12.233218, 15.087021, 16.341318, 12.507018, 16.250376, 15.340227, 9.6185476, 17.083224, 15.135605, 15.667915, 16.26366, 15.509811, 16.628219, 9.4499851, 14.395657, 15.197494, 14.403124, 16.505422, 14.668033, 12.10456, 12.425749, 11.326289, 11.275339, 15.511563, 12.257179, 15.160519, 14.208586, 12.533605, 8.7266803, 15.343767, 14.264119, 10.426168, 13.3909, 11.59724, 15.542078, 15.497384, 14.987421, 12.49745, 8.1182447, 16.277049, 12.434864, 10.463956, 12.664187, 13.382545, 14.391407, 14.401593};