name="LSHADE-cnEpSin CEC17";
dim=30;
bound=3;
testID=4;
(*--------*)
min=25.886169;
max=68.210182;
median=40.44537;
mean=41.94531345098039;
std=9.356443148988578;
(*--------*)
data={38.93862, 52.338012, 42.107297, 29.145208, 49.968026, 42.553949, 35.098854, 46.687022, 40.161835, 36.995046, 35.005788, 40.679541, 44.288645, 39.451864, 45.389463, 68.210182, 35.787412, 35.247157, 29.683255, 42.221064, 46.063622, 42.050172, 35.841501, 43.498146, 32.957325, 40.627731, 42.07406, 28.894543, 39.047233, 53.549644, 30.84495, 40.276275, 25.886169, 34.441316, 31.828348, 31.535507, 38.600373, 35.947839, 58.275666, 56.929872, 55.971806, 56.109256, 54.201209, 37.056586, 40.44537, 59.830135, 37.145067, 53.089143, 42.220196, 53.305288, 30.708398};