name="LSHADE-cnEpSin CEC17";
dim=30;
bound=3;
testID=17;
(*--------*)
min=15.909537;
max=45.56563;
median=36.291861;
mean=35.94100913725491;
std=5.70093176718323;
(*--------*)
data={42.681339, 36.11393, 36.337114, 37.436544, 40.16233, 36.852611, 34.574959, 27.890571, 33.874132, 15.909537, 35.183407, 41.703397, 27.746534, 24.15681, 31.053756, 41.383958, 30.477907, 33.015653, 44.559285, 39.583741, 41.410021, 40.424529, 39.984101, 34.238779, 37.089364, 40.892894, 36.291861, 42.216344, 28.308974, 44.022437, 33.117113, 39.685735, 33.458643, 30.947649, 35.888542, 34.902025, 34.338012, 36.117968, 37.586357, 36.137916, 38.783471, 38.315254, 31.933774, 35.173, 39.173571, 35.143354, 40.470674, 22.790223, 40.324526, 37.56121, 45.56563};