name="LSHADE-cnEpSin CEC17";
dim=30;
bound=0;
testID=11;
(*--------*)
min=0.99495906;
max=60.453218;
median=5.0237611;
mean=11.643038512941175;
std=17.294246978442146;
(*--------*)
data={5.2498044, 3.1012142, 7.9500776, 2.8697444, 8.0511953, 60.453218, 2.2449249, 4.0070062, 2.7744256, 4.2140252, 3.2920323, 7.7322075, 2.4552435, 54.790222, 2.9826777, 3.9114133, 6.9190319, 6.376385, 6.9857218, 4.3058597, 3.9527711, 7.4890139, 7.2422579, 2.1470055, 0.99495906, 2.7562974, 5.2422412, 3.6860752, 5.0237611, 5.0413475, 25.637214, 2.9552054, 27.35582, 3.5021265, 3.2684182, 8.2163946, 55.489863, 6.8406261, 7.0267792, 4.0410723, 57.766971, 57.736205, 2.9848772, 54.205428, 7.8786008, 1.7227296, 3.280315, 6.4042713, 7.6746042, 2.2707226, 3.2945598};