name="LSHADE-cnEpSin CEC17";
dim=30;
bound=3;
testID=12;
(*--------*)
min=7.6581279;
max=573.10324;
median=137.1326;
mean=186.95412511568622;
std=113.19759499598678;
(*--------*)
data={125.88828, 138.8239, 13.143801, 122.57967, 237.22364, 126.16586, 16.868775, 237.5181, 245.03745, 248.25977, 350.4779, 126.52972, 142.54888, 119.07977, 24.24933, 573.10324, 244.89866, 248.25977, 433.23931, 237.08485, 126.02707, 139.46534, 244.4654, 137.1326, 129.75204, 237.5875, 133.54641, 133.47702, 135.15681, 422.63643, 343.02795, 248.12098, 139.10148, 122.3021, 240.87922, 125.95768, 125.95768, 122.44088, 122.51027, 122.51027, 122.51027, 129.89083, 245.04458, 29.804397, 248.25977, 340.48581, 355.45379, 7.6581279, 240.67104, 125.88828, 125.95768};