name="LSHADE-cnEpSin CEC17";
dim=30;
bound=4;
testID=20;
(*--------*)
min=19.32676;
max=58.329212;
median=36.665908;
mean=36.61590213725491;
std=6.285161237926553;
(*--------*)
data={33.401947, 35.005321, 22.468918, 34.92078, 37.435005, 31.516162, 32.58279, 58.329212, 38.441289, 34.357333, 37.60527, 35.41677, 29.781443, 35.686162, 37.060604, 31.36052, 33.565945, 43.078398, 33.527998, 42.050772, 31.305592, 39.246367, 28.248357, 38.957234, 32.786226, 19.32676, 38.654926, 39.276358, 36.665908, 41.893627, 37.200306, 38.958262, 36.907621, 45.354655, 43.435944, 35.499893, 31.963207, 34.898675, 45.132973, 42.729613, 28.324297, 32.375723, 41.244963, 40.277303, 28.236413, 35.381038, 36.60482, 40.19325, 44.257482, 44.773205, 39.707372};