name="LSHADE-cnEpSin CEC17";
dim=30;
bound=5;
testID=12;
(*--------*)
min=3.9331538;
max=913.11256;
median=354.29842;
mean=379.5004980549018;
std=208.44378608499372;
(*--------*)
data={721.97662, 343.16674, 540.64151, 126.09646, 248.12098, 135.67097, 248.12098, 352.30799, 547.88328, 498.03557, 735.20671, 430.01699, 450.19898, 427.39976, 153.7284, 422.20318, 250.59251, 307.55921, 135.30711, 653.76625, 146.34325, 913.11256, 496.13608, 523.76803, 339.94441, 459.3574, 425.78936, 585.45969, 351.04994, 459.21861, 422.06439, 231.70186, 375.83936, 378.10984, 244.5348, 546.63697, 824.3473, 130.25469, 126.52972, 133.40762, 248.12098, 677.35084, 354.29842, 356.03297, 3.9331538, 155.69268, 24.179937, 761.87002, 237.15424, 343.66939, 350.61669};