name="LSHADE-cnEpSin CEC17";
dim=30;
bound=5;
testID=29;
(*--------*)
min=419.97371;
max=456.23006;
median=437.67079;
mean=438.6424847058823;
std=8.232443628258952;
(*--------*)
data={440.09867, 440.52339, 449.31218, 437.67079, 434.60485, 456.23006, 443.11306, 440.03996, 452.75233, 419.97371, 435.13314, 450.37201, 430.11846, 426.12585, 441.92254, 452.54384, 433.85781, 441.72506, 432.41372, 422.56771, 439.83787, 432.78806, 427.87109, 448.01884, 441.13355, 436.36128, 437.39985, 427.45837, 446.73465, 439.48923, 426.5349, 435.67405, 444.61054, 453.8514, 432.61634, 450.08402, 432.84462, 443.03252, 432.36816, 437.14391, 436.35012, 434.50851, 432.31443, 453.37971, 440.14083, 437.48415, 438.48158, 434.26758, 434.52434, 440.95969, 441.40339};