name="LSHADE-cnEpSin CEC17";
dim=30;
bound=1;
testID=30;
(*--------*)
min=1941.1665;
max=2133.8727;
median=1970.5937;
mean=1993.8864000000005;
std=60.76473682796623;
(*--------*)
data={2086.0506, 1970.5672, 1941.3921, 1941.441, 1945.26, 1967.5805, 1941.4358, 1981.6585, 1941.5505, 2086.2039, 1941.4364, 2074.8607, 1980.6914, 1987.823, 2128.7463, 2057.9269, 1954.982, 1941.5581, 1981.617, 1970.5561, 2057.2116, 1942.2971, 2004.021, 1970.4927, 2133.8727, 1981.6297, 2085.8286, 1970.5937, 1946.7892, 1969.4737, 1981.7038, 2086.0251, 1941.3631, 2128.8221, 1941.4573, 1941.1665, 1981.3879, 1981.2158, 1941.4734, 2085.7378, 2086.0827, 1970.5681, 1970.5878, 2086.0588, 1942.4542, 1970.744, 1970.9209, 1970.6328, 1941.5015, 1941.4719, 1941.2829};