name="LSHADE-cnEpSin CEC17";
dim=30;
bound=0;
testID=4;
(*--------*)
min=35.148195;
max=48.611236;
median=41.84459;
mean=42.066996019607835;
std=2.7190881498525163;
(*--------*)
data={40.40446, 37.339826, 45.624954, 45.646832, 41.13475, 41.249587, 42.288849, 42.300933, 36.664814, 41.473036, 45.22416, 39.396813, 40.177609, 44.647729, 45.457288, 40.739679, 43.860201, 40.828339, 42.120049, 43.99394, 43.70536, 40.041805, 45.287937, 40.271841, 41.577985, 46.403768, 40.160541, 44.25319, 39.387915, 44.258143, 43.025588, 39.636954, 41.714088, 42.663924, 42.503224, 40.1661, 40.664193, 48.611236, 43.918497, 41.11159, 42.926239, 42.435663, 41.026993, 38.739129, 35.148195, 41.84459, 43.383235, 48.191304, 43.390499, 38.763492, 39.629731};