name="LSHADE-cnEpSin CEC17";
dim=30;
bound=5;
testID=26;
(*--------*)
min=788.72828;
max=1057.7753;
median=962.06651;
mean=950.093577647059;
std=54.95184572934422;
(*--------*)
data={940.48986, 953.64642, 969.22036, 984.54835, 923.88077, 1006.9926, 974.34061, 1016.6127, 918.10451, 916.11162, 892.34807, 990.54486, 977.00131, 1017.0159, 831.16929, 995.94169, 1002.6914, 1057.7753, 979.88284, 898.91102, 971.01076, 999.83714, 930.6804, 929.11004, 943.29706, 904.18715, 915.92439, 962.06651, 992.56037, 970.88354, 1005.2492, 1000.2504, 993.77724, 788.72828, 962.28085, 1000.9616, 876.74255, 951.79907, 978.67959, 835.03438, 928.67042, 881.72866, 1010.3219, 910.88153, 862.48685, 909.80655, 896.49698, 961.34071, 1015.3578, 988.80447, 928.58659};