name="LSHADE-cnEpSin CEC17";
dim=30;
bound=1;
testID=14;
(*--------*)
min=1.9899181;
max=25.174414;
median=22.059886;
mean=20.088876778431377;
std=5.974466591977901;
(*--------*)
data={22.059886, 23.04554, 22.253633, 20.215028, 24.143303, 20.102639, 4.1698789, 25.174414, 23.072259, 22.00478, 22.234416, 22.07401, 21.02544, 24.014359, 22.103849, 21.310979, 21.413786, 21.552157, 22.261993, 20.282359, 21.323968, 25.007726, 1.9899181, 22.98807, 22.04049, 5.4658602, 20.037984, 21.524141, 20.091046, 20.016682, 22.216837, 22.061968, 23.153898, 8.0182739, 21.695048, 2.2308363, 23.020054, 22.489265, 24.031845, 3.9798363, 21.025975, 23.173895, 23.084487, 22.056818, 22.012981, 23.006704, 22.053876, 22.359823, 22.224043, 22.422409, 23.213249};