name="LSHADE-cnEpSin CEC17";
dim=30;
bound=4;
testID=8;
(*--------*)
min=7.4343618;
max=18.49405;
median=15.311103;
mean=14.846269800000004;
std=2.3828094187912185;
(*--------*)
data={10.44785, 14.142351, 14.433197, 18.262748, 17.11389, 16.287126, 15.507738, 15.272766, 15.170231, 11.510092, 16.587632, 13.219415, 15.263398, 16.259863, 14.549464, 15.513871, 12.390614, 16.23896, 14.1185, 16.161012, 12.170323, 11.167956, 14.290113, 12.179968, 17.880998, 12.251011, 16.089642, 16.53321, 18.318911, 7.4343618, 18.49405, 10.228849, 16.429619, 17.086206, 15.311103, 16.819979, 11.189374, 13.297113, 16.811097, 16.253146, 16.510517, 14.138896, 17.784195, 12.485805, 14.215725, 17.278767, 16.13964, 16.231983, 14.186262, 16.047588, 13.452634};