name="LSHADE-cnEpSin CEC17";
dim=30;
bound=3;
testID=18;
(*--------*)
min=20.388058;
max=21.584123;
median=20.516296;
mean=20.570414666666665;
std=0.2521662000874557;
(*--------*)
data={20.516296, 20.556754, 20.515988, 20.508309, 21.495101, 20.560665, 21.533228, 20.400774, 20.535329, 20.506314, 20.584333, 20.527885, 20.388058, 20.458671, 20.509988, 20.393227, 20.519052, 20.540505, 20.398223, 20.488878, 20.468365, 20.509762, 20.550447, 20.608643, 20.54367, 20.476102, 20.514877, 20.554121, 20.524139, 20.519962, 21.584123, 20.415776, 20.540876, 20.515065, 20.76343, 20.472308, 20.548596, 20.514204, 20.466392, 20.550822, 20.450865, 20.446869, 20.487038, 20.496803, 20.55706, 20.431585, 20.450235, 20.574051, 20.528889, 20.565039, 20.523456};