name="LSHADE-cnEpSin CEC17";
dim=30;
bound=0;
testID=24;
(*--------*)
min=423.92135;
max=434.91975;
median=429.40479;
mean=429.84763921568623;
std=2.5922197394247632;
(*--------*)
data={430.04372, 433.38804, 432.55549, 428.14965, 429.40479, 427.18812, 433.03101, 433.43522, 428.94927, 427.87523, 429.01763, 427.38224, 428.39414, 431.74512, 431.00587, 429.09026, 430.43857, 433.01737, 426.54383, 431.05809, 432.26349, 429.02295, 429.34585, 431.49081, 429.47675, 427.70181, 433.22893, 427.86686, 426.18036, 425.88054, 425.85794, 434.09384, 430.45207, 427.7116, 429.44011, 432.64915, 426.95581, 423.92135, 431.75575, 433.4322, 428.25065, 427.48687, 433.51357, 434.91975, 429.0631, 433.2592, 430.35203, 428.2603, 431.42878, 427.01493, 428.23859};