name="LSHADE-cnEpSin CEC17";
dim=30;
bound=2;
testID=27;
(*--------*)
min=476.27253;
max=506.64302;
median=490.44671;
mean=492.6590229411766;
std=7.552766724277211;
(*--------*)
data={502.32913, 502.94448, 495.0588, 482.61317, 494.43641, 503.16004, 486.91821, 498.60542, 506.64302, 487.04003, 501.48999, 501.04553, 490.94183, 481.20099, 493.05055, 494.46943, 479.85408, 486.3985, 487.11651, 499.15984, 503.68221, 490.08451, 490.44671, 498.82037, 492.82943, 476.27253, 488.94402, 506.4756, 502.45529, 488.64529, 488.80508, 482.00615, 502.72431, 491.01871, 490.23514, 500.42452, 484.63535, 488.9818, 501.69191, 487.56329, 486.19174, 488.19437, 490.13953, 483.76688, 501.1375, 489.50724, 489.06523, 499.09418, 488.78853, 486.6608, 491.84599};