name="LSHADE-cnEpSin CEC17";
dim=30;
bound=1;
testID=18;
(*--------*)
min=20.197817;
max=22.530746;
median=21.282135;
mean=21.14663564705883;
std=0.6880470452779179;
(*--------*)
data={21.328116, 20.538445, 21.100379, 21.321615, 20.500021, 22.530746, 22.460237, 21.49609, 20.483331, 20.818239, 20.40532, 20.492304, 21.513433, 20.53206, 22.484152, 21.544503, 20.197817, 22.391593, 22.302748, 20.490809, 21.385694, 22.495682, 20.517221, 20.46037, 21.648106, 21.381846, 20.693464, 21.496267, 21.592115, 20.514296, 20.533528, 20.337807, 20.57737, 21.282135, 20.893215, 20.353443, 22.374922, 21.561758, 21.488916, 21.321921, 20.534522, 21.547034, 20.541363, 20.509514, 21.567668, 20.378091, 20.520975, 21.515972, 21.350287, 20.680701, 21.490257};