name="LSHADE-cnEpSin CEC17";
dim=30;
bound=0;
testID=10;
(*--------*)
min=1017.0196;
max=2057.5275;
median=1722.8142;
mean=1696.8860647058825;
std=196.0522238336519;
(*--------*)
data={1537.5105, 1591.6929, 1904.1028, 1677.1717, 1846.8719, 1756.5965, 1776.7708, 1672.4552, 1627.3988, 1426.4576, 1942.7991, 1561.5765, 1791.2737, 1707.8621, 1768.6734, 1869.5954, 1676.7666, 1667.6744, 1559.2265, 1616.059, 1737.0726, 1877.7548, 1565.1003, 1789.2917, 1382.2782, 1387.7394, 1902.7242, 1450.9885, 1375.953, 1867.3906, 1941.2422, 1729.2486, 1017.0196, 1793.2956, 1767.3052, 1709.6822, 1684.0508, 2022.94, 2057.5275, 1722.8142, 1580.1617, 1514.9062, 1885.8609, 1951.9836, 1642.2725, 1622.5673, 1753.9896, 1773.5094, 1823.426, 1368.2562, 1864.3013};