name="LSHADE-cnEpSin CEC17";
dim=30;
bound=3;
testID=25;
(*--------*)
min=378.35889;
max=386.62808;
median=381.08603;
mean=381.0736256862745;
std=1.8433994977890755;
(*--------*)
data={378.72337, 382.32864, 381.75764, 379.61323, 382.5395, 381.14501, 383.27525, 382.90128, 381.79448, 378.4389, 381.3637, 381.60507, 381.08412, 386.62808, 378.54378, 379.82902, 380.21088, 379.02934, 382.47846, 379.36786, 378.95236, 381.71411, 378.5086, 381.94144, 378.35889, 382.30588, 383.358, 378.78461, 380.98937, 380.84349, 381.62697, 381.57239, 380.75915, 379.78165, 386.00305, 381.36619, 384.21477, 381.93823, 381.06945, 381.48051, 378.52436, 380.61871, 380.93006, 381.50285, 378.78889, 383.32473, 380.32543, 378.62945, 380.98081, 381.08603, 381.81687};