name="LSHADE-cnEpSin CEC17";
dim=30;
bound=0;
testID=18;
(*--------*)
min=20.214818;
max=22.523787;
median=20.541492;
mean=20.999975843137257;
std=0.6754964944356519;
(*--------*)
data={20.544303, 20.533809, 20.529927, 20.214818, 21.491931, 22.523787, 22.468582, 20.401577, 21.29387, 20.403587, 21.471, 20.541492, 21.405945, 20.385176, 20.548957, 20.489335, 20.516355, 21.514707, 20.485395, 22.017218, 20.491851, 20.387128, 20.371623, 21.527101, 20.494677, 20.536936, 21.508054, 20.340145, 20.369365, 21.51462, 20.526295, 21.49065, 22.508057, 22.521192, 21.525636, 21.340133, 20.268242, 20.440346, 21.511149, 21.505232, 21.516169, 20.518555, 20.492507, 21.347602, 20.484909, 20.53782, 21.834738, 21.480182, 20.877975, 20.477326, 20.470782};