name="LSHADE-cnEpSin CEC17";
dim=30;
bound=1;
testID=11;
(*--------*)
min=1.2748063;
max=61.188219;
median=6.7616159;
mean=22.00686019607843;
std=25.062503722770952;
(*--------*)
data={4.2502419, 9.2376474, 58.516491, 4.2836944, 7.9930927, 5.7582146, 7.9919526, 2.8663744, 61.188219, 3.474722, 3.9718053, 26.324239, 3.5738984, 1.2748063, 57.997415, 57.47059, 8.0555911, 8.1365095, 3.3736745, 7.7355165, 6.7291959, 3.1961711, 58.474162, 2.6082446, 4.0045098, 3.4857006, 58.609634, 58.031906, 59.218922, 4.6010818, 57.453803, 55.529377, 7.4587792, 61.067804, 5.3355318, 3.2115076, 2.7595863, 59.354484, 2.5827575, 7.1629594, 59.391967, 54.71744, 2.9746662, 2.0470539, 4.5550096, 3.9141401, 4.613908, 58.377644, 57.900266, 6.7616159, 2.7453461};