name="LSHADE-cnEpSin CEC17";
dim=30;
bound=4;
testID=15;
(*--------*)
min=0.58091018;
max=7.3791239;
median=2.6452339;
mean=2.8929727570588226;
std=1.4864345243706927;
(*--------*)
data={4.0453366, 3.8513323, 1.5206003, 2.8846136, 3.0782151, 2.2790159, 1.8566123, 2.450594, 1.878948, 2.2942386, 2.7123676, 1.5017098, 2.448933, 1.5026716, 4.4773403, 1.2243713, 3.5026565, 2.865316, 7.3791239, 3.8055603, 3.5165089, 4.4063859, 2.8203722, 0.77250083, 2.6484544, 2.368964, 2.6452339, 5.9148979, 1.685324, 1.591214, 2.3967548, 1.0781516, 4.1943513, 1.3697268, 3.3966983, 1.694837, 7.2195238, 4.2091304, 0.58091018, 3.6185226, 3.6195541, 2.9833992, 3.4206148, 2.5232027, 2.6117196, 1.7095201, 1.318845, 1.4349306, 5.7935966, 4.0747223, 2.3634858};