name="LSHADE-cnEpSin CEC17";
dim=30;
bound=4;
testID=10;
(*--------*)
min=1210.4289;
max=1939.6942;
median=1676.625;
mean=1642.7012019607837;
std=188.12833549410198;
(*--------*)
data={1585.1567, 1776.3416, 1654.1856, 1688.9732, 1792.3057, 1648.3742, 1878.3467, 1721.6295, 1644.6364, 1210.4289, 1745.7089, 1508.581, 1928.5134, 1713.5645, 1368.0478, 1769.6592, 1419.9479, 1806.9742, 1496.1832, 1643.7592, 1532.0636, 1861.3258, 1635.0629, 1931.8862, 1842.4447, 1555.509, 1756.0924, 1710.5256, 1850.3145, 1750.9369, 1676.625, 1751.5405, 1366.2578, 1557.3882, 1769.7684, 1328.9197, 1384.1453, 1890.0131, 1214.3422, 1744.6129, 1899.5201, 1704.1457, 1579.5729, 1939.6942, 1559.9365, 1302.0528, 1543.787, 1445.4948, 1682.1191, 1487.3167, 1523.029};