name="LSHADE-cnEpSin CEC17";
dim=30;
bound=2;
testID=29;
(*--------*)
min=429.02136;
max=463.79862;
median=444.22066;
mean=444.439385882353;
std=7.070626179545399;
(*--------*)
data={437.66119, 452.07457, 439.88579, 441.30008, 455.95447, 445.93513, 442.4001, 450.96451, 463.79862, 429.35892, 435.89426, 442.12718, 444.3688, 444.81844, 433.52139, 447.43444, 446.47983, 447.15451, 438.23891, 440.65221, 437.73104, 438.67918, 452.43351, 445.01436, 440.70222, 441.81573, 434.26924, 438.79608, 447.18111, 446.51766, 449.52406, 441.1157, 443.57629, 443.29659, 440.17149, 454.0174, 456.41363, 445.70444, 457.23367, 450.2733, 441.38468, 445.68644, 449.45591, 443.24916, 438.68169, 439.23704, 445.00778, 444.22066, 456.60521, 429.02136, 449.3687};