name="LSHADE-cnEpSin CEC17";
dim=30;
bound=2;
testID=13;
(*--------*)
min=1.814999*^-7;
max=22.723928;
median=15.418914;
mean=13.505443470460785;
std=5.884399073455713;
(*--------*)
data={15.986817, 16.242362, 17.055737, 15.643434, 0.050171562, 16.333941, 18.33211, 14.649078, 1.814999*^-7, 8.9133036, 18.061476, 15.661736, 14.589726, 7.4092476, 20.061981, 14.893528, 14.290418, 15.338927, 14.854965, 16.997971, 5.2962335, 22.458836, 22.723928, 16.915965, 16.744065, 6.0147538, 0.99497625, 16.133737, 15.941711, 15.378515, 15.151018, 14.303592, 13.310338, 15.99045, 17.020504, 13.43016, 15.418914, 15.185829, 2.9861414, 1.0374873, 14.907273, 15.719276, 18.776726, 15.643491, 15.970321, 17.230449, 18.016155, 16.998261, 14.587603, 1.9908332, 1.1331446};