name="LSHADE-cnEpSin CEC17";
dim=30;
bound=3;
testID=24;
(*--------*)
min=419.26034;
max=429.83934;
median=425.65137;
mean=425.4067529411763;
std=2.6635003244740156;
(*--------*)
data={426.22518, 421.78136, 428.6224, 423.87711, 424.41073, 425.68676, 429.76484, 423.01872, 427.03325, 425.32639, 421.92984, 429.09866, 425.17704, 422.84825, 420.13462, 419.83759, 425.92952, 422.30672, 422.15989, 424.57728, 423.49766, 424.73644, 425.36115, 425.22685, 426.94353, 426.79339, 426.73382, 424.21019, 429.01899, 427.48055, 429.0602, 425.52975, 429.50625, 427.6342, 427.49158, 428.92068, 425.68754, 424.61648, 419.26034, 427.27339, 424.85715, 425.65137, 421.00035, 426.77856, 429.83934, 423.2782, 422.3579, 425.98589, 427.64088, 427.25875, 426.36688};