name="LSHADE-cnEpSin CEC17";
dim=30;
bound=1;
testID=7;
(*--------*)
min=39.59804;
max=50.357397;
median=45.054687;
mean=44.81589209803922;
std=2.469359294461624;
(*--------*)
data={44.115095, 39.740912, 42.538374, 47.403458, 45.054687, 45.443008, 48.975269, 47.769645, 48.05808, 44.681557, 39.59804, 43.869871, 46.906928, 45.370762, 47.267254, 42.503203, 46.517992, 48.08853, 41.826466, 48.714319, 46.016258, 42.256889, 41.661367, 47.705543, 43.720744, 45.833312, 45.323244, 45.320724, 43.483728, 43.456665, 45.665839, 50.357397, 44.260565, 47.307759, 42.264438, 46.586078, 44.54523, 43.702262, 44.036067, 44.408343, 45.581376, 45.392113, 41.953132, 46.469167, 39.703538, 42.271468, 46.288261, 44.101351, 40.656191, 45.002595, 45.835403};