name="LSHADE-cnEpSin CEC17";
dim=30;
bound=4;
testID=19;
(*--------*)
min=2.7658283;
max=10.932022;
median=4.8914731;
mean=5.383241233333335;
std=1.8297637830722324;
(*--------*)
data={6.4674468, 4.8498873, 4.4140329, 4.8273738, 4.7472451, 10.932022, 4.7871939, 4.1145671, 3.1052071, 6.5343234, 3.2259815, 3.3444103, 6.587681, 3.2271131, 6.3001479, 7.1375892, 4.7041435, 7.5362794, 6.1006428, 6.1131884, 7.9508206, 4.6660128, 9.7513163, 7.146622, 6.3332825, 6.6179219, 2.9423629, 3.3468345, 6.2650877, 3.7761708, 6.9494694, 4.2702026, 5.436699, 3.5790348, 3.5032702, 5.2657298, 7.2308325, 8.0454855, 4.8914731, 7.5507882, 3.8059879, 3.3720375, 7.1387404, 2.7658283, 6.4649507, 4.2494957, 3.236576, 5.3171404, 6.0076828, 3.9006206, 3.710349};