name="LSHADE-cnEpSin CEC17";
dim=30;
bound=2;
testID=17;
(*--------*)
min=16.795085;
max=43.881891;
median=34.60956;
mean=33.0738545882353;
std=6.217707974338576;
(*--------*)
data={32.85688, 38.718205, 25.493315, 33.759912, 34.236919, 36.862277, 34.753574, 37.062545, 42.524644, 36.143203, 35.141937, 29.589913, 36.351111, 32.127233, 22.225861, 23.9589, 33.984443, 43.237057, 33.67898, 40.412527, 35.501885, 35.554808, 29.357767, 38.750547, 21.338697, 28.665192, 35.872312, 37.906348, 31.65955, 16.795085, 39.39798, 17.39921, 43.881891, 40.609562, 36.050951, 36.700338, 34.60956, 28.08209, 29.489767, 26.886056, 37.43182, 31.368672, 33.13468, 38.86775, 36.327537, 22.100366, 34.987376, 35.215833, 29.425407, 33.633963, 26.644148};