name="LSHADE-cnEpSin CEC17";
dim=30;
bound=5;
testID=15;
(*--------*)
min=0.48844611;
max=7.3280273;
median=2.6898698;
mean=2.961105772352941;
std=1.3958971721913391;
(*--------*)
data={2.4894721, 4.6070358, 1.5010725, 3.6052088, 2.9479989, 1.6853177, 3.8384809, 7.3280273, 5.4327087, 2.8288195, 2.3967756, 0.48844611, 1.7277066, 3.7370302, 2.0296994, 2.7209018, 2.6898698, 0.59317497, 1.5785211, 0.64993121, 1.4025413, 1.4205818, 4.8420472, 3.4792543, 3.7092973, 2.6443524, 1.8993062, 4.3185984, 3.1872466, 1.5066547, 2.4643167, 1.3576613, 2.4577173, 2.6109255, 2.281434, 3.6899455, 3.9792329, 2.0947987, 4.607587, 3.6207186, 4.4541688, 4.6106563, 3.7610942, 4.5071743, 1.2584505, 2.3900255, 2.3093625, 3.4003109, 4.2750162, 5.1146087, 2.4851098};