name="LSHADE-cnEpSin CEC17";
dim=30;
bound=4;
testID=11;
(*--------*)
min=0.99495906;
max=62.563251;
median=4.1364897;
mean=13.554779652156865;
std=20.7816960254059;
(*--------*)
data={5.5258183, 7.8530814, 3.1822511, 2.8952902, 3.0369308, 2.5955022, 62.563251, 2.9631678, 3.1976398, 1.6320232, 4.0795255, 2.6988072, 60.167977, 7.115421, 3.9051651, 11.258001, 60.067624, 3.0465991, 2.0905448, 7.2620808, 5.0381509, 1.4527091, 3.9143853, 2.7077519, 6.5698763, 6.6584333, 2.2948313, 4.0036541, 3.3055558, 4.1364897, 6.8483322, 2.6601334, 7.1409407, 5.4949377, 3.0569511, 3.7378902, 59.873372, 3.31186, 60.024233, 61.685326, 6.7340964, 7.1361508, 58.593046, 1.6479745, 1.982734, 62.494534, 21.773144, 4.419165, 0.99495906, 6.7574003, 7.7080429};