name="LSHADE-cnEpSin CEC17";
dim=30;
bound=4;
testID=16;
(*--------*)
min=9.0771558;
max=232.82181;
median=16.976762;
mean=24.939160947058827;
std=35.90641574402871;
(*--------*)
data={232.82181, 27.031871, 15.335457, 14.075873, 11.378288, 17.269263, 9.8405243, 24.260007, 19.367425, 9.0771558, 11.319721, 14.330602, 41.79889, 10.848563, 20.000951, 25.510728, 154.57492, 22.156851, 17.757314, 22.366363, 14.564313, 18.709387, 17.352394, 21.604239, 21.855886, 13.970296, 10.258362, 10.080363, 12.580335, 13.814439, 13.73557, 23.710156, 27.463756, 14.030098, 9.7911252, 26.467111, 32.444115, 16.586401, 12.372007, 13.97683, 16.976762, 20.774957, 23.548341, 16.647112, 27.108844, 16.223955, 12.425402, 19.051477, 13.903517, 14.386274, 24.360807};