name="LSHADE-cnEpSin CEC17";
dim=30;
bound=0;
testID=14;
(*--------*)
min=0.0020544336;
max=25.196883;
median=22.027917;
mean=20.946219218305885;
std=4.765575693270732;
(*--------*)
data={20.998122, 21.597932, 22.513912, 21.039101, 22.144167, 23.0184, 1.000484, 20.307591, 23.129832, 20.268249, 25.027712, 23.132518, 20.302419, 22.207479, 21.013048, 25.196883, 21.089901, 22.027917, 22.992662, 21.566274, 21.291289, 22.010228, 21.110982, 23.030632, 22.278259, 22.018308, 22.885137, 0.0020544336, 23.12532, 22.063339, 23.030711, 21.382171, 21.224655, 22.184427, 7.5417287, 20.318655, 23.487562, 21.283417, 21.059937, 22.005919, 22.037341, 21.031801, 22.301318, 21.018955, 22.275703, 23.24092, 23.172511, 23.001264, 21.070227, 23.121545, 22.076261};