name="LSHADE-cnEpSin CEC17";
dim=30;
bound=1;
testID=26;
(*--------*)
min=921.66218;
max=1092.6921;
median=1016.1979;
mean=1013.499902745098;
std=45.907050747825444;
(*--------*)
data={1020.3436, 924.00627, 986.97573, 1081.8827, 1022.9444, 1007.978, 983.75769, 949.02132, 1050.9122, 1035.6476, 1054.3625, 1055.7273, 1036.2903, 1071.2945, 1016.1979, 986.24923, 959.95413, 982.45468, 1021.5967, 1006.53, 958.65067, 1034.8704, 1024.0338, 1038.9768, 1082.2593, 1079.3264, 996.14378, 1063.8206, 1061.8007, 1049.242, 1042.3192, 1066.0482, 1013.9813, 976.76235, 1027.7722, 1087.8246, 1001.03, 1037.4767, 1035.7338, 944.82011, 1007.0811, 1092.6921, 946.7729, 1013.1974, 1012.3245, 931.88235, 947.34016, 981.87033, 921.66218, 940.76066, 1015.8917};