name="LSHADE-cnEpSin CEC17";
dim=30;
bound=4;
testID=24;
(*--------*)
min=424.33534;
max=435.92944;
median=429.99663;
mean=430.12774941176474;
std=2.752313585743028;
(*--------*)
data={427.28135, 432.30881, 428.07452, 429.85, 432.14732, 433.49962, 434.55748, 429.45069, 428.69388, 432.94444, 432.01366, 429.07575, 435.92944, 431.9422, 432.18167, 427.34903, 425.95771, 428.15224, 429.99663, 430.4454, 426.40757, 426.8691, 430.6905, 429.88742, 428.68527, 432.68931, 424.33534, 431.20826, 429.77835, 432.72676, 428.43365, 425.5229, 433.71711, 429.19018, 424.95606, 431.84792, 430.85144, 427.65035, 432.94602, 426.94236, 432.13984, 433.73399, 425.6006, 428.37073, 430.10137, 429.10465, 428.78586, 432.67525, 432.72752, 433.14689, 432.94081};