name="LSHADE-cnEpSin CEC17";
dim=30;
bound=5;
testID=10;
(*--------*)
min=1093.3893;
max=1988.0183;
median=1668.8764;
mean=1657.5632078431365;
std=206.78107033952003;
(*--------*)
data={1936.8219, 1581.6897, 1740.4758, 1546.0086, 1758.341, 1895.3449, 1918.7716, 1550.9608, 1533.1803, 1595.2797, 1540.1874, 1424.2874, 1877.1692, 1520.4958, 1409.2979, 1301.8281, 1761.7183, 1668.8764, 1564.9459, 1558.0735, 1591.1535, 1861.6366, 1648.6608, 1579.3279, 1778.5886, 1841.3383, 1253.6962, 1794.7185, 1093.3893, 1846.0034, 1674.5797, 1770.1273, 1925.8552, 1761.0474, 1563.4436, 1763.8423, 1775.9983, 1642.9344, 1750.581, 1772.3308, 1348.8836, 1668.7132, 1845.1004, 1422.9178, 1985.0575, 1834.4504, 1383.1201, 1919.5735, 1368.0388, 1398.8427, 1988.0183};