name="LSHADE-cnEpSin CEC17";
dim=30;
bound=4;
testID=29;
(*--------*)
min=374.8302;
max=459.52587;
median=436.94785;
mean=436.19030941176476;
std=11.967399599434525;
(*--------*)
data={423.36056, 432.17489, 447.65269, 446.42571, 443.95684, 433.57085, 436.94785, 435.88335, 429.09215, 437.31511, 435.36019, 455.28893, 435.74121, 430.90168, 452.25755, 436.00794, 445.3763, 427.68205, 431.0777, 430.2867, 436.80896, 437.36244, 434.70439, 437.75821, 424.7143, 438.75106, 448.35835, 438.9949, 442.4693, 451.48646, 448.60313, 439.88019, 429.27248, 426.09658, 437.07288, 435.3776, 428.25005, 438.79232, 437.95761, 446.28702, 431.26937, 439.59833, 432.27701, 374.8302, 438.52214, 437.63628, 433.5634, 434.23264, 419.02397, 459.52587, 439.86809};