name="LSHADE-cnEpSin CEC17";
dim=30;
bound=5;
testID=17;
(*--------*)
min=18.452202;
max=49.06486;
median=33.062151;
mean=32.5804385882353;
std=5.6986451011947805;
(*--------*)
data={33.062151, 34.351792, 49.06486, 31.498875, 33.932503, 22.918037, 30.640403, 23.753263, 18.452202, 34.244486, 25.417486, 39.536649, 35.31621, 37.305682, 31.958725, 37.40363, 28.029206, 29.855536, 35.373111, 35.322196, 28.648897, 30.222875, 30.090897, 33.697047, 34.214033, 30.412164, 41.276702, 36.605277, 42.012377, 26.036492, 38.686685, 29.044988, 23.475922, 28.811645, 35.676903, 35.992945, 30.486361, 37.11931, 32.718167, 31.042701, 18.454793, 37.52093, 32.051288, 26.277681, 36.398268, 36.704104, 33.783234, 36.607322, 34.406194, 32.809908, 32.879255};