name="LSHADE-cnEpSin CEC17";
dim=30;
bound=5;
testID=14;
(*--------*)
min=5.4379694;
max=26.005762;
median=22.200417;
mean=21.2455492882353;
std=4.3661986520194205;
(*--------*)
data={23.066016, 23.276513, 24.248079, 22.129385, 22.065081, 21.025169, 21.107613, 22.032125, 22.026764, 22.380442, 23.073107, 8.7812507, 24.029903, 23.001415, 22.257554, 25.033816, 21.017012, 23.987619, 21.291456, 22.200417, 20.456462, 21.325516, 24.114585, 5.4539957, 23.038705, 26.005762, 22.167775, 22.364431, 22.829796, 21.022795, 20.465238, 5.4379694, 21.010196, 21.028507, 22.017827, 23.022812, 23.546004, 22.294429, 23.016104, 23.051087, 21.023919, 8.7439559, 22.083132, 23.014704, 20.214141, 21.07235, 22.023806, 23.070864, 22.208375, 24.221606, 24.145428};