name="AGSK CEC20";
dim=15;
bound=2;
testID=2;
(*--------*)
min=2.7714370764988416;
max=26.88544409190763;
median=7.935698727823365;
mean=10.283444135713792;
std=6.085006892705429;
(*--------*)
data={5.188257141068789, 10.493740506248287, 19.0331927733705, 7.490459230611123, 7.6374524933207795, 4.886013093878319, 3.757100380261363, 26.88544409190763, 12.728011043492188, 18.097242241155072, 2.7714370764988416, 17.60157384366812, 8.358979937627737, 19.16421234572954, 10.280372846265891, 7.692633544826094, 20.279381631937213, 5.225902511134336, 5.116742846063062, 11.124061514477944, 6.431726671612523, 8.178763910820635, 11.919128776136859, 9.664580566787663, 7.117005322303157, 7.529655043702405, 5.44793850676524, 5.194048356838721, 18.574402439153346, 4.633863383750395};