name="AGSK CEC20";
dim=15;
bound=0;
testID=3;
(*--------*)
min=3.857901110663306;
max=15.820171490827192;
median=15.566976513039094;
mean=15.23240469033032;
std=2.1498001884271645;
(*--------*)
data={15.740849791151163, 15.566976513039208, 15.74084979115105, 15.56697651303898, 15.56697651303898, 15.56697651303898, 15.56697651303898, 3.857901110663306, 15.646298212715124, 15.56697651303898, 15.56697651303898, 15.74084979115105, 15.74084979115105, 15.56697651303898, 15.820171490827192, 15.646298212715124, 15.56697651303898, 15.56697651303898, 15.566976513039094, 15.56697651303898, 15.74084979115105, 15.646298212715124, 15.566976513039094, 15.740849791151163, 15.56697651303898, 15.56697651303898, 15.566976513039094, 15.704497488664856, 15.566976513039094, 15.56697651303898};