name="AGSK CEC20";
dim=15;
bound=3;
testID=6;
(*--------*)
min=0.057654077653296554;
max=0.7544546319113579;
median=0.4003890134553103;
mean=0.3825851636276942;
std=0.16398445342332182;
(*--------*)
data={0.4430208014339314, 0.6120295675918896, 0.4021875363930576, 0.3723401848301364, 0.22523364694802694, 0.201824598111898, 0.23020927318725626, 0.6741802627770994, 0.11790675582255972, 0.4635363023649006, 0.24571781186477892, 0.057654077653296554, 0.398590490517563, 0.27352303988914173, 0.45867102547072136, 0.38685282433948487, 0.34421930618691476, 0.46402369769816687, 0.5655713482117335, 0.2697526514157289, 0.5393411146624203, 0.4063315721582512, 0.2732846642397817, 0.4056690874144806, 0.1052840211802959, 0.45789500530736404, 0.4751264909359634, 0.5080166992518116, 0.3451064190608122, 0.7544546319113579};