name="AGSK CEC20";
dim=15;
bound=4;
testID=6;
(*--------*)
min=0.0055190423584008386;
max=0.7513898970012178;
median=0.31663103605956167;
mean=0.3619879661491647;
std=0.1831305873160537;
(*--------*)
data={0.4174781461067596, 0.1187139031831066, 0.23725044060643086, 0.6015152177556047, 0.43305624470622206, 0.4510074349207116, 0.4915586394586171, 0.0055190423584008386, 0.2333772116514865, 0.4707306119812529, 0.5825382337959581, 0.47003184110826624, 0.5118554994430724, 0.7513898970012178, 0.22785343926784662, 0.3201948280786837, 0.2051590762662272, 0.26768585005811474, 0.23599986107092263, 0.10496869580515522, 0.26645839667503424, 0.3130672440404396, 0.41069803713480724, 0.27593704125479235, 0.3866280602876486, 0.6247734547873733, 0.736758701340932, 0.26189825915844267, 0.2574775053981284, 0.18805816977328504};