name="AGSK CEC20";
dim=15;
bound=3;
testID=8;
(*--------*)
min=0.;
max=100.00000000000045;
median=25.011743918134243;
mean=30.303522764750248;
std=25.24441531060387;
(*--------*)
data={28.815392416433497, 0., 15.836276515040026, 0., 40.72932743728961, 35.196321497405734, 23.79453520051402, 57.60225102103141, 0., 100.00000000000045, 54.42498775500735, 25.01174391813447, 100.00000000000045, 39.230575586232135, 0., 0., 25.011743918134016, 20.903572490530223, 21.500241116867983, 20.903572490530678, 50.27428241927828, 29.100366470479003, 0., 20.903572490530678, 32.8880928879812, 21.500241116867983, 44.76221012642327, 47.21624400203336, 21.297862639587038, 32.20226942617455};