name="AGSK CEC20";
dim=15;
bound=3;
testID=9;
(*--------*)
min=100.;
max=100.00000000000045;
median=100.00000000000045;
mean=100.00000000000044;
std=8.30307188312135*^-14;
(*--------*)
data={100.00000000000045, 100.00000000000045, 100., 100.00000000000045, 100.00000000000045, 100.00000000000045, 100.00000000000045, 100.00000000000045, 100.00000000000045, 100.00000000000045, 100.00000000000045, 100.00000000000045, 100.00000000000045, 100.00000000000045, 100.00000000000045, 100.00000000000045, 100.00000000000045, 100.00000000000045, 100.00000000000045, 100.00000000000045, 100.00000000000045, 100.00000000000045, 100.00000000000045, 100.00000000000045, 100.00000000000045, 100.00000000000045, 100.00000000000045, 100.00000000000045, 100.00000000000045, 100.00000000000045};