name="AGSK CEC20";
dim=15;
bound=0;
testID=4;
(*--------*)
min=0.05972588482632091;
max=0.30385604837306346;
median=0.14126385265478802;
mean=0.14637983262038384;
std=0.057784876552914824;
(*--------*)
data={0.10894067699223342, 0.16319731967246298, 0.10008904162305043, 0.21189353248928455, 0.12957507321584671, 0.09109991271247964, 0.21106830594567327, 0.16996610958722158, 0.06938438152201343, 0.0631697086200802, 0.05972588482632091, 0.19947048714584525, 0.21062297453590872, 0.15651792523499353, 0.20333187882260972, 0.1265302562189845, 0.30385604837306346, 0.14229947460648873, 0.09485058631457832, 0.1375423722747655, 0.15653209835818416, 0.10398458572194613, 0.19712144362938488, 0.14022823070308732, 0.13034055560092384, 0.23203818210777172, 0.1741456464701514, 0.07927071742938097, 0.1464631551302773, 0.07813841272650279};