name="AGSK CEC20";
dim=15;
bound=2;
testID=8;
(*--------*)
min=0.;
max=100.00000000000045;
median=29.028829097568632;
mean=37.583402260066215;
std=27.179543646482863;
(*--------*)
data={100.00000000000045, 42.0671504680472, 29.242265778703768, 25.011743918134016, 0., 34.08225740823127, 73.13421046189205, 44.90143486404986, 27.47090271259958, 25.01174391813447, 28.815392416433497, 31.343322097491182, 0., 35.009024028816384, 100.00000000000045, 67.58937487500589, 25.01174391813447, 26.62930418813312, 37.04092102962204, 60.645612964026895, 31.65910128019368, 100.00000000000045, 53.213950044197645, 20.903572490530223, 0., 25.01174391813447, 21.500241116867983, 21.500241116867983, 20.903572490530223, 19.80324029720714};