name="AGSK CEC20";
dim=15;
bound=2;
testID=4;
(*--------*)
min=0.03563636124385994;
max=0.23635118420838808;
median=0.11614497597918216;
mean=0.12054935830008162;
std=0.043318920583039704;
(*--------*)
data={0.12245847793883513, 0.0964890171544539, 0.23635118420838808, 0.1654538964976382, 0.06742743224413061, 0.10218201628413226, 0.14987991829457314, 0.1515204804647965, 0.07683706456828077, 0.13180191741753333, 0.13308991093822442, 0.12090853142603919, 0.19332887541577293, 0.13101303748794635, 0.1326736887513107, 0.10530638186810393, 0.10054309036604536, 0.10878723990913386, 0.09380989301098452, 0.07560119136928733, 0.2151003023591329, 0.10254393992681798, 0.12201102621725113, 0.11138142053232514, 0.03563636124385994, 0.07613265466193297, 0.13356149481501234, 0.10668927463007094, 0.07015593975620504, 0.14780508924422975};