name="AGSK CEC20";
dim=15;
bound=5;
testID=3;
(*--------*)
min=15.56697651303898;
max=16.13588135196244;
median=15.566976513039037;
mean=15.639443629706738;
std=0.12465147004418176;
(*--------*)
data={15.56697651303898, 15.646298212715124, 15.74084979115105, 15.74084979115105, 15.56697651303898, 15.878370766776925, 15.56697651303898, 15.56697651303898, 15.704497488664856, 15.56697651303898, 15.56697651303898, 15.56697651303898, 15.56697651303898, 15.646298212715124, 15.646298212715124, 15.56697651303898, 15.646298212715124, 15.56697651303898, 15.56697651303898, 15.56697651303898, 15.566976513039094, 15.566976513039094, 15.64629821271501, 16.13588135196244, 15.646298212715124, 15.646298212715124, 15.56697651303898, 15.820171490827192, 15.56697651303898, 15.56697651303898};