name="AGSK CEC20";
dim=15;
bound=4;
testID=7;
(*--------*)
min=0.045333869604746724;
max=0.4280417366212532;
median=0.22309036351475697;
mean=0.21894877716969555;
std=0.11408108549450091;
(*--------*)
data={0.2680055446808183, 0.28469756071945085, 0.2823488743474627, 0.3106213151572774, 0.30813113375916146, 0.045333869604746724, 0.20554581077885814, 0.1208834564490644, 0.1964736279628596, 0.045815026172022044, 0.22168598291636954, 0.0966199098652396, 0.37731923419278246, 0.2611648023689668, 0.0638747826656072, 0.11853298395635647, 0.1623188771218338, 0.3785359972862352, 0.16333926683273603, 0.2527693879187609, 0.3700842231060051, 0.39414179056529974, 0.10211404340998342, 0.4280417366212532, 0.2244947441131444, 0.08979424404515157, 0.312999429167121, 0.059189906021856586, 0.27861321261116245, 0.14497254067327958};