name="AGSK CEC20";
dim=15;
bound=5;
testID=5;
(*--------*)
min=0.31223509166761687;
max=17.568740185327442;
median=4.3701300929577656;
mean=5.61611303534033;
std=4.347831348502094;
(*--------*)
data={2.3021532058546654, 13.667294895324858, 4.1359537742130215, 1.1510766029273327, 12.419749253101145, 3.1409947171150634, 6.281984396410735, 0.3122350916680716, 3.140994717114154, 3.2971122629483034, 2.302153205858531, 4.448188865874499, 6.438101942243293, 17.568740185327442, 4.292071320041032, 5.728872429037665, 3.453229808781316, 6.281984396531243, 5.287025339314823, 2.3021532058844514, 7.120825907669314, 5.599260430983577, 4.29206628222164, 17.454520925297857, 0.31223509166761687, 6.281984396410962, 6.281984396413691, 3.4532298087810886, 3.297112262947394, 6.438101942245112};