name="AGSK CEC20";
dim=15;
bound=0;
testID=7;
(*--------*)
min=0.02413545588206034;
max=0.6629562994771732;
median=0.20157018748454902;
mean=0.2319833631471435;
std=0.17758544468769077;
(*--------*)
data={0.05892698399884466, 0.5070602896607852, 0.2940528803678717, 0.027892882547348563, 0.1925651906467465, 0.0333098605633495, 0.21082336655172185, 0.08338073493769116, 0.07852659591208067, 0.02413545588206034, 0.07955856277294515, 0.10312531769022826, 0.3544160284636746, 0.3542551638074656, 0.2904304836101801, 0.24697243131186042, 0.09334611154190497, 0.3977985905621608, 0.11710666977842266, 0.09342593425481027, 0.391483014610003, 0.07032035582460594, 0.3190570311853662, 0.21057518432235156, 0.5399347711427254, 0.14628499935361106, 0.6629562994771732, 0.5916585963286707, 0.17463807323156288, 0.21148303407608182};