name="AGSK CEC20";
dim=15;
bound=3;
testID=5;
(*--------*)
min=1.1510766029271053;
max=25.498396187038452;
median=5.862566159696826;
mean=6.990973922247879;
std=4.927434430913035;
(*--------*)
data={14.241646777526284, 3.4532298087835898, 25.498396187038452, 5.287030377134215, 12.339484928023012, 6.281984396416647, 11.52126427312237, 3.453229808782453, 3.2971122629471665, 7.5891785451706255, 6.685984741811808, 11.677381818959475, 7.433060999335112, 4.13595377420711, 2.614388297529331, 3.2971122629476213, 5.443147922977005, 7.120825907668632, 12.815899028624472, 1.1510766029271053, 3.297112262947394, 7.276943453501417, 5.130907793490678, 10.105698041129472, 4.292071320042396, 2.146035660023472, 2.3021532058542107, 8.115779926942196, 6.281984396420057, 5.443142885152611};