name="AGSK CEC20";
dim=15;
bound=3;
testID=2;
(*--------*)
min=2.3430047634319635;
max=38.99287674967036;
median=13.203233052583982;
mean=13.335454380985295;
std=8.612979948597955;
(*--------*)
data={15.969839713202418, 25.794225728812307, 13.446215203918655, 10.666179890229614, 11.082822643987129, 14.514389268230843, 3.748663973474322, 12.974915326315568, 19.41816282099171, 13.431550778852397, 4.934530926174375, 7.763000944783926, 8.463695859398285, 5.219497589794628, 3.58678588364819, 4.177986998975939, 33.28127031931217, 14.736321408777258, 24.610599980983352, 12.419657653089416, 2.3430047634319635, 8.011853591337058, 38.99287674967036, 13.763502592250916, 6.817649867110049, 6.340782799494264, 14.488188783723672, 19.982564182916576, 13.789896766887978, 15.292998419783544};