name="AGSK CEC20";
dim=15;
bound=1;
testID=5;
(*--------*)
min=0.3122350916742107;
max=21.470839730598072;
median=3.794591791494895;
mean=6.748634879825553;
std=6.364558772098095;
(*--------*)
data={3.6093473546159203, 2.1460356600257455, 4.448188865874727, 3.1409947171139265, 2.1460356600207433, 10.68242276254, 6.4381019422419286, 14.506136406583892, 6.125866850574539, 2.302153205867171, 11.677381818960157, 9.53134615893805, 1.4633116945947222, 19.480906457516085, 11.412892189892773, 21.05261043205769, 14.662253952418496, 2.146035660020516, 1.3071941487776257, 11.67738181895902, 21.470839730598072, 3.297112262955352, 0.46835263750881495, 1.3071941487683034, 2.458270751695636, 0.4683526375024485, 6.125866850574539, 2.6143882975216, 0.3122350916742107, 3.9798362283738697};