name="AGSK CEC20";
dim=15;
bound=2;
testID=7;
(*--------*)
min=0.04800163316076578;
max=0.39001645587541134;
median=0.14144977120076874;
mean=0.17994902282665257;
std=0.1104834447887635;
(*--------*)
data={0.06424768429451433, 0.3206118240186697, 0.04800163316076578, 0.2730946974111248, 0.21513420783321635, 0.07414410293131368, 0.1446792873080085, 0.2716414322117089, 0.08883198219382393, 0.3243051647618813, 0.08158728026228346, 0.04948904132561438, 0.0989353204595318, 0.29654623765827637, 0.13822025509352898, 0.052976947293700505, 0.27209449457222945, 0.12400638759663707, 0.36568854399956763, 0.17971604969852706, 0.06421150281039445, 0.11635784398367832, 0.2446175130071424, 0.06390710980349468, 0.33058847941583736, 0.2345497304836499, 0.28538034538223656, 0.39001645587541134, 0.11845243003699579, 0.06643669991581191};