name="AGSK CEC20";
dim=15;
bound=1;
testID=8;
(*--------*)
min=0.;
max=100.00000000000045;
median=47.36517886190882;
mean=54.701068557605915;
std=29.938912729151948;
(*--------*)
data={46.8708718337798, 25.011743918134016, 47.85948589003783, 23.79453520051402, 67.7114415737974, 50.43686893609993, 39.156198765104364, 38.04731829558659, 44.948903970927404, 21.500241116867983, 61.4833434039665, 79.41318915920328, 100.00000000000045, 100.00000000000045, 33.603968918372175, 29.377227201702226, 84.68579275797583, 65.90151872960405, 100.00000000000045, 100.00000000000045, 0., 31.256199165219186, 100.00000000000045, 23.526322987509502, 32.481589423854075, 32.787367988869846, 72.7858757866984, 100.00000000000045, 21.500241116867983, 66.89181058748227};