name="AGSK CEC20";
dim=15;
bound=2;
testID=3;
(*--------*)
min=15.56697651303898;
max=15.982588472498037;
median=15.566976513039037;
mean=15.63129818973127;
std=0.12402957496874736;
(*--------*)
data={15.566976513039094, 15.566976513039094, 15.56697651303898, 15.646298212715124, 15.56697651303898, 15.56697651303898, 15.903266772821894, 15.56697651303898, 15.97852256649685, 15.566976513039094, 15.783819188340885, 15.56697651303898, 15.56697651303898, 15.56697651303898, 15.56697651303898, 15.704497488664856, 15.56697651303898, 15.56697651303898, 15.64629821271501, 15.56697651303898, 15.74084979115105, 15.56697651303898, 15.982588472498037, 15.56697651303898, 15.646298212715124, 15.56697651303898, 15.56697651303898, 15.566976513039094, 15.566976513039094, 15.566976513039094};