name="AGSK CEC20";
dim=15;
bound=1;
testID=4;
(*--------*)
min=0.03714652729922818;
max=0.21614123934864438;
median=0.11025860117604225;
mean=0.11893605213573816;
std=0.045466215952850546;
(*--------*)
data={0.19871529131296484, 0.11243004311654659, 0.07669926213702638, 0.17923786555002152, 0.1075080387968228, 0.118375184135175, 0.16249272927916536, 0.04170056821817525, 0.07636333604773426, 0.08219667544562981, 0.18540062208649033, 0.14967504831111, 0.08230396195972389, 0.12471737921646309, 0.21614123934864438, 0.10726992037871241, 0.12365071868680388, 0.06782967184244626, 0.14817870436695557, 0.10808715923553791, 0.12508336530208908, 0.06286721836136167, 0.03714652729922818, 0.10318892645932465, 0.17370556135779225, 0.15286218131541318, 0.10003646967948043, 0.087632670343055, 0.10325580146513857, 0.15332942301711228};