name="AGSK CEC20";
dim=15;
bound=4;
testID=2;
(*--------*)
min=0.9185211820922632;
max=68.35060110872746;
median=9.427314095541533;
mean=13.641433298144785;
std=13.475673540296341;
(*--------*)
data={4.054228763394349, 9.322033638514768, 39.095416946771365, 7.212973081398559, 10.441879524257274, 9.245382085388883, 6.570368977976614, 12.401788850236699, 6.753884320984071, 6.078493641309251, 13.954410205447857, 6.25832828102466, 2.547244846277863, 29.491645747590155, 25.1827710264306, 8.13860348412345, 5.374278033063092, 0.9185211820922632, 9.529568576861493, 14.688707858602356, 68.35060110872746, 29.34599846074798, 7.6338182213075925, 17.60780683325447, 11.30066805325805, 12.57266451160558, 10.151762232632791, 3.1605114517260517, 12.533579385116354, 9.325059614221573};