name="AGSK CEC20";
dim=15;
bound=1;
testID=3;
(*--------*)
min=1.9899181141865938;
max=16.228022441327084;
median=15.56697651303898;
mean=15.203090603210907;
std=2.5007006857802465;
(*--------*)
data={15.56697651303898, 15.56697651303898, 15.704497488664856, 16.228022441327084, 15.56697651303898, 15.56697651303898, 15.56697651303898, 15.646298212715124, 15.56697651303898, 15.566976513039094, 15.56697651303898, 15.56697651303898, 15.56697651303898, 15.704497488664856, 15.56697651303898, 15.903266772822008, 15.56697651303898, 15.566976513039094, 15.646298212715124, 15.56697651303898, 16.01500417154557, 15.820171490827192, 15.56697651303898, 15.64629821271501, 1.9899181141865938, 15.56697651303898, 15.566976513039094, 15.704497488664856, 15.878370766776925, 15.56697651303898};