name="AGSK CEC20";
dim=15;
bound=2;
testID=6;
(*--------*)
min=0.036356618131776486;
max=0.6501345368933471;
median=0.42144081333458416;
mean=0.4118722723369501;
std=0.143977228450771;
(*--------*)
data={0.35519498472262967, 0.4031191353651593, 0.2540177516464155, 0.24823997655971652, 0.3763098418194204, 0.5137060871463746, 0.5488921015003143, 0.5889207442960469, 0.5321788288060816, 0.44214248342132123, 0.6238208982997548, 0.3943362795116627, 0.6501345368933471, 0.43842576457564064, 0.3358372478403453, 0.44497281352687423, 0.55043110264387, 0.5523471120918657, 0.218182388113064, 0.3103837539717915, 0.036356618131776486, 0.48093563101201653, 0.44572058283551996, 0.1454604227164964, 0.35041573441139917, 0.5212840382303057, 0.4044558620935277, 0.2640233007543884, 0.5401388227608095, 0.38578332441056773};