name="AGSK CEC20";
dim=15;
bound=0;
testID=10;
(*--------*)
min=400.;
max=400.00000000000045;
median=400.;
mean=400.00000000000006;
std=2.0193971292318104*^-13;
(*--------*)
data={400., 400., 400., 400., 400., 400., 400.00000000000045, 400., 400.00000000000045, 400.00000000000045, 400., 400., 400., 400., 400., 400.00000000000045, 400., 400., 400., 400., 400., 400., 400.00000000000045, 400., 400.00000000000045, 400., 400., 400., 400.00000000000045, 400.};