name="AGSK CEC20";
dim=15;
bound=1;
testID=7;
(*--------*)
min=0.015441663999808952;
max=0.7197865106327299;
median=0.27496173893837295;
mean=0.268393233137355;
std=0.18974256169527817;
(*--------*)
data={0.24038768667878685, 0.6302916052759429, 0.5679678481428709, 0.015441663999808952, 0.03603982852519039, 0.39071700962995237, 0.44012725826996757, 0.042659009429826256, 0.7197865106327299, 0.28560284837203653, 0.055401556680862996, 0.1427522607359606, 0.0713274787121918, 0.440474234694193, 0.345334660550634, 0.3277857468433467, 0.28444192125516565, 0.22556664075455046, 0.3349540459421405, 0.041513323565141036, 0.08379557765192658, 0.0737543722098053, 0.26028004620138745, 0.3194932988603796, 0.08985099573919797, 0.46980020726141447, 0.10735034246454234, 0.4545215394623483, 0.26548155662158024, 0.2888959189567686};