name="AGSK CEC20";
dim=15;
bound=4;
testID=8;
(*--------*)
min=0.;
max=100.00000000000045;
median=39.09131196578869;
mean=50.38311415012414;
std=31.763165523758968;
(*--------*)
data={23.345985162334728, 100.00000000000045, 100.00000000000045, 100.00000000000045, 40.339358580416956, 68.61358227229903, 100.00000000000045, 23.729236783771285, 51.17953992648927, 28.259154490883247, 15.836276515040026, 100., 33.25267428748748, 0., 38.49394402060807, 39.68867991096931, 100.00000000000045, 15.836276515040026, 33.67488636021835, 44.26457183218599, 60.31390728318047, 29.138014588187616, 21.297862639587038, 77.29015215515665, 25.082370475424796, 31.021705650331114, 48.27375133788382, 31.07154860623359, 100.00000000000045, 31.489945109992732};