name="AGSK CEC20";
dim=15;
bound=3;
testID=7;
(*--------*)
min=0.024409740783994494;
max=0.7432159704540027;
median=0.2117521099555688;
mean=0.24739511834040967;
std=0.17705442842631833;
(*--------*)
data={0.20300415469409927, 0.2628024018817996, 0.10735775864486641, 0.13576816659087854, 0.18218942656585568, 0.11279485757495422, 0.3659047421147079, 0.5175496781444053, 0.07990489754092778, 0.6410514389999662, 0.11160619869315269, 0.2916449878593994, 0.0818377974287614, 0.22050006521703835, 0.06512548348382552, 0.3013783996448183, 0.2907858929456779, 0.7432159704540027, 0.16012076929791874, 0.08925767970140441, 0.2743064893415976, 0.024409740783994494, 0.4256767803290131, 0.18023197070488095, 0.09466137274512221, 0.29836805887771334, 0.24945251251438094, 0.31533413327088056, 0.5157787435646242, 0.0798329806016227};