name="AGSK CEC20";
dim=15;
bound=3;
testID=4;
(*--------*)
min=0.0819902299547266;
max=0.2923111051179603;
median=0.15600804240420985;
mean=0.16576959666509386;
std=0.0630878377384037;
(*--------*)
data={0.08225518936637854, 0.2095297573400785, 0.12905446027525613, 0.0819902299547266, 0.16660572422438236, 0.19777786686245236, 0.14031996764197174, 0.13292472435136915, 0.2667192817684736, 0.09042215349290927, 0.1736958116355254, 0.11316827917607952, 0.17125254761253927, 0.10033235800119655, 0.2811209967610466, 0.26382474977526726, 0.11582805203352109, 0.14910110794107823, 0.24302116956914688, 0.2179050802205893, 0.24603054109866207, 0.09393555962242317, 0.16291497686734147, 0.1423949924446788, 0.09831441409937725, 0.2923111051179603, 0.18488246611059367, 0.11169891240888319, 0.12639137034602754, 0.18736405383288002};