name="AGSK CEC20";
dim=15;
bound=0;
testID=2;
(*--------*)
min=2.3575588038447677;
max=129.68728739168364;
median=13.619785631755803;
mean=23.622859877568377;
std=33.76118676152734;
(*--------*)
data={3.4650151330070003, 13.427047493930331, 2.3575588038447677, 98.69475925438564, 5.566029451027134, 13.812523769581276, 5.560490042749734, 10.940772495851888, 9.964933666184152, 10.008832758622702, 29.22585542581146, 3.8970881593368176, 27.564774145670526, 10.606855926143908, 27.989939641305682, 14.704475731395178, 128.32029162650724, 15.528484018798736, 6.987359979042594, 2.7830801810341654, 19.950415912857352, 14.790104764351781, 14.804213906907535, 129.68728739168364, 3.0933871109000393, 23.266501627592334, 35.39884838823855, 4.292091243873983, 16.537374791802904, 5.459403484612267};