name="AGSK CEC20";
dim=15;
bound=5;
testID=2;
(*--------*)
min=2.777555835289604;
max=37.37116441023136;
median=11.26152051911913;
mean=13.308286977288754;
std=8.18095857538581;
(*--------*)
data={12.995455352902354, 21.081054573587608, 9.376496827356277, 14.599589860273227, 25.925806795780773, 8.999506541961637, 10.818267690588073, 6.467193520734327, 17.491981834505168, 18.33123557138333, 10.167820318159102, 11.787504016960156, 2.777555835289604, 3.935138755956359, 4.607386584266351, 15.840240359740164, 22.49653862610012, 9.027455733349598, 14.39020806186818, 9.64465518443194, 5.323191129806219, 7.362961377004467, 11.704773347650189, 37.37116441023136, 32.14113041758992, 14.569261571623429, 5.21485663612475, 10.59259414196731, 17.876065331017344, 6.331518910453269};