name="AGSK CEC20";
dim=15;
bound=1;
testID=2;
(*--------*)
min=3.193361561333404;
max=95.43827795835114;
median=20.140411062798194;
mean=27.04118963788575;
std=20.108912567394363;
(*--------*)
data={7.4269775367001785, 3.193361561333404, 15.540042605699455, 13.723415298845794, 20.874350870791204, 19.406471254805183, 10.369745760774094, 95.43827795835114, 17.785986664384836, 10.993467060276089, 41.46441667925228, 61.068532215947016, 29.58683617925908, 22.364821073084386, 47.68280763298844, 46.564378096582004, 3.4174774307666667, 51.49960618715886, 8.15770844385679, 41.97779276242272, 16.248677495361335, 43.74189165077314, 17.15901259493694, 19.14311958422877, 23.301463986514136, 8.425858921435065, 34.0427416175462, 17.94272457338684, 36.1282569045261, 26.565468534584397};