name="AGSK CEC20";
dim=15;
bound=5;
testID=9;
(*--------*)
min=0.;
max=100.00000000000045;
median=100.00000000000045;
mean=93.33333333333374;
std=25.370813170246354;
(*--------*)
data={100.00000000000045, 100.00000000000045, 100.00000000000045, 100.00000000000045, 100.00000000000045, 100.00000000000045, 100.00000000000045, 100.00000000000045, 100., 100.00000000000045, 100.00000000000045, 100.00000000000045, 100.00000000000045, 100.00000000000045, 100.00000000000045, 100.00000000000045, 100.00000000000045, 100.00000000000045, 100.00000000000045, 100.00000000000045, 100.00000000000045, 100.00000000000045, 100.00000000000045, 100.00000000000045, 100.00000000000045, 0., 100.00000000000045, 0., 100.00000000000045, 100.00000000000045};