name="AGSK CEC20";
dim=15;
bound=4;
testID=3;
(*--------*)
min=0.;
max=16.394134525955792;
median=15.56697651303898;
mean=14.757412134914189;
std=3.539839142400168;
(*--------*)
data={15.646298212715124, 15.56697651303898, 15.942131967310843, 0., 15.56697651303898, 15.56697651303898, 15.646298212715124, 15.566976513039094, 15.56697651303898, 15.56697651303898, 15.56697651303898, 15.56697651303898, 15.56697651303898, 16.152395844608918, 15.56697651303898, 15.56697651303898, 15.646298212715124, 3.7704266680921137, 15.56697651303898, 15.56697651303898, 15.783819188340885, 16.394134525955792, 15.56697651303898, 15.56697651303898, 15.704497488664742, 15.56697651303898, 16.089636700454207, 15.56697651303898, 15.74084979115105, 15.56697651303898};