name="AGSK CEC20";
dim=15;
bound=1;
testID=10;
(*--------*)
min=400.;
max=400.00000000000045;
median=400.;
mean=400.00000000000006;
std=2.2688311678018135*^-13;
(*--------*)
data={400., 400.00000000000045, 400., 400., 400., 400., 400.00000000000045, 400., 400., 400.00000000000045, 400., 400., 400., 400., 400.00000000000045, 400., 400., 400., 400., 400.00000000000045, 400.00000000000045, 400.00000000000045, 400.00000000000045, 400., 400., 400., 400., 400., 400., 400.00000000000045};