name="AGSK CEC20";
dim=15;
bound=2;
testID=5;
(*--------*)
min=0.31223509166761687;
max=17.38261626009694;
median=4.3701300929574245;
mean=5.120927306703409;
std=3.773899344139434;
(*--------*)
data={5.287025339314596, 6.125866850575903, 1.3071941487605727, 2.3021532058560297, 2.3021532058542107, 3.297112262947394, 10.526305216030323, 1.15107660292756, 2.3021532058542107, 0.31223509166761687, 4.448188865874272, 3.2971122629476213, 1.6194292404279622, 9.579091621540101, 5.443142885156476, 2.30215320585512, 10.417912936081393, 6.281984396408916, 4.292071320040577, 9.422974075702996, 17.38261626009694, 3.2971122629476213, 4.292066282222095, 4.604306411710695, 1.3071941487605727, 6.281984396408461, 4.448188865874272, 3.4532298087815434, 5.443147922968365, 11.100636901507869};