name="AGSK CEC20";
dim=15;
bound=5;
testID=7;
(*--------*)
min=0.024164147290775873;
max=0.589600200019504;
median=0.1460492589558271;
mean=0.19400066743649708;
std=0.15665762483905685;
(*--------*)
data={0.07611331389534826, 0.024164147290775873, 0.2351038730844266, 0.07363115291718714, 0.26206111716737723, 0.09068606966093284, 0.05929732674621846, 0.0812527640987355, 0.21677189858337442, 0.22903164021136035, 0.05417089154798305, 0.09227294953188903, 0.02611205117909776, 0.10058268671036785, 0.16604912517505, 0.024722815565382916, 0.26927098485884926, 0.35236220444221544, 0.2843660794687821, 0.589600200019504, 0.05721947074334821, 0.33100221803942986, 0.06877980320177812, 0.1260493927366042, 0.2153689387751001, 0.5399347711427254, 0.04624738934535344, 0.45881722457716023, 0.2904304836101801, 0.3785470387683745};