name="AGSK CEC20";
dim=15;
bound=3;
testID=3;
(*--------*)
min=2.402324927024438;
max=16.077406833390683;
median=15.56697651303898;
mean=15.197400910827453;
std=2.42060759422891;
(*--------*)
data={15.646298212715124, 15.56697651303898, 15.56697651303898, 15.566976513039094, 16.010315000778064, 15.566976513039094, 15.64629821271501, 15.56697651303898, 15.566976513039094, 15.982588472498037, 15.566976513039094, 15.56697651303898, 15.56697651303898, 15.74084979115105, 15.704497488664856, 15.646298212715124, 15.56697651303898, 2.402324927024438, 16.077406833390683, 15.56697651303898, 15.56697651303898, 15.56697651303898, 15.56697651303898, 15.56697651303898, 15.64629821271501, 15.56697651303898, 15.646298212715124, 15.56697651303898, 15.56697651303898, 15.56697651303898};