name="AGSK CEC20";
dim=15;
bound=4;
testID=5;
(*--------*)
min=1.1510766029271053;
max=19.480906457520632;
median=5.940624932608671;
mean=7.2793466519912275;
std=5.528007635185969;
(*--------*)
data={9.68746370476947, 5.599265468809108, 3.1409947171143813, 18.49280730042142, 12.09559595862197, 1.1510766029273327, 6.281984396408234, 6.28198439641028, 3.2971122629483034, 3.2971122629508045, 2.458270751712462, 3.979836228373415, 6.281984396409143, 1.4633116945942675, 13.246687720426053, 2.302153205856257, 10.261796824951034, 19.480906457520632, 4.292071320045579, 15.23658563789536, 7.12082590766795, 18.64206494625796, 11.72750377385637, 3.4532298087815434, 3.140994717114154, 6.438101942241701, 2.146035660020516, 1.1510766029271053, 12.251728663330823, 3.9798362283731876};