name="AGSK CEC20";
dim=15;
bound=4;
testID=4;
(*--------*)
min=0.021959025981004743;
max=0.29880262709525596;
median=0.11321136524236408;
mean=0.12574765766807255;
std=0.05586629432347852;
(*--------*)
data={0.05397818987444225, 0.17651473719638489, 0.0921442584055967, 0.29880262709525596, 0.11988279552042513, 0.1508324800677201, 0.11227653081800781, 0.12465844575058327, 0.18103930790994127, 0.1254670649793752, 0.021959025981004743, 0.1125815284399323, 0.1862863035873943, 0.11384120204479586, 0.09101446705608396, 0.10166837199199108, 0.2132371697484814, 0.05635080815386573, 0.11185513557143167, 0.06553211516052215, 0.09047046534828951, 0.13133914012064452, 0.1424779143064825, 0.2093813924004735, 0.08168598147767625, 0.14354335604548396, 0.08870672965758786, 0.09755485724758728, 0.16752120150022165, 0.10982612658449398};