name="AGSK CEC20";
dim=15;
bound=0;
testID=8;
(*--------*)
min=0.;
max=100.00000000000045;
median=84.24120096599086;
mean=70.70383704272744;
std=32.99536528193261;
(*--------*)
data={63.061747489165555, 46.421267028540115, 100.00000000000045, 100.00000000000045, 29.138014588187616, 100.00000000000045, 100.00000000000045, 100.00000000000045, 100.00000000000045, 100.00000000000045, 30.63001411059713, 100.00000000000045, 20.903572490530678, 34.26861757191091, 100., 100.00000000000045, 53.381431310591324, 100.00000000000045, 21.500241116867983, 0., 35.009024028816384, 68.48240193198171, 100.00000000000045, 62.83389881881112, 61.781808473733236, 64.60452849790317, 29.09854382418007, 100.00000000000045, 100.00000000000045, 100.00000000000045};