name="AGSK CEC20";
dim=15;
bound=0;
testID=5;
(*--------*)
min=0.468352637501539;
max=24.191186879386123;
median=4.52624763879146;
mean=7.113557179249089;
std=5.85120780246407;
(*--------*)
data={6.476913622483835, 1.463311694606091, 4.448188865874499, 7.276943453503236, 24.191186879386123, 13.823412441166965, 4.292071320040577, 3.297112262948758, 9.422974075704587, 3.453229808781998, 10.417933132795724, 3.2971122629489855, 5.443142885153748, 3.297112262948076, 11.833499364799763, 14.506136406583664, 4.604306411708421, 2.9848771712806865, 1.4633116945944948, 3.2971122629476213, 4.2920713200524006, 9.68746370476947, 7.433060999335794, 6.125866850574766, 2.6143882975225097, 23.61685519390403, 11.294630491288672, 4.135953774207792, 4.448183828057836, 0.468352637501539};