name="AGSK CEC20";
dim=15;
bound=5;
testID=8;
(*--------*)
min=0.;
max=100.00000000000045;
median=60.175947907690215;
mean=62.0429852274846;
std=34.530677406373826;
(*--------*)
data={100.00000000000045, 90.00297741170152, 44.699328394729946, 26.38579035900875, 60.83352687547767, 100.00000000000045, 21.500241116867983, 100.00000000000045, 21.500241116867983, 100.00000000000045, 60.15937886732718, 100., 100.00000000000045, 60.19251694805325, 57.34775977303798, 51.189246286342495, 66.16916280451096, 100.00000000000045, 31.07154860623359, 0., 0., 28.815392416433497, 100.00000000000045, 100.00000000000045, 32.89034236856651, 25.011743918134016, 100.00000000000045, 49.43810215300891, 100.00000000000045, 34.08225740823127};