name="AGSK CEC20";
dim=15;
bound=4;
testID=10;
(*--------*)
min=400.;
max=400.00000000000045;
median=400.;
mean=400.;
std=1.888235598329174*^-13;
(*--------*)
data={400., 400., 400., 400., 400.00000000000045, 400., 400., 400., 400., 400., 400., 400., 400., 400., 400.00000000000045, 400.00000000000045, 400., 400., 400., 400.00000000000045, 400., 400., 400., 400.00000000000045, 400., 400., 400., 400., 400., 400.};