name="AGSK CEC20";
dim=15;
bound=5;
testID=6;
(*--------*)
min=0.061059187785076574;
max=0.6794457440300903;
median=0.3294591246769869;
mean=0.3446373704508536;
std=0.16965906422853277;
(*--------*)
data={0.5388267903308588, 0.17638990639329677, 0.4361857724472884, 0.1685801800401805, 0.43572585448532664, 0.12627774397196845, 0.2678373616697627, 0.6269471075454476, 0.3216891807981028, 0.10492148344201269, 0.061059187785076574, 0.39359106840038294, 0.29089778971888336, 0.419086323610145, 0.30317888414447225, 0.23579709352156897, 0.3083788050162184, 0.3960230667880751, 0.2510658691955996, 0.337229068555871, 0.09441919759410666, 0.18716869340642006, 0.5165410395391064, 0.4126424533478712, 0.644714349135711, 0.44692631358520885, 0.5126105921265207, 0.6794457440300903, 0.16623810678015616, 0.47872608611987744};