name="AGSK CEC20";
dim=15;
bound=5;
testID=4;
(*--------*)
min=0.03248500552172118;
max=0.3416782528065596;
median=0.1241629857913722;
mean=0.13176294359719426;
std=0.0762248345670753;
(*--------*)
data={0.05859308952608444, 0.13813328579908557, 0.17523978690724107, 0.1668104050868351, 0.07526129394409509, 0.2333260649922977, 0.14093213452088094, 0.05963445822862923, 0.2736504552331098, 0.03435984558245764, 0.10008904162305043, 0.268119095460861, 0.09500534750213774, 0.3416782528065596, 0.07772409763833821, 0.11632887282939919, 0.13702442263047487, 0.13572272959936527, 0.06432379203397431, 0.06375895262272024, 0.12318735707117412, 0.057634753477032064, 0.0917935500619933, 0.19435833306920358, 0.061644123585892885, 0.03248500552172118, 0.1258677483867814, 0.12513861451157027, 0.17176448557256663, 0.21329891209029483};