name="AGSK CEC20";
dim=15;
bound=1;
testID=6;
(*--------*)
min=0.081271882924284;
max=1.1927841146441551;
median=0.348261530536206;
mean=0.4211122533473902;
std=0.24715987180975546;
(*--------*)
data={0.29006470955323493, 0.38308091556359614, 1.1927841146441551, 0.16881296036285676, 0.24913295114629364, 0.3389201413965566, 0.6150846453181202, 0.32912939423408716, 0.28263336325630917, 0.20839131011848622, 0.35760291967585545, 0.2295333179959016, 0.5447096080342817, 0.3978534406678591, 0.3334737512359425, 0.6252131065295998, 0.3054143016042872, 0.5078485136975814, 0.30654961618483867, 0.7460992651131164, 0.18334080493605143, 1.0041119288612208, 0.6330927223366416, 0.08230291584118277, 0.398611920752046, 0.4884456254876568, 0.5486917485939102, 0.3388936574942818, 0.4622720468614716, 0.081271882924284};