name="AGSK CEC20";
dim=15;
bound=1;
testID=9;
(*--------*)
min=100.;
max=100.00000000000045;
median=100.00000000000045;
mean=100.00000000000041;
std=1.3878652070385646*^-13;
(*--------*)
data={100.00000000000045, 100.00000000000045, 100.00000000000045, 100.00000000000045, 100.00000000000045, 100.00000000000045, 100.00000000000045, 100.00000000000045, 100.00000000000045, 100., 100.00000000000045, 100.00000000000045, 100.00000000000045, 100.00000000000045, 100.00000000000045, 100.00000000000045, 100.00000000000045, 100.00000000000045, 100.00000000000045, 100.00000000000045, 100.00000000000045, 100.00000000000045, 100.00000000000045, 100.00000000000045, 100.00000000000045, 100.00000000000045, 100.00000000000045, 100.00000000000045, 100., 100.};