name="AGSK CEC20";
dim=15;
bound=0;
testID=6;
(*--------*)
min=0.10297465201006162;
max=0.6814848318949771;
median=0.4254789715399738;
mean=0.39394074300491105;
std=0.15045697557993848;
(*--------*)
data={0.4425088788430003, 0.4264687602160393, 0.29729093652554184, 0.605499042350857, 0.4882251736355556, 0.18885416688794976, 0.47130163755582544, 0.189961654535864, 0.42448918286390835, 0.15447846881579608, 0.4448195262750687, 0.6165231028583094, 0.6814848318949771, 0.10297465201006162, 0.471517623304635, 0.46794685533245683, 0.5079457604024356, 0.5520332210880952, 0.14842135482967933, 0.4479455182106449, 0.2298040463729194, 0.37809428994751215, 0.5899152265415069, 0.337229068555871, 0.348560027915255, 0.501855769783333, 0.3279329208864965, 0.3997274018211101, 0.2749835201007045, 0.29942966978592267};