name="IMODE CEC20";
dim=20;
bound=3;
testID=9;
(*--------*)
min=0.;
max=100.;
median=100.;
mean=96.66666666666667;
std=18.25741858350554;
(*--------*)
data={100., 100., 100., 100., 100., 100., 100., 100., 100., 100., 100., 100., 100., 100., 0., 100., 100., 100., 100., 100., 100., 100., 100., 100., 100., 100., 100., 100., 100., 100.};