name="IMODE CEC20";
dim=20;
bound=5;
testID=3;
(*--------*)
min=20.387215;
max=21.053345;
median=20.387215;
mean=20.455738900000004;
std=0.15061778345896928;
(*--------*)
data={20.677583, 20.387215, 20.387215, 20.771334, 20.387215, 20.387215, 21.053345, 20.387215, 20.387215, 20.497918, 20.387215, 20.387215, 20.387215, 20.387215, 20.387215, 20.387215, 20.387215, 20.497918, 20.387215, 20.387215, 20.497918, 20.659503, 20.387215, 20.387215, 20.497918, 20.387215, 20.387215, 20.387215, 20.387215, 20.387215};