name="IMODE CEC20";
dim=20;
bound=3;
testID=5;
(*--------*)
min=3.1955774;
max=32.382115;
median=14.804376000000001;
mean=14.81503765;
std=6.744437930287575;
(*--------*)
data={16.129915, 17.737482, 12.658579, 14.85617, 13.861807, 15.237915, 19.240751, 22.6082, 17.841611, 5.1855572, 32.382115, 22.815511, 11.942104, 7.2793127, 14.64837, 19.831448, 16.742557, 11.259049, 10.160135, 14.752582, 14.34756, 10.772208, 10.26449, 16.74162, 16.950617, 30.163555, 3.1955774, 5.2896106, 4.1906666, 15.364054};