name="IMODE CEC20";
dim=20;
bound=3;
testID=6;
(*--------*)
min=0.10333597;
max=0.43180955;
median=0.26851429;
mean=0.272034133;
std=0.08361114375450852;
(*--------*)
data={0.43180955, 0.25380515, 0.10333597, 0.29787921, 0.39169265, 0.26633808, 0.2112847, 0.37745672, 0.22538967, 0.33417435, 0.17208982, 0.22199409, 0.27292752, 0.20158315, 0.25411205, 0.27944664, 0.17813049, 0.22927578, 0.3664178, 0.17767144, 0.41301215, 0.2911426, 0.27607816, 0.37330109, 0.39985354, 0.2706905, 0.20440442, 0.2642808, 0.27096993, 0.15047597};