name="IMODE CEC20";
dim=20;
bound=4;
testID=7;
(*--------*)
min=0.13014853;
max=0.98971015;
median=0.6053245899999999;
mean=0.5875982453333334;
std=0.15415952226383292;
(*--------*)
data={0.59824167, 0.67641487, 0.46617332, 0.13014853, 0.55659003, 0.63911782, 0.57531563, 0.61240751, 0.98971015, 0.54941496, 0.55566186, 0.5518517, 0.65698522, 0.61398814, 0.69463712, 0.78962266, 0.64422324, 0.70989725, 0.67471806, 0.4467514, 0.54685775, 0.47318619, 0.71009782, 0.34916263, 0.66602602, 0.58497283, 0.48475755, 0.62439433, 0.71838015, 0.33824095};