name="IMODE CEC20";
dim=20;
bound=4;
testID=5;
(*--------*)
min=1.2051438;
max=15.343281;
median=8.32657185;
mean=8.567870776666666;
std=3.6339598409779312;
(*--------*)
data={8.3785654, 10.159064, 8.1682062, 1.2051438, 7.2784847, 7.3827285, 7.3826241, 10.666675, 13.3533, 9.0599023, 13.861797, 11.154801, 9.061259, 9.2683504, 2.1990616, 12.150147, 13.142637, 7.3833226, 6.2846786, 4.3963339, 3.1956028, 7.2779352, 8.3785978, 5.1842549, 13.249094, 8.2732954, 15.343281, 2.9874588, 8.2745783, 12.934943};