name="IMODE CEC20";
dim=20;
bound=3;
testID=2;
(*--------*)
min=0.031228458;
max=1.7700049;
median=0.202984975;
mean=0.7777455240666665;
std=0.801448885532601;
(*--------*)
data={1.707548, 1.7700049, 1.707548, 1.707548, 0.2185992, 0.093685374, 0.21859921, 1.7387765, 0.093685374, 1.707548, 0.15614229, 1.7387765, 0.21859921, 1.7700049, 1.7387765, 0.15614229, 1.7700049, 0.093685374, 0.12491383, 0.093685374, 0.15614229, 0.031228458, 0.12491383, 0.093685374, 0.12491383, 0.093685374, 1.7700049, 0.15614229, 1.7700049, 0.18737075};