name="IMODE CEC20";
dim=20;
bound=1;
testID=6;
(*--------*)
min=0.12383805;
max=0.41907785;
median=0.280323865;
mean=0.282070159;
std=0.06942748069152928;
(*--------*)
data={0.24387694, 0.28154754, 0.19096646, 0.2761317, 0.2688359, 0.20388403, 0.26536345, 0.31050315, 0.33293499, 0.32168319, 0.33305381, 0.35652743, 0.24396015, 0.41907785, 0.23408177, 0.28563828, 0.3788906, 0.35135937, 0.28664835, 0.25777127, 0.15678499, 0.27910019, 0.23220598, 0.18733104, 0.30486284, 0.12383805, 0.30573075, 0.40819297, 0.34355584, 0.27776589};