name="IMODE CEC20";
dim=20;
bound=1;
testID=7;
(*--------*)
min=0.038285103;
max=0.92043778;
median=0.609026045;
mean=0.5779573277666668;
std=0.19317294999987566;
(*--------*)
data={0.38585613, 0.52254398, 0.038285103, 0.55469895, 0.29832416, 0.70524575, 0.64472435, 0.60957259, 0.60732624, 0.46447719, 0.2983737, 0.5132023, 0.658674, 0.59194503, 0.6084795, 0.2764192, 0.71666138, 0.72473032, 0.44010375, 0.62682168, 0.76376783, 0.84584072, 0.92043778, 0.68676064, 0.69333305, 0.70333468, 0.4562283, 0.83087692, 0.41700111, 0.7346735};