name="IMODE CEC20";
dim=20;
bound=1;
testID=5;
(*--------*)
min=2.3029138;
max=15.550995;
median=7.22578305;
mean=7.5242840966666655;
std=3.0281223238427546;
(*--------*)
data={7.1745455, 7.3835979, 6.282778, 4.5023376, 6.2846571, 4.1881937, 7.3826245, 7.3825381, 5.1842236, 6.2830847, 6.1795877, 7.2770206, 7.0712748, 11.152975, 4.2936613, 2.3029138, 6.1787555, 7.9620205, 9.2677001, 4.501448, 4.2922338, 12.657994, 6.1802694, 8.7807908, 7.3819405, 14.752625, 9.7752253, 9.9514349, 15.550995, 8.1690762};