name="IMODE CEC20";
dim=20;
bound=0;
testID=2;
(*--------*)
min=0.031228458;
max=1.8012334;
median=0.12491383;
mean=0.5584000489333334;
std=0.7367936211627091;
(*--------*)
data={0.093685374, 1.707548, 1.7700049, 0.12491383, 0.18737075, 0.12491383, 0.031228458, 0.15614229, 0.12491383, 0.093685374, 0.15614229, 0.12491383, 1.8012334, 0.062456916, 1.7387765, 1.7700049, 0.12491383, 0.12491383, 0.12491383, 0.18737075, 0.15614229, 0.12491383, 1.7387765, 1.7387765, 0.12491383, 0.12491383, 0.062456916, 1.8012334, 0.12491383, 0.12491383};