name="IMODE CEC20";
dim=20;
bound=0;
testID=9;
(*--------*)
min=0.000022073075;
max=100.;
median=100.;
mean=96.66666740243583;
std=18.25741455353185;
(*--------*)
data={100., 100., 100., 100., 100., 100., 100., 100., 100., 100., 100., 100., 0.000022073075, 100., 100., 100., 100., 100., 100., 100., 100., 100., 100., 100., 100., 100., 100., 100., 100., 100.};