name="IMODE CEC20";
dim=20;
bound=5;
testID=9;
(*--------*)
min=32.635371;
max=100.;
median=100.;
mean=97.75451236666667;
std=12.299042293755562;
(*--------*)
data={100., 100., 100., 100., 100., 100., 100., 100., 100., 100., 100., 100., 100., 100., 100., 100., 100., 100., 100., 32.635371, 100., 100., 100., 100., 100., 100., 100., 100., 100., 100.};