name="IMODE CEC20";
dim=20;
bound=4;
testID=9;
(*--------*)
min=0.;
max=100.;
median=100.;
mean=94.37182526666666;
std=21.805865093000985;
(*--------*)
data={100., 100., 100., 100., 100., 100., 100., 100., 100., 100., 100., 100., 0., 100., 31.154758, 100., 100., 100., 100., 100., 100., 100., 100., 100., 100., 100., 100., 100., 100., 100.};