name="IMODE CEC20";
dim=20;
bound=3;
testID=3;
(*--------*)
min=20.387215;
max=20.779181;
median=20.387215;
mean=20.46415436666667;
std=0.11096863306000336;
(*--------*)
data={20.387215, 20.497918, 20.497918, 20.387215, 20.387215, 20.604738, 20.387215, 20.561659, 20.497918, 20.497918, 20.497918, 20.387215, 20.387215, 20.387215, 20.387215, 20.779181, 20.387215, 20.561659, 20.497918, 20.497918, 20.387215, 20.387215, 20.387215, 20.387215, 20.779181, 20.387215, 20.387215, 20.570132, 20.387215, 20.387215};