name="IMODE CEC20";
dim=20;
bound=0;
testID=5;
(*--------*)
min=4.1896329;
max=19.218144;
median=9.21729585;
mean=9.998537559999999;
std=4.211122092757803;
(*--------*)
data={7.2783275, 12.762655, 6.1805708, 15.955279, 10.054367, 13.040015, 7.2771651, 14.243698, 4.1906756, 16.33743, 4.1896329, 4.2936694, 9.1643424, 5.3929683, 19.218144, 11.050479, 7.787358, 9.2694889, 12.761555, 10.772266, 6.2840178, 6.3887113, 11.767433, 5.2896427, 17.944803, 10.263517, 15.364486, 7.4869466, 8.7813797, 9.1651028};