name="IMODE CEC20";
dim=20;
bound=4;
testID=2;
(*--------*)
min=0.031228458;
max=3.4463245;
median=0.14052806;
mean=0.8200905134666666;
std=0.948086022901022;
(*--------*)
data={1.8324618, 1.8012334, 0.093685374, 0.093685374, 0.093685374, 0.031228458, 1.7700049, 0.031228458, 0.062456916, 1.7700049, 1.6763195, 0.093685374, 1.8012334, 1.8012334, 1.7387765, 0.12491383, 0.093685374, 0.062456916, 0.21859921, 0.062456916, 0.093685374, 3.4463245, 0.15614229, 1.7387765, 1.7387765, 0.15614229, 1.707548, 0.12491383, 0.062456916, 0.12491383};