name="IMODE CEC20";
dim=20;
bound=0;
testID=3;
(*--------*)
min=20.387215;
max=20.683165;
median=20.497918;
mean=20.46776643333334;
std=0.08917284909490195;
(*--------*)
data={20.497918, 20.387215, 20.677583, 20.387215, 20.570132, 20.497918, 20.387215, 20.497918, 20.570132, 20.497918, 20.387215, 20.387215, 20.387215, 20.387215, 20.387215, 20.497918, 20.387215, 20.497918, 20.561659, 20.497918, 20.387215, 20.570132, 20.387215, 20.387215, 20.497918, 20.387215, 20.497918, 20.497918, 20.683165, 20.387215};