name="IMODE CEC20";
dim=20;
bound=2;
testID=10;
(*--------*)
min=399.04136;
max=400.09529;
median=399.499555;
mean=399.5319573333333;
std=0.271374955581353;
(*--------*)
data={399.16942, 399.64131, 399.49945, 399.2828, 399.46488, 400.09529, 399.46576, 399.44993, 399.62611, 399.66717, 399.3666, 399.56627, 399.59724, 399.32748, 399.93784, 399.73182, 399.69359, 399.04136, 399.94017, 400.079, 399.61456, 399.79966, 399.37381, 399.39121, 399.04136, 399.42597, 399.49966, 399.66646, 399.30198, 399.20056};