name="IMODE CEC20";
dim=20;
bound=1;
testID=10;
(*--------*)
min=399.06651;
max=410.01605;
median=399.51637500000004;
mean=399.94572466666654;
std=1.9381674543678045;
(*--------*)
data={399.20024, 399.49172, 401.00305, 399.42835, 399.28332, 410.01605, 399.5858, 399.48442, 399.48721, 399.23979, 399.30496, 399.83199, 399.55504, 400., 399.06651, 399.48128, 399.93459, 399.82821, 400.08142, 399.53663, 399.7612, 399.39718, 399.58865, 399.43298, 399.648, 399.49612, 400.01439, 399.7435, 399.32519, 399.12395};