name="IMODE CEC20";
dim=20;
bound=4;
testID=3;
(*--------*)
min=20.387215;
max=20.71544;
median=20.387215;
mean=20.43265936666667;
std=0.0920816631607346;
(*--------*)
data={20.387215, 20.561659, 20.387215, 20.387215, 20.387215, 20.497918, 20.387215, 20.71544, 20.387215, 20.387215, 20.387215, 20.387215, 20.387215, 20.387215, 20.387215, 20.387215, 20.387215, 20.387215, 20.561659, 20.677583, 20.387215, 20.387215, 20.387215, 20.387215, 20.387215, 20.497918, 20.387215, 20.561659, 20.387215, 20.387215};