name="IMODE CEC20";
dim=20;
bound=5;
testID=5;
(*--------*)
min=2.0964633;
max=18.626153;
median=10.569271;
mean=9.871531336666669;
std=4.640579259706664;
(*--------*)
data={18.626153, 8.2745363, 10.770582, 11.362335, 2.4063938, 11.049277, 8.0662473, 4.2929758, 10.36796, 16.74194, 14.347831, 9.7761406, 18.224165, 8.6787053, 3.4038835, 2.0964633, 7.2769808, 12.253035, 11.155345, 5.3927356, 12.76276, 11.258422, 4.0859546, 7.1754728, 11.66302, 8.4826767, 17.631216, 13.353319, 3.2975247, 11.871889};