name="IMODE CEC20";
dim=20;
bound=3;
testID=10;
(*--------*)
min=399.04136;
max=400.61885;
median=399.47344;
mean=399.5747043333333;
std=0.37375361295620685;
(*--------*)
data={399.25451, 399.31088, 399.15132, 399.84979, 399.86281, 400.61885, 399.20396, 400., 400.27587, 399.28504, 400.26535, 399.8012, 399.40713, 399.50501, 399.76883, 399.24768, 399.37038, 399.73958, 399.71172, 399.39952, 399.04136, 399.72716, 399.40908, 399.45997, 399.34353, 399.67258, 399.48691, 399.04136, 399.61976, 399.40999};