name="IMODE CEC20";
dim=20;
bound=2;
testID=7;
(*--------*)
min=0.24823591;
max=0.88173003;
median=0.594987675;
mean=0.5858427249999999;
std=0.1594301814809861;
(*--------*)
data={0.65756728, 0.64269941, 0.65661708, 0.88173003, 0.70590345, 0.63633688, 0.54574571, 0.49302794, 0.54405522, 0.86392992, 0.49943553, 0.43124407, 0.39389677, 0.56671397, 0.69012163, 0.29981962, 0.59592929, 0.485761, 0.59404606, 0.73097987, 0.33658028, 0.77478909, 0.84095326, 0.60042596, 0.51655514, 0.70716555, 0.24823591, 0.45607108, 0.4801122, 0.69883255};