name="IMODE CEC20";
dim=20;
bound=2;
testID=9;
(*--------*)
min=22.097908;
max=100.;
median=100.;
mean=97.40326359999999;
std=14.22291102174758;
(*--------*)
data={100., 100., 100., 100., 100., 100., 100., 100., 100., 100., 100., 100., 100., 100., 100., 100., 100., 100., 100., 100., 22.097908, 100., 100., 100., 100., 100., 100., 100., 100., 100.};