name="IMODE CEC20";
dim=20;
bound=5;
testID=2;
(*--------*)
min=0.062456916;
max=1.8636903;
median=0.15614229;
mean=0.6816051146000001;
std=0.7861615745058844;
(*--------*)
data={0.18737075, 0.18737075, 0.15614229, 0.12491383, 0.12491383, 0.15614229, 1.7387765, 1.8324618, 1.8012334, 1.8012334, 0.12491383, 0.12491383, 0.093685374, 0.18737075, 1.7700049, 0.12491383, 0.15614229, 1.6763195, 0.062456916, 1.8636903, 0.12491383, 0.093685374, 0.18737075, 0.15614229, 0.093685374, 0.12491383, 1.7700049, 1.707548, 1.7700049, 0.12491383};