name="IMODE CEC20";
dim=20;
bound=2;
testID=6;
(*--------*)
min=0.12123553;
max=0.49998878;
median=0.273030495;
mean=0.2874075133333333;
std=0.08466080464617269;
(*--------*)
data={0.31545474, 0.25493349, 0.29260367, 0.22626036, 0.27285376, 0.33379256, 0.29350149, 0.49998878, 0.34818529, 0.25905536, 0.25547893, 0.2086748, 0.38478012, 0.22772331, 0.41814935, 0.16700624, 0.1732259, 0.27320723, 0.31818214, 0.19957232, 0.26402376, 0.37328705, 0.12123553, 0.1946264, 0.26757009, 0.31852443, 0.22470942, 0.39274072, 0.34183546, 0.4010427};