name="IMODE CEC20";
dim=20;
bound=5;
testID=8;
(*--------*)
min=0.;
max=100.;
median=100.;
mean=83.15554230000002;
std=23.482003267792393;
(*--------*)
data={66.663411, 100., 81.269897, 64.932127, 72.995596, 57.035244, 100., 100., 100., 100., 0., 100., 100., 100., 100., 100., 66.988908, 61.682416, 100., 100., 64.815692, 100., 55.299301, 100., 53.67381, 100., 72.333766, 100., 76.976101, 100.};