name="IMODE CEC20";
dim=20;
bound=0;
testID=8;
(*--------*)
min=30.546766;
max=100.;
median=92.5706255;
mean=84.04723756666667;
std=18.874095164523304;
(*--------*)
data={30.546766, 100., 80.393633, 51.955219, 100., 100., 100., 100., 100., 100., 69.334394, 59.922938, 85.141251, 100., 100., 64.046566, 76.291109, 100., 78.163613, 66.485727, 67.788009, 61.080866, 100., 74.010044, 82.728858, 100., 73.528134, 100., 100., 100.};