name="IMODE CEC20";
dim=20;
bound=2;
testID=2;
(*--------*)
min=0.062456916;
max=1.8012334;
median=0.12491383;
mean=0.2842181967333333;
std=0.5086923617671746;
(*--------*)
data={0.093685374, 0.15614229, 0.12491383, 0.093685374, 0.12491383, 1.7700049, 0.093685374, 0.12491383, 0.062456916, 0.093685374, 0.093685374, 1.8012334, 0.2185992, 0.12491383, 0.093685374, 0.062456916, 0.15614229, 0.093685374, 0.093685374, 0.12491383, 0.12491383, 0.093685374, 1.7700049, 0.18737075, 0.18737075, 0.093685374, 0.093685374, 0.062456916, 0.15614229, 0.15614229};