name="IMODE CEC20";
dim=20;
bound=5;
testID=10;
(*--------*)
min=399.04136;
max=402.05291;
median=399.66987;
mean=399.6962696666666;
std=0.5702062927088004;
(*--------*)
data={399.36518, 399.48339, 399.81099, 399.89945, 400.00575, 399.76927, 400., 399.25945, 399.04136, 402.05291, 399.57047, 399.78528, 400.21266, 399.29172, 399.98925, 399.42832, 399.90333, 399.28708, 399.25753, 399.47342, 399.04136, 399.04136, 399.89885, 400.17483, 399.8064, 399.05005, 399.53121, 400., 399.96244, 399.49478};