name="IMODE CEC20";
dim=20;
bound=5;
testID=6;
(*--------*)
min=0.095850313;
max=0.38043216;
median=0.2670884;
mean=0.26678940410000007;
std=0.06179615829363292;
(*--------*)
data={0.26684283, 0.2285598, 0.27833289, 0.32804244, 0.25759892, 0.34315828, 0.31515625, 0.24438671, 0.25292433, 0.23753147, 0.17347729, 0.30508877, 0.26012051, 0.34119111, 0.31425665, 0.280605, 0.29045213, 0.23075737, 0.33135207, 0.38043216, 0.095850313, 0.30681779, 0.34620533, 0.19718811, 0.18501102, 0.26427243, 0.26733397, 0.21858557, 0.18153048, 0.28062013};