name="IMODE CEC20";
dim=20;
bound=0;
testID=7;
(*--------*)
min=0.21383094;
max=0.7949085;
median=0.5732361800000001;
mean=0.5635658323333333;
std=0.14740390985139468;
(*--------*)
data={0.5778904, 0.41578657, 0.52553204, 0.39160942, 0.41499843, 0.32129296, 0.21383094, 0.61296586, 0.52992259, 0.70123882, 0.66114382, 0.7949085, 0.46686674, 0.40128377, 0.67823537, 0.69171243, 0.74321797, 0.53702661, 0.69628379, 0.53620601, 0.59412573, 0.78427017, 0.42417385, 0.6409929, 0.68031367, 0.38878298, 0.56858196, 0.77878813, 0.51192542, 0.62306712};