name="IMODE CEC20";
dim=20;
bound=3;
testID=8;
(*--------*)
min=20.724184;
max=100.;
median=90.18448699999999;
mean=79.93202793333333;
std=22.860859147943927;
(*--------*)
data={67.741271, 100., 75.137378, 70.710333, 100., 100., 100., 100., 100., 58.724324, 50.487352, 47.312881, 49.273284, 80.368974, 100., 72.089504, 56.004459, 20.724184, 100., 100., 71.718316, 62.190835, 100., 100., 100., 100., 61.653481, 100., 100., 53.824262};