name="IMODE CEC20";
dim=20;
bound=1;
testID=8;
(*--------*)
min=34.180777;
max=100.;
median=78.6143035;
mean=76.7885295;
std=23.220098951257647;
(*--------*)
data={43.108093, 100., 100., 56.428228, 100., 100., 51.844762, 100., 100., 77.829225, 100., 54.402257, 56.406378, 41.009184, 100., 63.479699, 61.187449, 57.26225, 100., 79.080369, 66.735855, 59.34683, 100., 78.148238, 41.952803, 100., 81.253488, 100., 34.180777, 100.};