name="IMODE CEC20";
dim=20;
bound=4;
testID=8;
(*--------*)
min=40.153118;
max=100.;
median=71.941237;
mean=74.70359436666665;
std=20.69836269503969;
(*--------*)
data={68.641787, 100., 79.194398, 77.315605, 100., 100., 66.291797, 100., 57.800092, 77.972011, 80.319578, 59.461214, 100., 54.465047, 100., 100., 73.123024, 49.386155, 70.75945, 100., 66.286401, 100., 40.153118, 42.957508, 56.531282, 50.798155, 48.494185, 59.658666, 100., 61.498358};