name="IMODE CEC20";
dim=20;
bound=4;
testID=6;
(*--------*)
min=0.0896357;
max=0.52452099;
median=0.242071745;
mean=0.2483302023333333;
std=0.0922863433153251;
(*--------*)
data={0.1500919, 0.23393702, 0.2843816, 0.32132716, 0.25677947, 0.20845089, 0.13809948, 0.16974073, 0.2071804, 0.20405261, 0.25690796, 0.0896357, 0.39604891, 0.11977392, 0.19536893, 0.2427582, 0.28535875, 0.26035105, 0.30158403, 0.26787263, 0.16592852, 0.22119953, 0.32023109, 0.15898799, 0.29655915, 0.43514864, 0.24138529, 0.52452099, 0.22121229, 0.27503124};