name="IMODE CEC20";
dim=20;
bound=3;
testID=7;
(*--------*)
min=0.2808647;
max=1.005947;
median=0.67809012;
mean=0.6475812556666665;
std=0.15547461094659223;
(*--------*)
data={0.55930395, 0.72479154, 0.62864436, 0.60869879, 0.80739642, 0.71228382, 0.63091425, 0.60553512, 0.72573568, 0.41339479, 0.74959662, 0.66898305, 0.68719719, 0.6881111, 0.80864852, 0.78094991, 0.78528877, 0.76797862, 0.74107661, 0.79273498, 0.65506711, 0.68776844, 0.54771586, 0.49236067, 0.2808647, 0.51748978, 0.59590473, 0.44392481, 0.31313048, 1.005947};