name="IMODE CEC20";
dim=20;
bound=0;
testID=6;
(*--------*)
min=0.1486074;
max=0.42966119;
median=0.30228234;
mean=0.2953937276666666;
std=0.07369106656100845;
(*--------*)
data={0.3583179, 0.30777515, 0.32432465, 0.22380524, 0.26218077, 0.26413541, 0.24768711, 0.30296894, 0.34928123, 0.28240981, 0.2144333, 0.32637491, 0.3098217, 0.24640695, 0.28426478, 0.30142162, 0.16852109, 0.32137996, 0.42966119, 0.41085912, 0.33738052, 0.29812019, 0.40211855, 0.14951393, 0.42778609, 0.30728711, 0.30159574, 0.33631166, 0.1486074, 0.21705981};