name="IMODE CEC20";
dim=20;
bound=5;
testID=7;
(*--------*)
min=0.23120289;
max=0.74174964;
median=0.546152625;
mean=0.5204430503333333;
std=0.1531987770940081;
(*--------*)
data={0.7201314, 0.67621065, 0.62000042, 0.47289319, 0.23120289, 0.74174964, 0.24125129, 0.61990988, 0.58344703, 0.56392108, 0.5064318, 0.54294364, 0.44052756, 0.72705234, 0.7366129, 0.53981557, 0.35520914, 0.63743964, 0.50491657, 0.56690699, 0.68807936, 0.47684658, 0.54936161, 0.37918167, 0.44712528, 0.55155025, 0.63445763, 0.28935417, 0.32123014, 0.2475312};