name="IMODE CEC20";
dim=20;
bound=4;
testID=10;
(*--------*)
min=399.02969;
max=400.65323;
median=399.57031;
mean=399.6085046666667;
std=0.3438136680271712;
(*--------*)
data={399.87126, 399.04136, 399.30288, 399.56132, 399.67983, 399.55134, 400., 399.04136, 399.72689, 399.74009, 399.48473, 399.42568, 399.84386, 399.95774, 399.56916, 399.50017, 399.47449, 399.1736, 399.57146, 399.81085, 400.65323, 399.46683, 399.6789, 400.01303, 399.75434, 400., 399.48984, 399.24184, 399.59937, 399.02969};