name="IMODE CEC20";
dim=20;
bound=0;
testID=10;
(*--------*)
min=399.12056;
max=402.57334;
median=399.59664999999995;
mean=399.6876763333333;
std=0.6119359266294798;
(*--------*)
data={399.48305, 399.1892, 399.29673, 399.56836, 399.62494, 402.57334, 399.32519, 399.35175, 400., 400.20972, 399.42295, 399.66176, 399.68632, 400.07636, 399.50569, 399.38347, 400.13609, 399.64685, 400., 399.6996, 399.12056, 399.28706, 399.64723, 399.44313, 399.65998, 399.32369, 399.66389, 399.74792, 399.36805, 399.52741};