name="IMODE CEC20";
dim=20;
bound=2;
testID=3;
(*--------*)
min=20.387215;
max=20.771334;
median=20.387215;
mean=20.47006773333334;
std=0.10539101882920254;
(*--------*)
data={20.570132, 20.604738, 20.387215, 20.497918, 20.497918, 20.387215, 20.387215, 20.497918, 20.387215, 20.387215, 20.387215, 20.387215, 20.561659, 20.387215, 20.604738, 20.387215, 20.387215, 20.387215, 20.387215, 20.561659, 20.497918, 20.561659, 20.387215, 20.497918, 20.387215, 20.771334, 20.683165, 20.387215, 20.387215, 20.497918};