name="IMODE CEC20";
dim=20;
bound=1;
testID=3;
(*--------*)
min=20.387215;
max=20.659503;
median=20.387215;
mean=20.448223733333336;
std=0.08710931815231271;
(*--------*)
data={20.387215, 20.387215, 20.387215, 20.387215, 20.387215, 20.387215, 20.387215, 20.387215, 20.570132, 20.387215, 20.561659, 20.387215, 20.387215, 20.387215, 20.497918, 20.604738, 20.497918, 20.387215, 20.497918, 20.659503, 20.561659, 20.570132, 20.387215, 20.570132, 20.387215, 20.387215, 20.497918, 20.387215, 20.387215, 20.387215};