name="IMODE CEC20";
dim=20;
bound=2;
testID=5;
(*--------*)
min=3.1956079;
max=21.613278;
median=11.259259;
mean=11.53751772;
std=5.34207567513554;
(*--------*)
data={4.3972683, 3.4018802, 15.641284, 8.7823554, 9.5817067, 8.0664203, 3.1956079, 11.259463, 15.239263, 18.628407, 21.613278, 14.752442, 4.1905698, 3.2979278, 10.564431, 16.638466, 14.244134, 17.124771, 11.767773, 16.742463, 8.0661994, 18.431989, 18.349629, 10.77114, 11.259055, 11.363243, 7.1755467, 4.3988381, 10.054908, 17.125072};