name="IMODE CEC20";
dim=20;
bound=2;
testID=8;
(*--------*)
min=21.817485;
max=100.;
median=70.421365;
mean=71.65036593333335;
std=23.026455982717444;
(*--------*)
data={21.817485, 100., 100., 53.945534, 70.237822, 65.958643, 65.295932, 100., 61.335351, 59.359376, 59.097313, 39.16285, 100., 70.604908, 100., 76.310805, 42.689834, 75.469027, 100., 100., 45.082655, 82.405357, 52.194188, 69.23835, 100., 34.103777, 54.952564, 100., 76.896535, 73.352672};