name="IMODE CEC20";
dim=20;
bound=1;
testID=2;
(*--------*)
min=0.031228458;
max=1.8324618;
median=0.15614229;
mean=0.7218682069999999;
std=0.8102490560937688;
(*--------*)
data={0.12491383, 0.12491383, 1.8324618, 0.18737075, 0.15614229, 1.8012334, 0.18737075, 1.6763195, 1.7700049, 0.062456916, 0.15614229, 0.2185992, 1.8012334, 0.093685374, 1.7387765, 0.093685374, 0.093685374, 0.093685374, 0.093685374, 0.093685374, 0.093685374, 0.12491383, 0.031228458, 1.7387765, 1.7387765, 1.7387765, 1.8324618, 0.093685374, 0.093685374, 1.7700049};