name="jSO CEC17";
dim=10;
bound=0;
testID=8;
(*--------*)
min=0.;
max=11.56305735;
median=0.;
mean=2.31261147;
std=4.704292307585617;
(*--------*)
data={0., 0., 11.56305735, 11.56305735, 11.56305735, 0., 0., 0., 0., 0., 11.56305735, 0., 0., 0., 0., 0., 0., 0., 11.56305735, 0., 0., 0., 0., 0., 11.56305735, 0., 0., 0., 0., 0.};