name="jSO CEC17";
dim=10;
bound=2;
testID=7;
(*--------*)
min=3.4*^-6;
max=0.63132678;
median=0.0027082449999999997;
mean=0.035850951;
std=0.12581363066183976;
(*--------*)
data={0.00397092, 3.4*^-6, 0.00038403, 0.00276174, 0.00215145, 0.00009293, 0.01621685, 0.01290668, 0.00676663, 0.01494827, 0.01365535, 0.00100876, 0.01219972, 0.00005262, 0.0031211, 0.00314906, 0.0017783, 0.00209615, 0.31247978, 0.00034881, 0.00080847, 0.00059248, 0.00092974, 0.01192054, 0.00112458, 0.00005284, 0.01059004, 0.00265475, 0.63132678, 0.00543576};