name="jSO CEC17";
dim=10;
bound=1;
testID=10;
(*--------*)
min=100.00422688;
max=300.;
median=100.06940827;
mean=126.237272575;
std=63.378710079918406;
(*--------*)
data={100.0198074, 100.07168841, 100.12916073, 100.04135147, 100.01785152, 100.01105131, 100.08815626, 100.85344109, 100.14551834, 300., 100.00757351, 100.00870149, 100.04101954, 100.11204567, 100.17774014, 300., 100.02322487, 200., 100.01412755, 100.0105629, 300., 100.00422688, 100.06712813, 100.0145646, 100.0738946, 100.55245921, 100.08912761, 100.00846066, 184.49642949, 100.03886387};