name="jSO CEC17";
dim=10;
bound=4;
testID=5;
(*--------*)
min=0.;
max=1.61938801;
median=0.20814298;
mean=0.3947837923333333;
std=0.4246156456877284;
(*--------*)
data={1.20310204, 1.41124503, 0.20814298, 0.99495906, 0.41628597, 0.20814298, 0.41628597, 0.20814298, 0.41628597, 0.99495906, 0.41628597, 0.20814298, 0.20814298, 0.41628597, 0., 0.20814298, 0.20814298, 0.41628597, 0.20814298, 0.20814298, 0., 0.20814298, 1.61938801, 0.20814298, 1.*^-8, 0., 0., 0., 0.41628597, 0.41628599};