name="jSO CEC17";
dim=10;
bound=3;
testID=7;
(*--------*)
min=1.81*^-6;
max=0.32321941;
median=0.005680175;
mean=0.06782796666666667;
std=0.12567807095671113;
(*--------*)
data={0.00087073, 0.31297385, 0.00008944, 0.00142927, 0.00128996, 0.00340343, 0.00116998, 0.0195875, 0.01419187, 0.01112663, 0.00003565, 0.02762925, 0.00026098, 0.00044984, 0.31364268, 0.01612488, 0.0008341, 0.00001423, 1.81*^-6, 0.32321941, 0.01395672, 0.00629082, 0.31293456, 0.00944927, 0.31225804, 0.00190447, 0.3123982, 0.01219799, 0.00506953, 0.00003391};