name="jSO CEC17";
dim=10;
bound=0;
testID=4;
(*--------*)
min=0.;
max=0.25181205;
median=0.13290436;
mean=0.11411792733333335;
std=0.08693906308327796;
(*--------*)
data={0.16769154, 0.16075404, 0., 0., 0.14364158, 0.0098769, 0.13854042, 0.20620031, 0.0098769, 0., 0.1601562, 0.07168045, 0.24798224, 0., 0.25181205, 0., 0.10580882, 0.13991157, 0.09002963, 0.15383748, 0.0098769, 0.23282907, 0.2237115, 0.23363327, 0.13461309, 0.21734934, 0.08226531, 0.01981916, 0.13119563, 0.08044442};