name="jSO CEC17";
dim=10;
bound=5;
testID=4;
(*--------*)
min=0.;
max=0.24234416;
median=0.14480126999999998;
mean=0.11867123533333336;
std=0.08178606636681014;
(*--------*)
data={0.1701354, 0.24178809, 0.0098769, 0., 0.16862469, 0.08159204, 0.20273634, 0.19814722, 0.10985854, 0.14834563, 0., 0.19262311, 0.19246355, 0.1382023, 0.06988704, 0., 0.13933253, 0., 0.19945375, 0., 0., 0.18408039, 0.01026163, 0.16920538, 0.16761969, 0.15783475, 0.14209787, 0.24234416, 0.14750467, 0.07612139};