name="jSO CEC17";
dim=10;
bound=0;
testID=9;
(*--------*)
min=0.;
max=100.;
median=100.;
mean=86.66666666666667;
std=34.57459036417605;
(*--------*)
data={100., 0., 100., 100., 100., 0., 100., 100., 100., 100., 100., 0., 100., 0., 100., 100., 100., 100., 100., 100., 100., 100., 100., 100., 100., 100., 100., 100., 100., 100.};