name="jSO CEC17";
dim=10;
bound=1;
testID=9;
(*--------*)
min=0.;
max=100.;
median=100.;
mean=96.66666666666667;
std=18.257418583505547;
(*--------*)
data={100., 100., 100., 100., 100., 100., 100., 100., 100., 100., 100., 0., 100., 100., 100., 100., 100., 100., 100., 100., 100., 100., 100., 100., 100., 100., 100., 100., 100., 100.};