name="jSO CEC17";
dim=10;
bound=2;
testID=4;
(*--------*)
min=0.;
max=0.24122519;
median=0.071520185;
mean=0.09103600266666664;
std=0.0862458627707031;
(*--------*)
data={0., 0.17745942, 0.05567836, 0., 0.06416929, 0.16603502, 0.1456903, 0.16631717, 0., 0.21061665, 0., 0., 0.24122519, 0.08373993, 0., 0.2136686, 0.16411114, 0.1014287, 0.18721448, 0., 0.16636238, 0.02965978, 0.18004964, 0.06938078, 0., 0.07365959, 0., 0.01017592, 0., 0.22443774};