name="jSO CEC17";
dim=10;
bound=2;
testID=10;
(*--------*)
min=100.00501192;
max=397.74286947;
median=100.06891282500001;
mean=160.96665076866665;
std=108.95537769035374;
(*--------*)
data={200., 100.00733439, 100.00660001, 300., 100.073856, 100.74879037, 100.03247607, 200., 101.39499931, 397.74286947, 100.01077773, 397.74286947, 100.00965319, 100.02254129, 100.29031643, 397.74286947, 100.0226028, 100.95733686, 300., 134.17795494, 100.06396965, 100.10031195, 100.01530871, 100.01147214, 100.0056578, 397.74286947, 100.00501192, 100.01413505, 100.00529326, 100.05164531};