name="jSO CEC17";
dim=10;
bound=2;
testID=5;
(*--------*)
min=0.;
max=1.20310204;
median=0.20814936;
mean=0.3230407086666666;
std=0.2563775828955452;
(*--------*)
data={0.20814298, 0.41628597, 0., 0.41628597, 0.20814298, 0.41628597, 0., 0.41628597, 0.20814298, 0.20814298, 0.20815574, 0., 0.20814298, 0.41628597, 1.20310204, 0., 0.41628597, 0.41628597, 0.20814298, 0.41628597, 0.99495906, 0.41628597, 0.41628597, 0.41628597, 0.20814298, 0.20814298, 0.20814298, 0.20814298, 0.41628597, 0.20814298};