name="jSO CEC17";
dim=10;
bound=4;
testID=6;
(*--------*)
min=0.04642314;
max=1.08237401;
median=0.47681995;
mean=0.49253318366666676;
std=0.2762971702857432;
(*--------*)
data={0.90795472, 0.66038314, 0.1112666, 0.40413211, 0.7065191, 0.04642314, 0.52322914, 0.48026472, 0.51701549, 0.27520811, 0.86521636, 0.42144258, 0.26413878, 0.2957767, 0.27087616, 0.72242017, 0.70727551, 0.24092966, 0.27052073, 0.7299626, 0.06627028, 0.47337518, 0.45720104, 0.68779332, 0.49587515, 0.34247505, 0.07436837, 1.08237401, 0.7692285, 0.90607909};