name="jSO CEC17";
dim=10;
bound=0;
testID=5;
(*--------*)
min=0.;
max=1.41124503;
median=0.20814298;
mean=0.23980349066666662;
std=0.31400387858380935;
(*--------*)
data={0.20814298, 0.20814298, 0.20814298, 0.99495906, 0.00061187, 0.20814298, 0., 0.20814298, 0., 0., 0., 1.41124503, 0.20814298, 7.*^-8, 0., 0., 0., 0.20814298, 0.20814301, 0.20814298, 0.41628597, 0.20814298, 0., 0., 0.41628597, 0.20814298, 0.41628604, 0.41628597, 0.62442895, 0.20814298};