name="jSO CEC17";
dim=10;
bound=0;
testID=7;
(*--------*)
min=1.08*^-6;
max=0.62734752;
median=0.001268175;
mean=0.07588170900000003;
std=0.1772020126614805;
(*--------*)
data={0.62734752, 0.31294073, 0.00024216, 0.62587437, 0.00210194, 2.3*^-6, 0.02852313, 0.00003818, 1.95*^-6, 0.00300766, 0.31658846, 1.18*^-6, 0.00983627, 0.00768891, 0.00030454, 0.00006819, 0.31431728, 0.00616984, 0.00017469, 0.00137636, 0.00416406, 0.00044951, 0.00017724, 1.08*^-6, 0.0010197, 0.0011415, 0.00002842, 0.00115999, 0.00744975, 0.00425436};