name="jSO CEC17";
dim=10;
bound=2;
testID=2;
(*--------*)
min=0.06245444;
max=3.47741513;
median=0.18736332;
mean=0.31005263566666663;
std=0.603617931689503;
(*--------*)
data={0.06245444, 0.24981776, 0.24981776, 0.18736332, 0.3752254, 0.18736332, 0.18736332, 0.18736332, 0.12490888, 0.18736332, 0.18736332, 0.12490888, 0.12490888, 0.12490888, 0.39012887, 0.18736332, 0.18736332, 0.12490888, 0.12490888, 0.31227221, 0.31227221, 0.12490888, 0.12490888, 0.24981776, 0.24981776, 3.47741513, 0.31227221, 0.24981776, 0.18736332, 0.12490888};