name="jSO CEC17";
dim=10;
bound=4;
testID=10;
(*--------*)
min=100.00437436;
max=397.74286947;
median=100.104713575;
mean=169.74882320433332;
std=111.20912484261527;
(*--------*)
data={100.01902872, 100.00731035, 100.01500825, 200., 397.74286947, 100.00437436, 100.03647419, 200., 100.03985692, 100.03504525, 100.01540917, 397.74286947, 200., 100.2024475, 300., 300., 397.74286947, 100.2196467, 100.02510583, 100.11104486, 100.00946096, 100.01216619, 100.09838229, 100.01612562, 100.39279748, 300., 397.74286947, 100.0793773, 100.14410644, 100.01004987};