name="jSO CEC17";
dim=10;
bound=0;
testID=2;
(*--------*)
min=0.06245444;
max=6.89237582;
median=0.24981776;
mean=0.9140735689999998;
std=1.6251270658903803;
(*--------*)
data={0.18736332, 0.31227221, 0.43718109, 0.37472665, 0.12490888, 0.18736332, 0.18736332, 0.06245444, 0.12490888, 0.12490888, 0.12490888, 0.49963553, 3.60232401, 0.31227221, 0.12490888, 3.72723289, 0.12490888, 0.18736332, 0.31227221, 0.37472665, 3.60232401, 0.37472665, 0.31227221, 0.24981776, 0.24981776, 6.89237582, 0.18736332, 0.24981776, 3.53986957, 0.24981776};