name="jSO CEC17";
dim=10;
bound=1;
testID=7;
(*--------*)
min=0.;
max=0.64056999;
median=0.0045299;
mean=0.06834194399999999;
std=0.1527395621465395;
(*--------*)
data={0.00333953, 0.00869766, 0.00664487, 0.00010483, 0.3287408, 0.00537546, 0.31314683, 0.0000111, 0., 0.00368434, 0.02531947, 0.0174525, 0.00250465, 0.00106024, 0.00537551, 0.01859844, 0.00876545, 0.00252239, 0.64056999, 0.00016146, 0.00014269, 0.0109191, 0.00003431, 0.01639568, 0.31729414, 0.00016735, 0.00005387, 2.6*^-7, 0.31234635, 0.00082905};