name="jSO CEC17";
dim=10;
bound=5;
testID=10;
(*--------*)
min=0.;
max=397.74286947;
median=100.0791289;
mean=172.908169627;
std=122.11313647300061;
(*--------*)
data={0., 100.06025207, 100.00944262, 200., 100.09941737, 200., 100.02009728, 397.74286947, 100.0199004, 200., 100.09350631, 397.74286947, 100.08935734, 100.00983928, 100.02610994, 397.74286947, 200., 397.74286947, 100.01573151, 100.02820726, 100.00945049, 200., 397.74286947, 100.15117564, 397.74286947, 100.03784838, 100.01786422, 100.06890046, 100.01983333, 100.01093809};