name="jSO CEC17";
dim=10;
bound=4;
testID=2;
(*--------*)
min=0.06245444;
max=3.66477845;
median=0.24981776;
mean=0.6704511403333331;
std=1.1657906888968876;
(*--------*)
data={0.24981776, 0.31227221, 0.13460849, 0.18736332, 0.18736332, 0.18740336, 0.06245444, 0.06245444, 0.18736332, 3.47741513, 0.24981776, 0.18736332, 0.31227221, 0.18736332, 3.66477845, 3.60232401, 0.18736332, 0.24981776, 0.24981776, 0.24981776, 0.18736332, 0.32341663, 0.18736332, 3.60232401, 0.24981776, 0.31227221, 0.18736332, 0.31227221, 0.18736332, 0.37472665};