name="jSO CEC17";
dim=10;
bound=2;
testID=8;
(*--------*)
min=0.;
max=11.56305735;
median=0.;
mean=1.54174098;
std=3.9978797123372507;
(*--------*)
data={0., 0., 0., 0., 11.56305735, 0., 0., 11.56305735, 0., 0., 0., 0., 0., 0., 0., 0., 0., 11.56305735, 0., 0., 0., 0., 0., 0., 11.56305735, 0., 0., 0., 0., 0.};