name="jSO CEC17";
dim=10;
bound=5;
testID=6;
(*--------*)
min=0.0288674;
max=0.92612677;
median=0.48444903500000003;
mean=0.5042339893333332;
std=0.24697994667838355;
(*--------*)
data={0.89726616, 0.53538944, 0.75546651, 0.4133325, 0.61532592, 0.24107988, 0.10995985, 0.71697176, 0.20761478, 0.82228921, 0.0288674, 0.62388705, 0.22305748, 0.76596, 0.92612677, 0.31848488, 0.66426855, 0.46452293, 0.27433458, 0.41063699, 0.81659421, 0.23180296, 0.35589834, 0.63817966, 0.42473282, 0.4570805, 0.61109013, 0.80807164, 0.50437514, 0.26435164};