name="jSO CEC17";
dim=10;
bound=1;
testID=5;
(*--------*)
min=0.;
max=12.37605713;
median=0.20814298;
mean=1.0332134680000002;
std=2.990747607573014;
(*--------*)
data={0.41628597, 11.58924105, 0.20814298, 0.41628597, 0.41628597, 0.20814298, 0., 0.20814298, 0., 0.20814328, 0., 0.20814298, 1.41124503, 0., 0.20814298, 0.20814298, 0.41628597, 0.20814298, 0., 0.20814298, 0., 0., 0.62442895, 0.20814298, 12.37605713, 0.20814298, 0., 0.41628597, 0.41628597, 0.20814298};