name="jSO CEC17";
dim=10;
bound=3;
testID=3;
(*--------*)
min=0.;
max=10.72587714;
median=10.36692077;
mean=8.395947913000002;
std=3.6791727373401804;
(*--------*)
data={0., 0.99495906, 10.72587714, 10.46133964, 4.52993764, 10.36692077, 1.2579772, 10.36692077, 10.36692077, 10.46133964, 10.36692077, 10.36692077, 10.36692077, 7.0962783, 3.12196, 10.36692077, 10.46133964, 10.36692077, 10.46133964, 10.72587714, 10.65845083, 10.36692077, 10.46133964, 3.64819358, 10.36692077, 10.6242561, 10.43588814, 0.99495906, 10.36692077, 10.72099653};