name="jSO CEC17";
dim=10;
bound=2;
testID=6;
(*--------*)
min=0.0267333;
max=0.97295139;
median=0.40820174;
mean=0.403557204;
std=0.24181019256167896;
(*--------*)
data={0.48222121, 0.26807814, 0.0405601, 0.65686682, 0.296409, 0.48547429, 0.03079696, 0.06242261, 0.24339982, 0.31426009, 0.47357505, 0.41038987, 0.52080273, 0.29003401, 0.0267333, 0.46801766, 0.97295139, 0.40601361, 0.20204065, 0.54706672, 0.90043948, 0.4740801, 0.16618322, 0.76708843, 0.26804576, 0.33586384, 0.49879771, 0.45601825, 0.74707769, 0.29500761};