name="jSO CEC17";
dim=10;
bound=4;
testID=4;
(*--------*)
min=0.;
max=0.23802484;
median=0.030490495;
mean=0.07135031633333333;
std=0.08061557060950117;
(*--------*)
data={0.10284441, 0.14898679, 0., 0.15807035, 0.05554801, 0.18070054, 0.23802484, 0.15108192, 0., 0.07367957, 0.02975488, 0., 0.03009562, 0., 0., 0., 0.03088537, 0.18742877, 0.1886555, 0.18227236, 0.01981916, 0., 0., 0.03204518, 0., 0., 0.16194789, 0., 0.16866833, 0.};