name="jSO CEC17";
dim=10;
bound=1;
testID=4;
(*--------*)
min=0.;
max=0.21921232;
median=0.062337975000000004;
mean=0.083875785;
std=0.08067061268772295;
(*--------*)
data={0.08184107, 0., 0.04078863, 0.18507577, 0.09389947, 0.17924618, 0.01320751, 0.04164441, 0.15341945, 0.0098769, 0.11499208, 0.08692961, 0.03786416, 0., 0.21921232, 0.06496369, 0., 0.16478438, 0., 0.05971226, 0.17765361, 0., 0., 0.20015196, 0., 0.2025514, 0.0098769, 2.2*^-7, 0.21229812, 0.16628345};