name="jSO CEC17";
dim=10;
bound=3;
testID=5;
(*--------*)
min=0.;
max=1.41124503;
median=0.20814298;
mean=0.27294839133333326;
std=0.330420339014804;
(*--------*)
data={0.41628597, 0.99495906, 0., 0., 0.20814298, 0., 0.20814298, 0.20814298, 0., 0.41628597, 0.20814298, 0.20814298, 0.20814298, 1.41124503, 0.99495906, 0.20814298, 0.20814298, 0.20814298, 0., 0., 0.20814298, 0.20814298, 0.20814298, 0.41628597, 0., 0., 0., 0.20814298, 0.41628597, 0.41628597};