name="jSO CEC17";
dim=10;
bound=0;
testID=3;
(*--------*)
min=0.61219116;
max=11.03132621;
median=10.36692077;
mean=9.445180309333333;
std=2.550440540520508;
(*--------*)
data={8.39702118, 10.36692077, 10.46133964, 0.61219116, 10.36692077, 10.36692077, 10.46133964, 10.36692077, 11.03132621, 10.36692077, 3.97983879, 10.36692077, 10.43588814, 10.36692077, 10.36692077, 10.36692077, 10.72587714, 10.36692077, 10.88926338, 10.65845083, 10.65845083, 10.36692077, 10.36692077, 3.00115751, 10.36692077, 9.75309953, 6.06535722, 10.72099653, 10.36692077, 10.36692077};