name="jSO CEC17";
dim=10;
bound=4;
testID=7;
(*--------*)
min=6.*^-8;
max=0.62434843;
median=0.00074339;
mean=0.04477422166666666;
std=0.1348599212481554;
(*--------*)
data={0.00016918, 0.01493504, 0.00063735, 0.00002642, 0.0006677, 0.01064464, 0.02058683, 0.0008889, 0.31483207, 0.0023471, 0.00078472, 0.00002978, 0.01586187, 0.01098152, 6.55*^-6, 0.00005026, 1.35*^-6, 0.62434843, 0.00066495, 6.*^-8, 0.00428721, 0.00218831, 0.31219164, 0.00031202, 0.00003202, 4.98*^-6, 0.00010511, 0.00209251, 0.00070206, 0.00284607};