name="jSO CEC17";
dim=10;
bound=3;
testID=10;
(*--------*)
min=100.00534011;
max=397.74286947;
median=100.096674175;
mean=133.31791247833334;
std=87.88720431835637;
(*--------*)
data={100.00630028, 100.06812181, 300., 100.57650158, 100.0295472, 100.23410699, 100.49957182, 100.21782638, 100.10806986, 300., 100.03423819, 100.25163412, 100.01292466, 100.01129571, 100.04509643, 100.09914055, 100.02280392, 100.00534011, 100.01805939, 100.02311457, 100.06342231, 100.0942078, 397.74286947, 397.74286947, 100.013146, 100.5046362, 100.11695034, 100.52351605, 100.4354729, 100.03659024};