name="jSO CEC17";
dim=10;
bound=0;
testID=10;
(*--------*)
min=100.00742648;
max=397.74286947;
median=100.05654266;
mean=139.92983170366662;
std=92.74928758698641;
(*--------*)
data={100.01935756, 100.02142726, 100.01467218, 100.25371549, 100.18099285, 100.47659966, 100.02047063, 300., 397.74286947, 100.00742648, 100.01241862, 100.07776739, 100.03622403, 397.74286947, 100.34185137, 300., 100.02221549, 100.0266184, 300., 100.27520978, 100.10573163, 100.06656601, 100.19260505, 100.04806342, 100.00928366, 100.04343053, 100.03808705, 100.0650219, 100.03052138, 100.02293435};