name="jSO CEC17";
dim=10;
bound=1;
testID=2;
(*--------*)
min=0.06245444;
max=3.84431348;
median=0.24981776;
mean=1.0271566106666663;
std=1.495962833259735;
(*--------*)
data={3.66477845, 0.12490888, 3.72723289, 0.12490888, 0.18736332, 3.60232401, 0.18736332, 0.31227221, 0.18736332, 0.24981776, 0.18736332, 0.18736332, 3.65695016, 3.66477845, 0.18736332, 0.06245444, 0.18736332, 0.43718109, 0.18736332, 0.12592435, 0.24981776, 0.31227221, 0.24981776, 3.65695016, 0.06245444, 0.43718109, 0.24981776, 0.18736332, 0.31227221, 3.84431348};