name="jSO CEC17";
dim=10;
bound=1;
testID=6;
(*--------*)
min=0.14189112;
max=1.13290972;
median=0.496900425;
mean=0.5496299370000002;
std=0.2681667474542716;
(*--------*)
data={0.93548367, 0.34711613, 0.19427532, 0.22042906, 0.18440873, 0.45219597, 0.54183844, 0.41938505, 0.61575084, 0.85393387, 0.50819158, 0.48409868, 0.41394552, 0.88349859, 0.6121279, 1.02810044, 0.54988568, 0.81349026, 0.9216069, 1.13290972, 0.33791307, 0.25106483, 0.48560927, 0.78844777, 0.56553807, 0.24655204, 0.14189112, 0.66203629, 0.46618291, 0.43099039};