name="jSO CEC17";
dim=10;
bound=3;
testID=2;
(*--------*)
min=0.06245444;
max=6.89237582;
median=0.18736332;
mean=1.2113808496666667;
std=1.8126934090496138;
(*--------*)
data={0.12490888, 4.34327507, 2.96148827, 0.18736332, 0.18736332, 0.24981776, 0.18736332, 0.06245444, 3.41496069, 0.88503539, 0.31227221, 0.24981776, 0.18736332, 3.53986957, 0.12490888, 0.12490888, 0.18736332, 0.12490888, 0.12490888, 0.12490888, 0.12490888, 0.24981776, 0.18736332, 3.53986957, 0.06245444, 0.18736332, 0.18736332, 3.47741513, 3.72723289, 6.89237582};