name="jSO CEC17";
dim=10;
bound=3;
testID=9;
(*--------*)
min=0.;
max=100.;
median=100.;
mean=83.33333333333333;
std=37.90490217894517;
(*--------*)
data={100., 100., 100., 100., 0., 100., 100., 100., 100., 100., 0., 100., 100., 100., 100., 100., 100., 100., 100., 100., 100., 0., 100., 0., 100., 100., 0., 100., 100., 100.};