name="jSO CEC17";
dim=10;
bound=1;
testID=3;
(*--------*)
min=0.;
max=10.79484451;
median=10.36692077;
mean=8.261076249666669;
std=4.095701704079786;
(*--------*)
data={10.36692077, 0., 10.36692077, 10.46133964, 2.82605617, 5.36571454, 10.36692077, 10.43588814, 10.36692077, 10.79484451, 10.36692077, 10.36692077, 10.46133964, 0., 10.53030701, 10.46133964, 10.36692077, 10.46133964, 10.46133964, 10.36692077, 10.36692077, 10.43588814, 10.36692077, 0., 0., 0., 10.36692077, 10.36692077, 10.36692077, 10.36692077};