name="jSO CEC17";
dim=10;
bound=5;
testID=9;
(*--------*)
min=0.;
max=100.;
median=100.;
mean=77.51615109366666;
std=41.68306155662121;
(*--------*)
data={100., 0., 100., 0., 100., 0., 100., 100., 0., 100., 100., 100., 100., 100., 100., 100., 100., 100., 100., 100., 100., 0., 100., 25.48453281, 100., 100., 100., 100., 100., 0.};