name="jSO CEC17";
dim=10;
bound=4;
testID=8;
(*--------*)
min=0.;
max=11.56305737;
median=0.;
mean=2.3126114706666665;
std=4.704292308941744;
(*--------*)
data={0., 0., 0., 0., 0., 0., 0., 0., 11.56305737, 0., 11.56305735, 11.56305735, 0., 0., 0., 0., 0., 0., 0., 0., 11.56305735, 0., 0., 0., 11.56305735, 0., 11.56305735, 0., 0., 0.};