name="jSO CEC17";
dim=10;
bound=5;
testID=3;
(*--------*)
min=0.;
max=10.81107313;
median=10.36692077;
mean=9.636356069333338;
std=2.298816356340906;
(*--------*)
data={5.02706502, 8.23174145, 10.43588814, 9.73987302, 10.36692077, 10.36692077, 10.65202916, 10.46133964, 10.36692077, 10.53030701, 10.43588814, 10.36692077, 10.36692077, 10.46133964, 10.36692077, 10.36692077, 0., 10.36692077, 10.53030701, 10.36692077, 10.36692077, 10.36692077, 10.36692077, 10.65202916, 10.36692077, 10.36692077, 10.43588814, 10.46133964, 10.81107313, 5.087683};