name="jSO CEC17";
dim=10;
bound=3;
testID=8;
(*--------*)
min=0.;
max=11.56305735;
median=0.;
mean=2.698050116333333;
std=4.9742295679963515;
(*--------*)
data={0., 0., 0., 0., 0., 0., 0., 0., 11.56305735, 0., 0., 11.56305735, 11.56305735, 11.56305735, 0., 11.56305735, 0.00010204, 0., 0., 0., 0., 0., 0., 0., 0., 0., 0., 11.56305735, 0., 11.56305735};