name="jSO CEC17";
dim=10;
bound=4;
testID=9;
(*--------*)
min=0.;
max=100.;
median=100.;
mean=83.77353098933332;
std=36.96888801275517;
(*--------*)
data={100., 100., 100., 100., 0., 100., 0., 100., 100., 100., 100., 13.20592968, 100., 100., 100., 100., 100., 100., 100., 0., 100., 0., 100., 100., 100., 100., 100., 100., 100., 100.};