name="jSO CEC17";
dim=10;
bound=4;
testID=3;
(*--------*)
min=0.;
max=10.76678872;
median=10.36692077;
mean=7.844639921666668;
std=4.2171979032453235;
(*--------*)
data={10.36692077, 1.60715022, 10.46133964, 10.5977228, 10.43588814, 10.36692077, 0., 10.36692077, 10.43588814, 10.36692077, 10.50330393, 10.43588814, 10.53030701, 7.15538816, 10.36692077, 10.36692077, 0., 10.36692077, 10.43588814, 2.60742527, 10.46133964, 10.46133964, 0., 10.76678872, 10.65202916, 1.98991986, 10.36692077, 10.36692077, 1.50434505, 0.99495906};