name="jSO CEC17";
dim=10;
bound=1;
testID=8;
(*--------*)
min=0.;
max=11.56305912;
median=0.;
mean=2.698046774333333;
std=4.974231585867775;
(*--------*)
data={0., 11.56305736, 0., 11.56305735, 11.56305735, 11.56305735, 0., 0., 11.56305912, 0., 0., 0., 0., 0., 0., 11.56305735, 0., 0., 11.56305735, 0., 0., 0., 0., 0., 0., 0., 0., 0., 0., 0.};