name="jSO CEC17";
dim=10;
bound=2;
testID=3;
(*--------*)
min=0.;
max=10.8154154;
median=10.36692077;
mean=7.390123775000002;
std=4.482925344773875;
(*--------*)
data={0., 1.98991811, 10.36692077, 10.46133964, 3.59706833, 5.02242076, 10.43588814, 10.46133964, 0.99495906, 10.44326144, 10.36692077, 0., 10.36692077, 10.65202916, 10.36692077, 1.50434505, 10.46133964, 10.36692077, 0., 10.36692077, 10.36692077, 10.36692077, 10.8154154, 10.36692077, 10.36692077, 10.46133964, 0., 10.36692077, 0., 10.36692077};