name="jSO CEC17";
dim=10;
bound=5;
testID=7;
(*--------*)
min=1.12*^-6;
max=0.32996455;
median=0.00127561;
mean=0.05537946399999998;
std=0.11916801985670654;
(*--------*)
data={0.00298119, 0.00065524, 0.31276803, 0.00456544, 5.9*^-6, 0.00611058, 0.01639374, 0.01271627, 1.12*^-6, 0.00412701, 0.00086455, 7.32*^-6, 0.00005262, 0.00118745, 0.31365211, 0.00027192, 0.01693507, 0.32996455, 0.00136377, 0.00149889, 0.00029669, 0.00036199, 0.00027737, 3.07*^-6, 0.00054296, 0.0008985, 0.00001118, 0.31434477, 0.00368785, 0.31483677};