name="jSO CEC17";
dim=10;
bound=3;
testID=4;
(*--------*)
min=0.;
max=0.2676214;
median=0.080169645;
mean=0.10042872466666664;
std=0.082436951311472;
(*--------*)
data={0.24783025, 0.24296649, 0.07062783, 0.06516023, 0.082819, 0.08177629, 0.0401106, 0.05412564, 0.0328989, 0., 0., 0.05034284, 0., 0.078563, 0., 0.04834435, 0.04007407, 0.15783475, 0.2194887, 0., 0.15527813, 0.01981916, 0.1344504, 0.09508277, 0.16949596, 0.2676214, 0.17267677, 0.21776006, 0.13724713, 0.13046702};