name="jSO CEC17";
dim=10;
bound=0;
testID=6;
(*--------*)
min=0.06532815;
max=0.92373985;
median=0.349740705;
mean=0.40601116466666665;
std=0.21737266079047607;
(*--------*)
data={0.71992187, 0.24031016, 0.72071645, 0.76770794, 0.34569736, 0.49355766, 0.16930813, 0.27098759, 0.18720075, 0.31257646, 0.52597303, 0.08856327, 0.22934288, 0.92373985, 0.60490382, 0.48648109, 0.06532815, 0.28506674, 0.61342796, 0.35378405, 0.48505064, 0.30236258, 0.47077462, 0.58623842, 0.32481877, 0.08053786, 0.52415992, 0.26809963, 0.49552039, 0.2381769};