name="jSO CEC17";
dim=10;
bound=5;
testID=5;
(*--------*)
min=0.;
max=1.61938801;
median=0.20814298;
mean=0.35620558533333324;
std=0.4036237409737106;
(*--------*)
data={0., 0.20814299, 0.41628597, 0., 0.41628597, 0.20814298, 0.41628597, 0.20814298, 0.41628597, 0.20814298, 0.20814298, 1.41124503, 0.20814298, 0.41628597, 0.20814298, 0.20814298, 0.41628597, 0.62442895, 0.20814298, 0.20814298, 1.20310204, 0.41628597, 0., 0.20814298, 0., 0., 0.62442895, 1.61938801, 0., 0.};