name="jSO CEC17";
dim=10;
bound=5;
testID=2;
(*--------*)
min=0.;
max=6.89237582;
median=0.18736332;
mean=0.6196552359999997;
std=1.4527625865032265;
(*--------*)
data={0., 0.18736332, 0.18736332, 0.24981776, 0.12490888, 3.41496069, 0.06245444, 3.53986957, 0.12490888, 0.31227221, 0.24981776, 0.24981776, 0.06245444, 0.12490888, 0.18736332, 0.24981776, 0., 0.18736332, 0.31227221, 0.24981776, 0.18736332, 0.24981776, 0.18771935, 0.12490889, 0.1010822, 0.24981776, 6.89237582, 0.12490888, 0.12490888, 0.26920194};