name="jSO CEC17";
dim=10;
bound=5;
testID=8;
(*--------*)
min=0.;
max=11.56305736;
median=0.;
mean=1.5417409803333333;
std=3.997879713201616;
(*--------*)
data={0., 11.56305735, 0., 11.56305735, 0., 0., 0., 0., 0., 0., 0., 0., 0., 11.56305735, 0., 0., 0., 0., 0., 0., 0., 0., 0., 0., 0., 0., 0., 0., 0., 11.56305736};