name="jSO CEC17";
dim=10;
bound=3;
testID=6;
(*--------*)
min=0.02351496;
max=0.82306209;
median=0.43890204499999996;
mean=0.413008615;
std=0.22180600871360806;
(*--------*)
data={0.29953718, 0.04834412, 0.36441905, 0.45811382, 0.81102891, 0.60487707, 0.29713762, 0.38660798, 0.45090288, 0.63126552, 0.50059722, 0.03807918, 0.40879152, 0.51337534, 0.10969636, 0.02351496, 0.2570761, 0.23513517, 0.10987026, 0.26822154, 0.42690121, 0.65416997, 0.82306209, 0.58156948, 0.64669602, 0.64860098, 0.61273397, 0.22774095, 0.4734573, 0.47873468};