name="LSHADE-cnEpSin CEC17";
dim=50;
bound=0;
testID=28;
(*--------*)
min=455.69759;
max=506.06019;
median=456.63989;
mean=460.4264962745099;
std=13.36233791409662;
(*--------*)
data={505.67203, 456.5878, 457.23419, 455.69759, 456.5015, 457.03761, 457.46632, 456.16787, 456.80917, 455.86407, 457.09194, 456.33531, 456.32257, 456.04977, 455.756, 456.8405, 456.92105, 456.94326, 456.22042, 457.26826, 457.05315, 456.1626, 456.29112, 457.77877, 456.86786, 457.04719, 456.03312, 456.09181, 456.70587, 456.05422, 456.00696, 456.6311, 457.20811, 505.45312, 455.82649, 456.85314, 457.0062, 456.2003, 506.06019, 505.8004, 456.16434, 456.41803, 457.52447, 456.57119, 457.05974, 456.63989, 455.72799, 455.96811, 456.19062, 456.69361, 456.87437};