name="LSHADE-cnEpSin CEC17";
dim=50;
bound=1;
testID=4;
(*--------*)
min=1.6158602;
max=141.14967;
median=27.09903;
mean=50.15700668039215;
std=43.891195800780665;
(*--------*)
data={26.387807, 27.077104, 27.0169, 26.596267, 27.632166, 27.227429, 26.256314, 27.431688, 26.929642, 27.052479, 27.09903, 96.591411, 119.39075, 138.18115, 27.313915, 26.720335, 120.57863, 7.9743784, 27.040444, 96.834654, 27.002048, 27.413955, 7.9394737, 26.737346, 119.74096, 7.9893352, 140.87729, 95.011938, 26.811991, 26.934015, 140.20033, 96.098556, 27.472801, 26.952024, 26.951202, 8.0005442, 141.14967, 26.89823, 26.898305, 27.083064, 27.151192, 31.117511, 27.237631, 96.675896, 113.879, 26.959486, 27.22844, 26.6403, 1.6158602, 140.87853, 27.127923};