name="LSHADE-cnEpSin CEC17";
dim=50;
bound=1;
testID=17;
(*--------*)
min=102.64576;
max=485.5381;
median=287.33364;
mean=290.04152411764716;
std=86.6055508655113;
(*--------*)
data={156.04432, 260.34263, 217.24464, 102.64576, 355.62854, 251.79437, 247.68958, 329.29858, 223.43078, 294.08942, 396.75476, 242.56542, 287.33364, 323.23335, 267.28317, 296.03103, 276.82608, 279.16029, 364.34392, 359.51319, 230.31996, 247.07078, 384.9701, 252.5294, 287.88091, 299.42867, 372.62807, 141.35587, 293.8179, 323.04066, 103.24359, 383.01034, 348.72164, 354.78533, 274.61965, 485.5381, 321.63107, 230.09732, 264.50785, 163.61103, 259.18538, 216.37496, 387.08688, 466.59199, 265.9995, 182.55298, 325.76391, 347.45936, 175.44642, 426.58435, 445.01029};