name="LSHADE-cnEpSin CEC17";
dim=50;
bound=1;
testID=13;
(*--------*)
min=12.67626;
max=146.66755;
median=87.394205;
mean=80.72592515686276;
std=36.06624248781586;
(*--------*)
data={122.08995, 103.39789, 104.56624, 122.93873, 15.007768, 42.326349, 102.81918, 117.35787, 18.321778, 51.313516, 103.56775, 86.053218, 44.12662, 74.937936, 96.807986, 81.933688, 45.44333, 110.05557, 44.912309, 13.978677, 44.533856, 47.199933, 69.299822, 113.52313, 39.98261, 55.645859, 50.468009, 54.882477, 118.77571, 46.3411, 111.39897, 113.97972, 46.428175, 46.566201, 116.28165, 113.29811, 108.83921, 56.723364, 62.749174, 146.66755, 110.4486, 107.12016, 114.32866, 125.95968, 103.65702, 111.41295, 87.394205, 114.36725, 121.59004, 42.526373, 12.67626};