name="LSHADE-cnEpSin CEC17";
dim=50;
bound=4;
testID=18;
(*--------*)
min=21.884575;
max=28.542393;
median=24.210219;
mean=24.56746784313726;
std=1.6284200843810097;
(*--------*)
data={25.48509, 26.609066, 27.564385, 24.029763, 23.226516, 28.542393, 23.260258, 22.963468, 23.165967, 24.382454, 23.051973, 24.931803, 24.462125, 23.803081, 22.756413, 23.520205, 23.769614, 22.52152, 24.413613, 23.834208, 23.800594, 23.917754, 22.909637, 21.884575, 23.527554, 24.197448, 25.875579, 25.892203, 24.641194, 25.523504, 25.888224, 23.540538, 28.52721, 22.29428, 24.192534, 26.180271, 24.210219, 24.334545, 27.26467, 24.935707, 22.256585, 23.693951, 27.984922, 24.658694, 26.628903, 23.479209, 26.049976, 22.577335, 24.846192, 25.352613, 25.580325};