name="LSHADE-cnEpSin CEC17";
dim=50;
bound=2;
testID=15;
(*--------*)
min=20.208795;
max=33.568536;
median=24.727352;
mean=25.073261843137253;
std=3.0931840818872085;
(*--------*)
data={28.388312, 22.965827, 28.059841, 21.483371, 23.879997, 25.750252, 22.034549, 26.724949, 24.727352, 27.351513, 22.00435, 25.871892, 23.007645, 22.917398, 33.568536, 27.441541, 23.630048, 24.301845, 26.034643, 23.194675, 27.687758, 28.183997, 24.242728, 30.038626, 21.008531, 20.208795, 20.383086, 26.896988, 25.64088, 24.413061, 23.09376, 26.974476, 26.039187, 27.314161, 22.045926, 31.472307, 31.430867, 28.410747, 23.986776, 22.0636, 26.749933, 24.879895, 24.489211, 28.778192, 21.072269, 20.747118, 22.617523, 25.932313, 21.243859, 21.724047, 25.627201};