name="LSHADE-cnEpSin CEC17";
dim=50;
bound=1;
testID=18;
(*--------*)
min=20.590144;
max=29.143608;
median=23.803042;
mean=24.101279431372557;
std=1.8055639877464689;
(*--------*)
data={23.589799, 22.608667, 25.268465, 23.803042, 23.657644, 24.655268, 23.060631, 25.095407, 23.303174, 23.671817, 22.509685, 21.653118, 25.39898, 26.46749, 24.179243, 22.618105, 22.526057, 28.038559, 27.118578, 23.915609, 26.528783, 25.471488, 21.56249, 25.519525, 22.735022, 23.809829, 21.921444, 25.349821, 26.392818, 25.741465, 22.709162, 25.001714, 24.900747, 25.870402, 21.734946, 24.267333, 24.50065, 21.811168, 22.790369, 22.570775, 24.954002, 22.33309, 23.361039, 23.903628, 27.452148, 23.159206, 29.143608, 22.859623, 23.48558, 23.593894, 20.590144};