name="LSHADE-cnEpSin CEC17";
dim=50;
bound=0;
testID=19;
(*--------*)
min=13.074049;
max=24.096967;
median=18.211302;
mean=18.147423588235302;
std=2.3779268546118164;
(*--------*)
data={19.320262, 22.798689, 23.600814, 13.475164, 14.515063, 20.208684, 19.222627, 19.475627, 17.775992, 20.832708, 18.925464, 18.515348, 17.692806, 24.096967, 13.615446, 19.693639, 17.751591, 14.723332, 17.81429, 17.899891, 16.135175, 18.51003, 16.459106, 16.485681, 19.01324, 20.412483, 18.885105, 20.296272, 13.074049, 19.601038, 21.586537, 18.211302, 15.522695, 17.228334, 18.851218, 16.96154, 15.137956, 16.962389, 18.378043, 16.205053, 17.624068, 19.824501, 18.06924, 15.841222, 17.111187, 19.700836, 19.838118, 17.263236, 18.915989, 19.752759, 15.705797};