name="LSHADE-cnEpSin CEC17";
dim=50;
bound=0;
testID=10;
(*--------*)
min=2338.4516;
max=4037.3323;
median=3523.3682;
mean=3482.1955960784303;
std=333.49269507245884;
(*--------*)
data={3850.1085, 3818.6739, 3898.2203, 2977.4364, 3619.0409, 3478.7859, 3523.3682, 4037.3323, 3971.1245, 3693.3513, 3297.2846, 3738.0558, 3076.7405, 3308.8656, 3552.6544, 2787.3262, 3388.0029, 3351.6443, 3148.8322, 3714.3277, 3722.898, 3675.8909, 3694.6454, 3528.0823, 3368.8599, 3392.8714, 2338.4516, 3240.6096, 3201.2757, 3277.6856, 3510.6, 3313.4106, 3837.4968, 3181.1278, 3112.048, 3820.0675, 3806.1932, 3910.4047, 3462.2554, 3911.3043, 3533.9405, 3571.0641, 3292.1272, 3530.4487, 3817.6064, 3844.05, 3396.5046, 3545.6765, 3004.8215, 3412.7716, 3105.6092};