name="LSHADE-cnEpSin CEC17";
dim=50;
bound=0;
testID=29;
(*--------*)
min=339.50558;
max=387.05103;
median=362.96176;
mean=361.79859078431355;
std=9.630180877972926;
(*--------*)
data={358.5409, 362.96176, 364.50064, 365.28824, 362.64773, 350.39586, 370.52862, 365.78184, 349.63593, 368.61927, 364.97876, 363.07957, 355.26379, 357.42973, 363.01092, 356.71407, 387.05103, 351.50338, 356.47735, 374.08555, 352.3946, 353.94536, 345.51051, 369.51744, 347.99422, 339.50558, 377.92816, 356.50521, 371.81816, 359.23016, 356.34144, 358.88407, 364.10207, 369.35384, 355.36179, 348.46448, 348.11486, 369.35971, 368.61977, 352.38432, 377.26036, 370.94961, 363.48395, 362.52371, 374.91586, 371.13093, 359.68811, 376.62876, 352.63083, 363.79729, 364.88803};