name="LSHADE-cnEpSin CEC17";
dim=50;
bound=1;
testID=24;
(*--------*)
min=506.33671;
max=533.19492;
median=514.67883;
mean=516.5394235294119;
std=6.165024368040993;
(*--------*)
data={511.20352, 514.51419, 515.85667, 519.87728, 512.78677, 512.99327, 528.58215, 513.62795, 519.88754, 511.96203, 512.01464, 514.99488, 506.33671, 508.58486, 514.40988, 514.93907, 512.77056, 511.35333, 510.86577, 518.42136, 515.40608, 516.7433, 507.90249, 517.06406, 530.75944, 515.71857, 514.94218, 514.39428, 524.01307, 527.33847, 514.41167, 513.42147, 514.12845, 527.8895, 511.35984, 513.90241, 515.66116, 524.34542, 513.62888, 515.15482, 523.12571, 512.69481, 512.63106, 515.70078, 516.27968, 513.85375, 533.19492, 526.85052, 529.14767, 514.67883, 511.18488};