name="LSHADE-cnEpSin CEC17";
dim=50;
bound=5;
testID=13;
(*--------*)
min=11.219691;
max=140.28876;
median=50.34313;
mean=67.13096405882354;
std=36.51013663861153;
(*--------*)
data={50.355182, 46.791879, 101.13849, 41.452955, 44.214261, 43.459869, 44.904372, 108.83295, 96.817484, 11.219691, 100.71496, 19.24775, 40.997141, 44.792289, 76.550348, 19.592444, 116.92045, 41.890795, 41.658344, 116.94037, 116.6109, 106.63396, 140.22902, 42.138439, 18.711563, 111.07732, 11.362973, 99.795494, 43.767346, 50.34313, 115.54037, 107.04518, 40.322872, 16.513633, 42.723855, 41.397564, 140.28876, 15.164091, 98.574107, 59.28059, 113.40139, 45.972319, 85.157891, 110.97711, 48.619197, 58.965303, 43.824956, 82.630646, 48.758564, 72.655709, 86.702891};