name="LSHADE-cnEpSin CEC17";
dim=50;
bound=0;
testID=24;
(*--------*)
min=500.27942;
max=529.32312;
median=513.63443;
mean=515.6895029411764;
std=7.519981787010469;
(*--------*)
data={510.06251, 523.95023, 512.00134, 512.62997, 529.32312, 524.87793, 514.21284, 507.89189, 513.63443, 505.84344, 513.6101, 521.7596, 509.41585, 514.82703, 524.64306, 510.15948, 524.46701, 509.45114, 523.29608, 500.27942, 515.51165, 527.82372, 507.61199, 525.07825, 508.11652, 520.21354, 521.96439, 511.95114, 509.84264, 511.65728, 516.62199, 527.63572, 516.21712, 509.94042, 504.5563, 509.40703, 525.19228, 520.89796, 510.90478, 509.02984, 523.26248, 520.47013, 504.93382, 526.70423, 523.39521, 508.62981, 523.49476, 506.29176, 522.93461, 512.35152, 511.18529};