name="LSHADE-cnEpSin CEC17";
dim=50;
bound=1;
testID=7;
(*--------*)
min=68.594592;
max=93.085759;
median=78.476946;
mean=80.47702696078431;
std=7.27675734765878;
(*--------*)
data={90.118945, 88.804514, 75.071076, 75.661114, 77.112888, 80.968743, 89.344411, 76.832, 89.511683, 79.299787, 93.085759, 71.243921, 79.361761, 71.468168, 84.886954, 68.594592, 73.96696, 71.771151, 73.286732, 88.241878, 74.093025, 89.484643, 83.802711, 82.694774, 74.621818, 73.308367, 78.476946, 76.5983, 92.677116, 86.761588, 88.156188, 85.016151, 76.882867, 70.319773, 89.355222, 73.328282, 71.934001, 78.379021, 91.384798, 85.446635, 89.441414, 71.699968, 80.447478, 91.6714, 77.520203, 70.75363, 77.991174, 88.046681, 74.94812, 74.261908, 86.191136};