name="LSHADE-cnEpSin CEC17";
dim=50;
bound=0;
testID=6;
(*--------*)
min=1.1986799*^-8;
max=3.732894*^-6;
median=2.9976468*^-7;
mean=6.502105549607842*^-7;
std=7.094025992643812*^-7;
(*--------*)
data={6.027135*^-7, 4.7942763*^-8, 4.7942763*^-8, 1.9193942*^-7, 9.5579708*^-8, 9.9063141*^-7, 1.5233644*^-6, 1.9177116*^-7, 1.9177116*^-7, 2.3865427*^-6, 1.9177116*^-7, 1.1453437*^-7, 3.732894*^-6, 1.19857*^-6, 1.9181141*^-7, 1.9177276*^-7, 4.7942763*^-8, 1.9177116*^-7, 9.709405*^-7, 7.6708477*^-7, 1.1985858*^-6, 1.2427246*^-6, 1.9177116*^-7, 4.314852*^-7, 1.19857*^-6, 1.9177116*^-7, 7.6708477*^-7, 7.6708477*^-7, 1.9177116*^-7, 3.107159*^-7, 1.9175908*^-6, 9.9063914*^-7, 1.9177116*^-7, 3.1068112*^-7, 1.9177116*^-7, 2.9965054*^-7, 1.0808253*^-7, 7.674671*^-7, 1.6261212*^-6, 1.474435*^-6, 1.2427246*^-6, 7.6708477*^-7, 2.9976468*^-7, 1.9177605*^-7, 7.4398065*^-7, 2.9964247*^-7, 9.3322353*^-7, 1.1986799*^-8, 4.7944127*^-8, 1.9177332*^-7, 1.9177116*^-7};