name="LSHADE-cnEpSin CEC17";
dim=50;
bound=5;
testID=29;
(*--------*)
min=342.52582;
max=391.94651;
median=363.14254;
mean=364.0490521568628;
std=10.367072048944639;
(*--------*)
data={379.17789, 360.63927, 360.78992, 378.49025, 362.84314, 371.47769, 353.85672, 376.03481, 365.69665, 360.9179, 359.42337, 374.59452, 379.85846, 355.04576, 367.8757, 367.57183, 356.78907, 377.14462, 356.17752, 347.41206, 348.32245, 358.47205, 349.56385, 363.14254, 342.52582, 364.42277, 354.94842, 363.22884, 366.22905, 358.31697, 374.47027, 360.57686, 358.35143, 354.75204, 356.29406, 364.31608, 368.97354, 391.94651, 367.8362, 355.86249, 384.00092, 369.48184, 358.26925, 373.33034, 369.2282, 368.35023, 365.5981, 356.03925, 354.90297, 382.77912, 350.15205};