name="LSHADE-cnEpSin CEC17";
dim=50;
bound=5;
testID=25;
(*--------*)
min=477.29255;
max=480.43761;
median=480.18911;
mean=480.1352149019608;
std=0.40812041335553123;
(*--------*)
data={480.21239, 480.20527, 480.18382, 480.15237, 480.18911, 480.17778, 480.18833, 480.19059, 480.19602, 480.12897, 480.178, 480.20567, 480.19207, 480.20351, 480.2731, 480.43761, 480.19862, 480.19314, 480.19404, 480.17652, 480.19619, 480.19159, 480.16137, 477.29255, 480.19356, 480.19063, 480.2027, 480.17434, 480.22727, 480.16197, 480.19506, 480.20755, 480.16903, 480.18781, 480.16646, 480.20775, 480.20668, 480.17486, 480.19656, 480.18544, 480.17133, 480.15764, 480.18881, 480.19913, 480.18682, 480.1593, 480.18459, 480.16809, 480.17837, 480.14484, 480.19074};