name="LSHADE-cnEpSin CEC17";
dim=50;
bound=1;
testID=6;
(*--------*)
min=0.;
max=4.3268385*^-6;
median=4.314852*^-7;
mean=7.955108158235296*^-7;
std=1.0556768291502876*^-6;
(*--------*)
data={1.9450916*^-6, 4.794299*^-8, 1.19857*^-6, 1.0787392*^-7, 4.3149817*^-7, 6.027135*^-7, 2.0062214*^-7, 4.3153807*^-7, 7.6708488*^-7, 4.7992785*^-8, 2.750971*^-6, 1.1453437*^-7, 2.5717109*^-6, 1.9177116*^-7, 3.5412329*^-6, 1.9177116*^-7, 2.9347508*^-6, 1.9177116*^-7, 4.314852*^-7, 1.9177116*^-7, 3.1068112*^-7, 4.8147399*^-8, 1.9177116*^-7, 2.9964247*^-7, 7.8468679*^-7, 4.314852*^-7, 4.5813772*^-7, 4.3318914*^-7, 1.1453437*^-7, 3.1068112*^-7, 4.7953677*^-8, 2.7890871*^-7, 3.1068657*^-7, 9.3378765*^-7, 5.8729927*^-7, 3.9465135*^-6, 4.3150044*^-7, 1.1453437*^-7, 4.7942763*^-8, 1.9173858*^-6, 1.474435*^-6, 4.7942763*^-8, 0., 9.9071121*^-7, 4.3268385*^-6, 6.027135*^-7, 6.027135*^-7, 2.9965179*^-7, 6.027135*^-7, 2.9964247*^-7, 4.3152227*^-7};