name="LSHADE-cnEpSin CEC17";
dim=50;
bound=5;
testID=12;
(*--------*)
min=640.70512;
max=1966.5312;
median=1383.6779;
mean=1364.5969029411767;
std=349.51721354213237;
(*--------*)
data={1420.9006, 1439.2542, 1034.9555, 1760.4898, 854.41625, 1750.8009, 1228.7777, 715.60961, 1601.9872, 1280.2094, 1947.7975, 1328.7095, 1249.1015, 1966.5312, 1324.8497, 1676.5126, 842.39716, 1396.3319, 640.70512, 1244.3447, 1431.9387, 1074.7801, 1360.0141, 1688.9105, 1186.7659, 1404.0842, 1747.5007, 1731.7663, 1548.4776, 979.50136, 1255.5094, 1857.8426, 1383.6779, 1609.4123, 1409.8003, 1196.3283, 1252.3092, 1675.2852, 756.52738, 1695.5456, 734.5942, 1620.2345, 1220.8243, 794.68295, 869.00652, 1311.1774, 1794.3357, 1672.4689, 1934.3447, 1407.8797, 1284.2335};