name="LSHADE-cnEpSin CEC17";
dim=50;
bound=0;
testID=11;
(*--------*)
min=17.991272;
max=27.668368;
median=22.241523;
mean=22.387364470588246;
std=1.9083008983915237;
(*--------*)
data={21.778066, 21.79327, 21.272545, 22.241523, 18.122091, 17.991272, 23.953165, 22.720349, 25.120169, 21.363893, 21.296537, 21.130991, 21.352604, 21.942932, 25.65845, 23.942963, 20.319333, 23.413201, 24.261969, 22.782382, 21.917174, 22.26555, 27.668368, 25.025497, 23.205158, 23.251438, 24.751725, 24.547775, 20.390108, 20.697805, 20.296324, 23.534835, 23.649059, 21.23062, 22.748641, 20.810059, 21.771835, 18.147987, 20.722022, 22.855289, 21.4897, 21.791815, 24.020703, 21.41808, 23.494351, 24.144508, 23.369041, 24.023325, 23.98547, 21.379587, 20.694034};