name="LSHADE-cnEpSin CEC17";
dim=50;
bound=1;
testID=15;
(*--------*)
min=20.366641;
max=36.314362;
median=25.261788;
mean=25.86026831372549;
std=3.8312808833207344;
(*--------*)
data={23.852309, 24.311022, 27.005622, 32.407685, 24.06381, 22.031596, 36.314362, 32.091538, 23.574309, 21.195838, 23.039242, 25.74611, 22.705204, 26.0661, 28.883529, 20.366641, 23.891803, 26.956846, 35.428837, 27.003827, 22.980142, 26.438768, 25.907281, 21.160443, 22.371581, 24.331244, 25.261788, 21.83453, 29.959928, 27.480429, 20.413886, 23.863923, 26.312254, 27.003087, 23.851209, 24.477291, 27.079513, 30.011266, 28.400881, 36.022415, 22.161414, 21.42935, 27.094254, 28.018817, 24.966018, 28.502283, 22.992454, 27.302752, 24.368064, 28.356751, 21.583438};