name="LSHADE-cnEpSin CEC17";
dim=50;
bound=2;
testID=16;
(*--------*)
min=151.27722;
max=637.22447;
median=370.19587;
mean=370.83688901960784;
std=124.79907202272982;
(*--------*)
data={151.27722, 367.3643, 633.15169, 322.85712, 392.39945, 363.94781, 371.90439, 349.97552, 458.37821, 180.82249, 279.32766, 377.49868, 440.6442, 465.44305, 389.4195, 318.88514, 155.60448, 283.88388, 405.18416, 396.90632, 482.97367, 269.10822, 364.97442, 389.89327, 507.98565, 510.09578, 351.66597, 259.12673, 175.28453, 540.85711, 297.76235, 256.26934, 586.33131, 533.60916, 388.085, 370.19587, 452.23733, 536.4569, 151.74769, 480.90227, 214.60082, 274.67191, 350.81748, 637.22447, 160.27279, 280.1579, 480.02321, 451.01703, 490.17871, 271.85368, 291.4255};