name="LSHADE-cnEpSin CEC17";
dim=50;
bound=5;
testID=7;
(*--------*)
min=65.93367;
max=94.841814;
median=79.153155;
mean=80.25465931372548;
std=7.1678108724673155;
(*--------*)
data={71.499578, 87.64431, 76.25157, 72.660251, 74.555477, 85.993006, 84.193559, 90.273036, 85.1567, 78.359453, 70.751335, 86.012443, 76.982226, 72.905134, 87.931403, 86.423015, 87.080452, 89.085215, 81.518193, 77.183783, 82.334981, 77.288318, 83.543666, 80.45917, 71.527413, 81.052076, 65.93367, 91.33665, 94.841814, 81.4883, 75.727884, 82.458733, 89.650093, 73.367828, 78.511068, 72.348329, 70.930473, 73.691088, 89.340633, 71.802204, 87.375146, 87.312375, 79.153155, 73.307731, 90.828866, 78.58974, 74.450522, 70.348206, 76.950962, 73.20425, 91.372142};