name="LSHADE-cnEpSin CEC17";
dim=50;
bound=3;
testID=5;
(*--------*)
min=11.790178;
max=40.925897;
median=29.706651;
mean=29.11964056862745;
std=7.7965557786780755;
(*--------*)
data={19.633405, 37.098489, 37.715198, 39.489862, 27.145491, 36.725172, 29.413239, 31.714277, 23.562719, 22.618042, 39.183058, 17.249647, 37.984599, 11.790178, 19.617398, 18.802316, 20.275565, 36.607186, 31.313848, 20.184034, 34.56629, 33.99157, 20.417581, 37.22658, 37.037711, 38.106038, 23.128877, 36.365071, 22.429582, 34.909051, 33.591978, 29.706651, 31.117397, 39.618263, 37.537934, 35.26562, 24.850576, 22.455501, 32.318171, 35.25196, 23.335463, 20.07163, 22.925022, 22.206985, 28.814303, 28.77545, 21.18318, 26.745568, 15.128287, 40.925897, 36.973759};