name="LSHADE-cnEpSin CEC17";
dim=50;
bound=4;
testID=17;
(*--------*)
min=83.28024;
max=436.33744;
median=276.40159;
mean=265.23206098039213;
std=96.09437990600199;
(*--------*)
data={281.51894, 265.55673, 165.17354, 125.13046, 413.01553, 298.33005, 285.60958, 303.02559, 331.67685, 232.85288, 112.45576, 295.13266, 427.46317, 257.07809, 265.04971, 316.85011, 83.28024, 335.48724, 341.86925, 164.6675, 105.45599, 101.00405, 373.73292, 266.05786, 297.42995, 380.09187, 336.06243, 172.35999, 118.81441, 190.73821, 246.55312, 304.82664, 150.25275, 225.64105, 194.47745, 316.90222, 256.17829, 368.8186, 340.42379, 330.67142, 431.50635, 107.06184, 276.40159, 112.47644, 359.02644, 436.33744, 259.83015, 385.69214, 287.77726, 250.82349, 242.18508};