name="LSHADE-cnEpSin CEC17";
dim=50;
bound=2;
testID=6;
(*--------*)
min=1.2006012*^-8;
max=5.8650302*^-6;
median=4.3935825*^-7;
mean=9.925183541960785*^-7;
std=1.1095514992055589*^-6;
(*--------*)
data={2.0541241*^-6, 4.3935825*^-7, 1.3589465*^-6, 4.795811*^-8, 1.9294384*^-7, 2.5716363*^-6, 1.9177116*^-7, 7.0127271*^-7, 1.19857*^-6, 4.314852*^-7, 2.9964247*^-7, 1.474435*^-6, 1.7259466*^-6, 5.8729927*^-7, 2.9691643*^-6, 4.314852*^-7, 1.2006012*^-8, 1.9177116*^-7, 1.9182517*^-7, 3.1069067*^-7, 2.0426*^-6, 1.9177116*^-7, 1.0787528*^-7, 4.7942763*^-8, 4.7942763*^-8, 1.4502697*^-6, 7.6713638*^-7, 2.9691646*^-6, 1.9177128*^-7, 5.8650302*^-6, 3.1068112*^-7, 2.7890871*^-7, 1.626121*^-6, 1.5773846*^-6, 7.9529764*^-7, 4.314852*^-7, 1.9177116*^-7, 1.9177116*^-7, 4.7942763*^-8, 2.8043097*^-6, 1.7259408*^-6, 4.314852*^-7, 6.027135*^-7, 1.3589465*^-6, 2.2625212*^-6, 1.7259408*^-6, 1.9177457*^-7, 6.027135*^-7, 4.7942763*^-8, 1.9174211*^-6, 4.3152693*^-7};