name="LSHADE-cnEpSin CEC17";
dim=50;
bound=3;
testID=15;
(*--------*)
min=18.312225;
max=28.354851;
median=22.005421;
mean=21.944234313725488;
std=2.087854381834849;
(*--------*)
data={23.076231, 20.401212, 27.473959, 23.206191, 18.674799, 22.557143, 21.60529, 24.0808, 23.041902, 25.284982, 21.568628, 18.997488, 19.62548, 18.312225, 19.22997, 21.934955, 20.176093, 23.177559, 19.285143, 20.166626, 21.080761, 20.072312, 22.017526, 20.720592, 22.011434, 22.124445, 20.299727, 20.754477, 20.932823, 21.001862, 28.354851, 24.329753, 22.404555, 22.005421, 22.293882, 21.456319, 21.115251, 19.235997, 20.752015, 23.600788, 22.314392, 22.07121, 20.22767, 26.059809, 23.229377, 23.023595, 21.591731, 22.650035, 24.975922, 22.514705, 22.056037};