name="LSHADE-cnEpSin CEC17";
dim=50;
bound=0;
testID=30;
(*--------*)
min=575922.27;
max=875631.67;
median=648238.57;
mean=642993.0023529412;
std=54697.897941997355;
(*--------*)
data={595949.98, 636542.2, 648181., 575922.27, 637389.41, 639849.92, 660265.56, 665317.74, 651756.57, 725989.84, 650733.17, 672988.66, 676729.25, 648408.09, 596825.25, 624384.96, 652542.29, 675544.65, 590466.08, 652528.32, 648238.57, 589492.36, 608082.18, 626047.68, 579409.96, 576141.04, 577410.89, 592524.47, 697948.22, 590441.3, 704119.1, 663702.44, 588672.53, 676290.4, 875631.67, 673422.48, 657866.37, 624323.99, 588211.49, 717435.8, 578254.56, 590404.46, 660565.73, 649849.7, 663450.04, 753662., 578537.62, 638609.72, 599192.94, 690335.06, 656053.14};