name="LSHADE-cnEpSin CEC17";
dim=50;
bound=3;
testID=18;
(*--------*)
min=20.496364;
max=24.885533;
median=21.782538;
mean=21.961167607843134;
std=1.2045838904502595;
(*--------*)
data={20.991513, 20.72501, 20.596439, 20.897046, 20.59924, 21.782538, 21.882695, 23.024528, 21.97586, 21.311216, 20.640743, 22.785442, 21.972286, 21.857719, 22.633484, 22.925494, 21.697564, 21.664052, 23.659797, 23.990481, 21.460813, 20.496364, 20.669362, 21.635859, 21.895316, 22.735105, 24.815464, 21.878034, 22.589214, 24.885533, 21.699922, 23.586186, 20.744467, 20.574128, 24.866911, 20.797408, 20.697948, 21.878324, 21.832687, 20.858934, 24.074376, 22.720954, 21.628936, 20.710256, 20.949912, 22.282708, 20.700063, 23.511429, 21.711616, 21.937873, 21.580299};