name="LSHADE-cnEpSin CEC17";
dim=50;
bound=5;
testID=10;
(*--------*)
min=2713.9433;
max=4036.3441;
median=3510.4473;
mean=3450.210523529412;
std=330.2666008083085;
(*--------*)
data={3521.3978, 2719.9212, 3381.5469, 3477.9787, 2713.9433, 3522.2869, 3606.0217, 3410.0298, 3213.3957, 2984.2946, 3039.5627, 3782.9208, 3510.4473, 3453.9542, 3552.2328, 3755.684, 4036.3441, 3677.1656, 2864.4836, 3755.4519, 3555.0245, 3054.2646, 3579.2316, 3642.6842, 3385.9765, 3104.9702, 3119.7639, 3779.7708, 3871.4115, 3303.7859, 3933.2641, 3659.9573, 2993.601, 3525.9018, 3199.331, 3534.447, 3148.0483, 2869.0322, 3254.0317, 3497.1539, 3394.6417, 3916.7996, 3932.0368, 3895.1603, 3257.9578, 3925.6253, 3557.7347, 3373.0091, 3718.2918, 3648.8423, 3349.9217};