name="LSHADE-cnEpSin CEC17";
dim=50;
bound=2;
testID=21;
(*--------*)
min=220.1725;
max=243.10576;
median=235.59191;
mean=233.31131999999997;
std=6.583267324572503;
(*--------*)
data={238.07919, 237.23791, 236.05335, 220.1725, 221.72527, 235.89522, 231.38674, 234.41069, 237.50964, 235.59191, 227.03224, 230.5823, 225.24512, 237.5519, 227.12556, 242.17248, 235.70366, 235.61548, 226.09592, 235.11849, 227.49151, 239.58972, 232.04032, 238.2489, 238.02792, 239.92174, 227.45644, 239.71002, 226.34906, 220.83192, 239.4116, 243.10576, 225.16149, 221.39998, 239.80816, 223.47789, 242.35526, 239.26076, 233.73627, 224.24942, 238.94336, 223.7482, 241.15325, 235.15915, 238.02578, 235.30566, 234.31222, 238.14152, 240.15507, 235.80751, 226.18589};