name="LSHADE-cnEpSin CEC17";
dim=50;
bound=2;
testID=25;
(*--------*)
min=478.75944;
max=480.24966;
median=479.72993;
mean=479.69131666666664;
std=0.3252153224475563;
(*--------*)
data={479.94052, 479.93809, 479.73612, 478.94221, 479.67164, 479.50909, 479.7206, 479.59295, 478.75944, 479.68435, 479.19555, 479.64488, 479.79144, 479.44406, 480.04136, 478.98225, 479.90872, 479.71008, 479.83559, 479.80242, 479.95738, 479.47633, 479.44935, 479.45053, 479.78754, 479.57535, 480.09577, 479.99421, 479.5571, 479.97081, 479.90368, 479.477, 479.92585, 480.12298, 479.30563, 479.96074, 479.69224, 479.95264, 479.83891, 479.72348, 479.743, 480.06961, 479.72993, 478.94647, 479.87285, 479.90106, 479.63111, 480.24966, 479.27142, 479.7065, 480.06666};