name="LSHADE-cnEpSin CEC17";
dim=50;
bound=5;
testID=4;
(*--------*)
min=7.8840967;
max=140.38516;
median=26.069428;
mean=46.559558349019625;
std=41.01939734392776;
(*--------*)
data={117.45125, 26.338182, 94.663509, 19.289736, 25.889655, 26.336988, 25.941363, 24.861396, 19.006123, 26.069428, 94.900569, 94.891816, 24.786193, 26.739314, 26.017225, 114.11398, 25.452979, 115.44, 26.520443, 26.369287, 7.9954704, 26.158474, 11.909364, 25.686918, 25.624537, 25.796857, 25.988132, 113.8134, 26.253388, 140.38516, 139.82582, 7.9257324, 25.370682, 115.99479, 26.460925, 114.95761, 26.017326, 7.9022723, 113.30308, 25.42631, 26.777902, 25.964664, 26.065629, 25.566022, 26.292238, 7.8840967, 26.004557, 26.389397, 25.866492, 26.415694, 117.4351};