name="LSHADE-cnEpSin CEC17";
dim=50;
bound=5;
testID=20;
(*--------*)
min=93.090713;
max=337.92708;
median=131.61982;
mean=153.44867198039213;
std=61.320626643559805;
(*--------*)
data={93.090713, 94.689097, 138.56124, 217.85869, 146.60931, 192.74978, 110.66959, 105.51858, 144.40868, 112.66999, 272.42462, 113.78935, 204.44739, 97.85819, 137.28323, 228.64731, 104.71967, 118.50478, 131.61982, 337.92708, 128.56827, 150.09589, 119.22322, 128.7862, 271.81098, 120.98675, 320.3259, 142.91431, 140.52288, 219.57158, 112.18953, 104.57461, 112.42411, 95.296642, 123.51284, 137.61969, 133.37897, 145.24967, 130.30398, 94.698007, 103.78678, 115.10901, 146.91916, 99.102362, 172.27105, 239.49798, 114.02766, 268.64121, 208.34065, 217.02244, 105.06283};