name="LSHADE-cnEpSin CEC17";
dim=50;
bound=5;
testID=16;
(*--------*)
min=140.45239;
max=598.66019;
median=430.97531;
mean=411.2927931372548;
std=105.30783168877004;
(*--------*)
data={144.86489, 371.323, 484.3766, 366.3697, 360.54264, 533.81101, 357.60879, 159.23357, 356.82682, 373.94317, 445.36765, 432.25928, 340.48496, 387.63756, 376.1824, 415.02797, 345.85506, 140.45239, 149.79382, 492.16496, 487.13672, 441.93857, 483.99592, 445.95149, 430.97531, 280.1821, 537.29538, 485.17725, 481.85288, 360.03122, 365.1559, 486.4335, 538.70547, 513.63123, 450.92847, 355.07272, 498.06886, 395.16284, 598.66019, 573.17181, 487.28129, 430.72399, 443.65885, 391.75765, 443.63053, 532.36005, 480.16973, 280.05561, 503.22021, 365.83426, 373.58621};