name="LSHADE-cnEpSin CEC17";
dim=50;
bound=5;
testID=19;
(*--------*)
min=11.408248;
max=25.465369;
median=17.157508;
mean=17.59133790196078;
std=3.1856629892995425;
(*--------*)
data={16.692496, 17.16905, 17.989329, 22.556931, 18.273957, 14.175099, 19.805307, 20.178534, 17.157508, 14.978937, 13.072386, 21.166987, 20.976395, 14.949662, 15.380185, 15.768448, 14.739446, 13.367242, 14.116361, 11.408248, 22.594287, 15.777874, 18.776346, 21.296949, 17.150793, 19.013108, 13.991762, 22.791118, 15.92269, 17.304523, 20.668964, 15.03827, 15.885381, 20.493873, 21.343833, 16.379209, 19.078897, 21.56177, 18.391648, 16.020283, 20.810578, 14.080128, 19.037119, 15.101111, 20.948874, 11.634905, 20.047192, 14.836927, 25.465369, 17.149668, 14.642276};