name="LSHADE-cnEpSin CEC17";
dim=50;
bound=2;
testID=8;
(*--------*)
min=16.951149;
max=40.041053;
median=32.702835;
mean=30.751978019607854;
std=6.591618997983304;
(*--------*)
data={36.620084, 23.921267, 35.503145, 24.252938, 24.701155, 26.229219, 24.496748, 38.108118, 31.492198, 37.140614, 16.951149, 34.164075, 40.041053, 37.222565, 24.452509, 24.127559, 20.25675, 18.427879, 34.396356, 36.134, 38.537485, 38.462147, 37.47837, 39.172034, 32.538341, 18.846191, 36.693579, 25.386562, 26.384628, 31.434352, 36.959053, 28.609535, 25.731362, 22.160789, 35.320822, 37.829719, 33.78845, 22.460886, 38.410724, 31.056323, 35.148095, 32.702835, 33.104798, 33.337101, 25.57461, 33.980264, 34.23342, 36.654136, 27.588426, 32.409646, 17.716815};