name="LSHADE-cnEpSin CEC17";
dim=50;
bound=1;
testID=23;
(*--------*)
min=424.89392;
max=461.13358;
median=446.85285;
mean=446.49809764705867;
std=8.247467133418983;
(*--------*)
data={455.56666, 445.41969, 440.8922, 453.47003, 454.10393, 447.0257, 435.08598, 446.85285, 457.23964, 455.10895, 449.89704, 452.56778, 447.75511, 443.64185, 448.28325, 446.04036, 438.40622, 450.73368, 440.23334, 455.07785, 451.85461, 445.86, 442.08785, 461.13358, 459.6091, 442.14897, 442.28251, 450.00276, 455.33554, 451.5535, 432.40705, 452.64041, 432.46025, 438.95197, 432.54393, 441.33492, 441.85505, 453.56665, 442.84576, 455.60486, 453.68939, 435.55158, 443.99733, 424.89392, 454.65115, 443.50013, 450.67467, 442.22919, 430.33517, 445.11956, 457.27951};