name="LSHADE-cnEpSin CEC17";
dim=50;
bound=2;
testID=14;
(*--------*)
min=22.136627;
max=30.228512;
median=25.861643;
mean=26.053418490196083;
std=1.9806871687305128;
(*--------*)
data={25.27972, 29.629051, 25.186466, 28.4092, 24.305025, 28.571459, 27.389201, 26.384863, 23.088336, 27.763159, 30.228512, 22.136627, 27.23136, 26.873862, 27.223521, 25.752034, 25.078228, 25.433037, 23.591168, 26.763833, 26.420902, 27.968698, 22.63706, 24.321259, 25.800899, 23.405878, 24.024957, 25.232016, 24.593525, 24.904158, 28.412443, 23.845789, 23.103691, 25.39047, 26.600547, 24.20973, 26.251121, 26.866052, 26.557423, 29.037874, 25.328509, 27.187305, 26.467994, 25.100982, 27.61496, 26.107362, 30.136234, 24.17346, 25.861643, 24.869357, 29.973383};