name="LSHADE-cnEpSin CEC17";
dim=50;
bound=2;
testID=20;
(*--------*)
min=86.680731;
max=316.40388;
median=157.58923;
mean=171.45191476470595;
std=62.49033508028973;
(*--------*)
data={227.05307, 240.8292, 218.75948, 108.17146, 157.58923, 174.07278, 142.46995, 254.1608, 242.0998, 102.68843, 91.971133, 213.86587, 201.71367, 157.86324, 120.44214, 195.77779, 294.42069, 109.81848, 310.9455, 237.42311, 103.76944, 233.43865, 174.88446, 316.40388, 112.44456, 275.29237, 86.680731, 129.48249, 241.75432, 125.65035, 109.54281, 229.31028, 147.26648, 88.573779, 122.98422, 136.3752, 174.28168, 122.43577, 147.3673, 110.07224, 154.24884, 129.0543, 97.03416, 121.12314, 197.62902, 159.27393, 227.20606, 112.61074, 217.87254, 124.43855, 213.40954};