name="LSHADE-cnEpSin CEC17";
dim=50;
bound=2;
testID=26;
(*--------*)
min=767.81304;
max=1378.7495;
median=1115.1844;
mean=1117.0197670588234;
std=148.00930561231368;
(*--------*)
data={1190.3899, 1177.3188, 1074.4786, 1051.5606, 1214.5499, 1160.0546, 933.1467, 1341.0453, 1242.6161, 983.69239, 918.97108, 882.76358, 1075.4069, 1337.97, 1115.1844, 1037.0862, 1264.7509, 813.45266, 1172.2597, 1040.9302, 886.62018, 1154.196, 1049.7516, 885.07793, 1021.9814, 1095.6023, 1219.415, 935.06151, 1072.4116, 1322.4222, 1157.2355, 1249.3652, 968.98244, 1378.7495, 1109.6228, 1268.9768, 983.27791, 1186.7261, 1234.2292, 1307.8733, 1185.548, 1084.8687, 1143.945, 1076.8442, 1072.426, 767.81304, 1330.0935, 1199.9791, 1003.324, 1325.22, 1262.7396};