name="LSHADE-cnEpSin CEC17";
dim=50;
bound=0;
testID=14;
(*--------*)
min=22.031931;
max=33.895765;
median=27.095959;
mean=27.39009252941177;
std=2.1489505553076493;
(*--------*)
data={27.321478, 27.76045, 27.427151, 25.727009, 29.002496, 25.245338, 26.349894, 27.613433, 27.744304, 28.523057, 26.24301, 30.343741, 33.895765, 25.275399, 26.147024, 25.127376, 29.093539, 30.026912, 29.01857, 23.823269, 27.373322, 25.044119, 28.127672, 26.824235, 27.898958, 25.074134, 26.131202, 31.375007, 24.197744, 27.095959, 25.545554, 28.885664, 26.042918, 31.845453, 27.655199, 29.005695, 27.088432, 26.932082, 29.328263, 25.427764, 26.124493, 26.662065, 28.997271, 22.031931, 29.983074, 26.434631, 26.893467, 26.108535, 26.995033, 30.336323, 27.719305};