name="LSHADE-cnEpSin CEC17";
dim=50;
bound=1;
testID=25;
(*--------*)
min=480.18518;
max=491.35314;
median=480.22099;
mean=480.84987196078436;
std=2.538874934729174;
(*--------*)
data={480.20941, 480.22865, 480.21447, 480.20434, 480.22431, 480.21063, 480.23588, 480.22367, 480.18518, 480.1882, 480.23259, 480.24243, 480.22036, 480.22705, 480.23697, 480.20683, 490.28632, 480.2379, 480.2173, 480.2271, 480.20467, 480.21992, 491.04692, 480.2188, 480.25915, 480.2194, 480.22422, 480.23651, 480.19406, 480.22726, 480.20521, 480.20073, 480.22078, 491.35314, 480.21306, 480.22099, 480.22406, 480.21661, 480.35707, 480.21794, 480.22351, 480.2172, 480.22382, 480.22905, 480.20847, 480.21866, 480.20402, 480.19528, 480.22747, 480.23052, 480.22538};