name="LSHADE-cnEpSin CEC17";
dim=50;
bound=5;
testID=15;
(*--------*)
min=20.067765;
max=36.98102;
median=25.208594;
mean=26.203324980392154;
std=3.7021316628537106;
(*--------*)
data={27.644407, 21.840448, 24.902003, 25.252935, 23.104643, 25.091633, 25.214885, 28.237142, 30.490022, 22.159532, 28.266501, 29.977377, 23.8758, 23.204675, 33.834425, 21.067358, 28.003274, 25.033677, 26.900001, 36.98102, 23.87316, 36.196318, 25.208594, 29.186351, 24.65719, 26.985942, 22.024931, 31.006337, 24.042844, 24.95512, 23.909128, 24.678884, 23.407925, 27.051631, 21.250472, 24.990426, 27.969881, 24.556014, 25.996263, 29.490526, 20.067765, 21.994774, 25.935154, 23.863002, 23.878017, 26.99695, 29.855973, 21.318634, 30.174205, 30.719332, 29.046073};