name="LSHADE-cnEpSin CEC17";
dim=50;
bound=3;
testID=10;
(*--------*)
min=2853.6578;
max=4246.2358;
median=3877.9921;
mean=3817.461541176471;
std=305.6009653883791;
(*--------*)
data={4110.9779, 4073.4806, 3930.2833, 3796.4243, 3824.1627, 3447.1523, 4246.2358, 3945.7487, 4066.6194, 4133.3588, 4038.6647, 4119.8357, 2853.6578, 3878.8956, 3843.4014, 3817.644, 3391.3175, 4069.2575, 3473.9627, 3608.3527, 3970.934, 3505.8446, 3424.2271, 4034.1998, 4242.6177, 3877.9921, 3306.4325, 3871.5234, 3770.1952, 4183.4607, 3546.4217, 2945.8409, 3890.0462, 3581.2246, 3833.0324, 3932.6336, 3955.002, 3810.0442, 3841.7292, 3904.0211, 4209.8009, 3621.3256, 4169.6207, 3978.5004, 3952.9144, 3473.101, 4062.5543, 3819.4219, 4038.5478, 3751.361, 3516.5342};