name="LSHADE-cnEpSin CEC17";
dim=50;
bound=2;
testID=10;
(*--------*)
min=2560.9352;
max=4215.3933;
median=3611.5707;
mean=3530.9597843137253;
std=347.420258632027;
(*--------*)
data={3022.1418, 3413.9472, 3337.0804, 3369.5718, 3863.2354, 3677.453, 3611.5707, 3632.6059, 3498.8255, 3532.0017, 3831.1742, 3624.7873, 3025.3988, 2560.9352, 4215.3933, 3662.4562, 3062.4694, 4041.1434, 2729.5558, 3641.0241, 3721.876, 3164.773, 3263.2876, 3750.4092, 3187.9662, 3146.2913, 3088.211, 3529.127, 3979.2605, 3278.1872, 4017.1409, 3938.8804, 3780.9745, 3669.576, 3679.4606, 3292.4219, 4033.8086, 3836.1902, 3456.7082, 3610.622, 3302.453, 3654.7756, 3176.1738, 3768.7067, 4033.3936, 3489.9582, 3708.5776, 3705.1593, 3202.5412, 3595.9743, 3663.2923};