name="LSHADE-cnEpSin CEC17";
dim=50;
bound=1;
testID=14;
(*--------*)
min=21.020261;
max=31.941478;
median=26.515568;
mean=26.501222764705883;
std=2.1674960667783427;
(*--------*)
data={25.187291, 23.703639, 25.122872, 23.934985, 26.543218, 23.015347, 26.178449, 27.424377, 24.796128, 24.537139, 25.057415, 28.517314, 25.733983, 30.258067, 29.365821, 26.515568, 25.895682, 23.880343, 28.04023, 29.245243, 25.208855, 27.584412, 25.110701, 26.646033, 24.007407, 25.46559, 24.351008, 29.717155, 28.180848, 27.80661, 28.33547, 21.020261, 27.14905, 24.772168, 26.951105, 27.472431, 28.118598, 28.883778, 31.941478, 27.230524, 26.188331, 24.160775, 30.076822, 25.107324, 28.139868, 28.897392, 26.103629, 26.915675, 25.698042, 23.2555, 28.11241};