name="LSHADE-cnEpSin CEC17";
dim=50;
bound=0;
testID=13;
(*--------*)
min=9.3567244;
max=146.57612;
median=78.597368;
mean=75.37789646470588;
std=36.70746070843369;
(*--------*)
data={73.707682, 48.082033, 109.3729, 110.16764, 87.313036, 118.46635, 84.516358, 41.468837, 9.3567244, 120.75529, 65.951452, 111.33806, 103.48365, 113.0293, 112.5285, 46.394713, 44.159956, 9.6340293, 84.60614, 109.61711, 35.069963, 16.04866, 77.288987, 146.57612, 48.256555, 74.008905, 13.888474, 105.8116, 41.082464, 122.53657, 53.083869, 50.858605, 41.108494, 17.973536, 99.92579, 55.557474, 106.9473, 111.96548, 109.82764, 119.11013, 78.597368, 12.55569, 107.72374, 84.793072, 78.916661, 113.58387, 112.95967, 41.059634, 48.110724, 39.520169, 75.575745};