name="LSHADE-cnEpSin CEC17";
dim=50;
bound=1;
testID=19;
(*--------*)
min=10.488116;
max=22.823261;
median=16.65995;
mean=17.00339543137255;
std=2.785913664797797;
(*--------*)
data={19.452166, 17.407603, 10.488116, 13.000191, 15.117765, 15.022031, 18.504326, 12.303196, 19.454409, 18.529419, 16.371862, 15.402134, 22.823261, 17.97761, 17.979593, 19.447481, 16.439311, 17.804975, 14.980008, 16.97311, 16.131776, 16.406657, 18.742534, 18.605625, 17.103802, 16.546516, 16.184208, 18.091176, 18.701211, 16.65995, 19.117454, 22.692436, 16.008708, 19.56025, 16.138288, 14.04778, 22.094738, 15.150797, 12.670386, 18.940524, 16.474729, 22.506384, 17.621129, 14.220409, 15.641957, 20.140785, 13.250064, 19.771629, 10.616073, 16.54078, 15.315845};