name="LSHADE-cnEpSin CEC17";
dim=50;
bound=4;
testID=12;
(*--------*)
min=369.86511;
max=2187.1873;
median=1303.5263;
mean=1304.4873376470587;
std=406.8438451513057;
(*--------*)
data={369.86511, 848.44918, 1146.6849, 1739.5539, 2187.1873, 699.10839, 1684.0105, 1264.0507, 699.43215, 1576.9092, 1161.5159, 1058.7769, 796.65469, 1215.4627, 1061.3398, 1198.9505, 1262.4139, 1343.9243, 970.25162, 1486.0286, 1790.702, 714.40155, 1156.2828, 426.52373, 1534.5645, 1891.0928, 962.74638, 1306.851, 1699.3916, 1364.2992, 1303.5263, 882.3763, 1491.0754, 1127.1438, 1505.7468, 1403.7857, 1502.7345, 1245.6749, 1558.9144, 1758.8391, 1941.2622, 2109.7136, 1281.8858, 1664.6178, 1590.6666, 613.53642, 1407.8203, 1631.9071, 1615.9295, 1065.9249, 1208.347};