name="LSHADE-cnEpSin CEC17";
dim=50;
bound=4;
testID=28;
(*--------*)
min=457.70825;
max=507.49466;
median=458.51682;
mean=459.37735568627454;
std=6.880304882641541;
(*--------*)
data={458.84744, 458.23822, 458.60607, 458.80665, 458.79466, 457.90776, 458.66742, 458.46366, 457.82161, 458.13039, 458.33382, 458.77464, 458.32021, 458.61739, 458.23844, 457.92903, 458.73159, 458.84182, 458.36926, 458.72285, 458.32208, 458.53001, 458.58988, 458.82292, 457.92988, 458.57137, 458.68062, 458.82392, 458.51682, 458.61097, 458.53312, 457.90317, 458.47025, 458.08965, 458.00247, 458.18748, 458.1913, 457.87133, 458.53596, 458.78175, 458.77745, 507.49466, 458.34931, 457.75596, 457.70825, 458.77745, 458.56132, 458.31345, 458.38414, 458.28073, 458.71454};