name="LSHADE-cnEpSin CEC17";
dim=50;
bound=3;
testID=23;
(*--------*)
min=421.89377;
max=451.18236;
median=431.34096;
mean=433.5359864705884;
std=8.00035537053169;
(*--------*)
data={422.60821, 421.9542, 426.13261, 426.85739, 429.13413, 435.32894, 446.21744, 439.11096, 430.98222, 424.73029, 422.26951, 430.00415, 432.48446, 438.12045, 430.91697, 442.65862, 431.34096, 430.82326, 432.95063, 431.31728, 424.29365, 424.67473, 438.36537, 447.1523, 451.18236, 434.17271, 448.38537, 428.82695, 449.94228, 421.89377, 446.38826, 440.83339, 429.30194, 448.31733, 432.3438, 436.46632, 425.7103, 427.92589, 439.58348, 426.98439, 432.43704, 431.33124, 442.7985, 426.85183, 431.42396, 430.12557, 440.90244, 433.73279, 437.93775, 426.59027, 427.51665};