name="LSHADE-cnEpSin CEC17";
dim=50;
bound=2;
testID=17;
(*--------*)
min=113.57565;
max=473.35816;
median=349.93696;
mean=335.9665780392157;
std=82.4107283486359;
(*--------*)
data={400.00651, 403.52776, 442.12107, 292.63172, 307.22092, 417.00338, 408.50133, 289.21279, 428.24851, 245.72594, 364.665, 444.88423, 350.20373, 431.63498, 272.57461, 244.60324, 405.25085, 255.95391, 258.76833, 310.87026, 383.67434, 463.82136, 273.89436, 245.15025, 425.01166, 236.03686, 460.36836, 285.86297, 349.93696, 390.7646, 301.22193, 419.06577, 473.35816, 296.11411, 362.84406, 240.42979, 393.79963, 386.08631, 243.71667, 251.43786, 401.13813, 275.95328, 429.09412, 113.57565, 243.58185, 282.38532, 391.85207, 262.21816, 384.83815, 242.23402, 251.21965};