name="LSHADE-cnEpSin CEC17";
dim=50;
bound=3;
testID=26;
(*--------*)
min=915.96152;
max=1329.613;
median=1154.6829;
mean=1147.1110629411764;
std=121.37829500211112;
(*--------*)
data={1243.1791, 1128.0231, 1164.0177, 1137.7237, 981.19622, 1281.4968, 1236.075, 1302.717, 1268.9418, 1296.3822, 1329.613, 1035.6505, 1253.2349, 1291.675, 1260.6357, 1272.0911, 1112.9161, 1247.9979, 1023.8034, 1134.7182, 1309.2681, 1155.5127, 1258.5593, 1228.1798, 1010.7809, 1020.2226, 1032.6068, 1156.6107, 1030.267, 1257.5495, 1138.251, 1120.1781, 1039.4169, 1047.2709, 1058.0412, 1057.9373, 1065.3556, 1304.656, 915.96152, 1154.6829, 919.72481, 1298.7223, 1140.2847, 996.29066, 1181.1857, 1219.4286, 920.83726, 1032.1835, 938.62714, 1296.3727, 1195.6096};