name="LSHADE-cnEpSin CEC17";
dim=50;
bound=2;
testID=24;
(*--------*)
min=491.673;
max=518.59582;
median=501.28129;
mean=502.15897411764706;
std=7.147551205732539;
(*--------*)
data={495.38449, 496.99486, 492.71438, 513.86397, 497.00711, 504.41178, 498.6046, 512.60522, 505.50164, 492.88128, 496.83282, 501.28129, 502.65303, 497.76288, 497.97287, 507.38388, 517.49929, 507.89666, 499.92189, 502.08869, 493.88009, 507.32671, 518.13311, 502.0794, 503.53327, 499.7216, 505.23609, 493.98349, 498.38385, 497.66787, 491.673, 493.24242, 495.3524, 494.36407, 506.88715, 503.4547, 506.17666, 507.88964, 498.72293, 492.77002, 507.78718, 508.89195, 518.59582, 511.40298, 500.78134, 505.32881, 510.25977, 493.05857, 496.49037, 496.82348, 508.94631};