name="LSHADE-cnEpSin CEC17";
dim=50;
bound=5;
testID=21;
(*--------*)
min=219.39631;
max=243.16918;
median=234.26807;
mean=231.7844909803922;
std=7.330091717925844;
(*--------*)
data={223.4955, 243.16918, 231.86969, 239.93857, 236.68646, 236.4353, 233.39656, 219.93164, 233.29114, 221.17442, 225.01741, 219.39631, 224.02449, 234.86057, 238.68903, 227.44441, 238.54964, 239.54285, 234.29762, 238.65975, 222.01675, 228.40919, 239.42406, 235.5755, 235.03529, 238.58522, 224.00641, 237.02565, 241.19537, 240.5431, 241.92813, 221.55138, 232.68973, 225.18151, 220.00185, 225.7246, 235.82183, 223.19431, 234.26807, 239.44496, 237.69294, 238.93479, 227.00384, 227.77611, 221.53964, 225.8597, 221.27953, 236.26226, 239.90225, 238.32632, 224.93821};