name="LSHADE-cnEpSin CEC17";
dim=50;
bound=0;
testID=21;
(*--------*)
min=219.89332;
max=242.39073;
median=234.81584;
mean=232.5399792156863;
std=6.637056743336412;
(*--------*)
data={232.8946, 234.42174, 236.17599, 236.07551, 222.45348, 236.21941, 239.63176, 224.10879, 242.39073, 225.25319, 241.78482, 239.01421, 234.81584, 232.19373, 222.32063, 235.82882, 224.08369, 228.5324, 239.08522, 225.69026, 236.40002, 220.58732, 238.10238, 240.53259, 230.114, 221.05886, 238.85453, 232.68156, 240.06686, 235.60125, 224.2196, 235.11606, 237.2824, 237.81391, 238.17383, 234.52385, 225.63177, 241.77593, 236.60866, 227.2721, 223.94649, 227.58868, 238.85581, 222.79961, 237.25753, 239.50415, 225.40167, 219.89332, 230.58169, 235.12068, 233.19701};