name="LSHADE-cnEpSin CEC17";
dim=50;
bound=4;
testID=8;
(*--------*)
min=16.244154;
max=38.995609;
median=27.396111;
mean=28.667947549019612;
std=6.694492918076389;
(*--------*)
data={28.274084, 26.629492, 37.393886, 19.373167, 35.58214, 36.435282, 19.024308, 27.229976, 24.76048, 33.265223, 23.150827, 22.668609, 33.66821, 35.037239, 37.823281, 25.280332, 32.841117, 18.675775, 23.370047, 21.039183, 22.189144, 20.71349, 24.049246, 29.641206, 27.396111, 36.591838, 19.780026, 16.244154, 26.665596, 34.018345, 36.90692, 32.03655, 23.574414, 34.306397, 34.960614, 18.637113, 35.864867, 29.272225, 22.04923, 26.625741, 22.612902, 36.413736, 23.120568, 37.598937, 38.995609, 33.271674, 23.843659, 38.498752, 36.841706, 33.727773, 24.094124};