name="LSHADE-cnEpSin CEC17";
dim=50;
bound=3;
testID=20;
(*--------*)
min=88.371374;
max=370.07966;
median=254.47421;
mean=229.31013772549016;
std=76.50909466788542;
(*--------*)
data={302.00524, 292.67381, 286.26334, 148.47334, 222.63422, 229.31515, 370.07966, 324.19192, 258.75638, 265.5349, 127.24741, 174.43539, 187.22677, 159.46783, 270.84776, 264.00936, 298.49838, 112.446, 305.89872, 244.9578, 159.65367, 112.10366, 147.3058, 275.45268, 254.47421, 345.25753, 162.30777, 88.371374, 285.56247, 268.04483, 330.81181, 326.46834, 331.33821, 252.93969, 124.50481, 163.12871, 308.30108, 274.66237, 262.86793, 119.33125, 282.61228, 130.89786, 136.28167, 267.83193, 105.2082, 166.49011, 204.31199, 264.74816, 253.86357, 300.71119, 144.00849};