name="LSHADE-cnEpSin CEC17";
dim=50;
bound=0;
testID=15;
(*--------*)
min=21.005845;
max=33.60667;
median=24.786769;
mean=25.414449568627443;
std=2.9152142424824237;
(*--------*)
data={24.491734, 25.919607, 24.069085, 28.996724, 26.926779, 22.44666, 29.388059, 22.486037, 24.57148, 26.048271, 27.053536, 24.025264, 24.009024, 23.990568, 21.097384, 27.8049, 21.984484, 30.351246, 32.406292, 28.330561, 25.032246, 21.94973, 29.639155, 23.479337, 23.015532, 24.786769, 28.026874, 23.011022, 25.467492, 24.681526, 26.998075, 26.543775, 22.164096, 33.60667, 25.561038, 28.021517, 21.005845, 23.752904, 22.466534, 25.397906, 24.489012, 27.066633, 27.028302, 22.42246, 23.970177, 21.066124, 22.550009, 28.593025, 23.294461, 25.36807, 29.282917};