name="LSHADE-cnEpSin CEC17";
dim=50;
bound=4;
testID=22;
(*--------*)
min=100.;
max=4425.9669;
median=3516.6531;
mean=2307.865002352941;
std=1875.4389577124762;
(*--------*)
data={3902.6585, 3963.8165, 100., 100., 3695.3344, 4081.4059, 100., 100., 100., 100., 4303.3963, 100., 4049.6495, 4141.1334, 100., 3348.3738, 150.91695, 3516.6531, 3805.7681, 100., 100., 4132.6864, 100., 121.04224, 3322.2974, 100., 3981.6681, 3772.6164, 4018.7438, 3316.916, 3538.6845, 4425.9669, 3977.9797, 3813.499, 100., 4214.5937, 100., 100., 3745.6914, 3815.9439, 3851.9285, 3874.7745, 100., 3284.1822, 100., 4061.0291, 3596.0927, 4145.6378, 129.24143, 100., 3800.793};