name="LSHADE-cnEpSin CEC17";
dim=50;
bound=3;
testID=27;
(*--------*)
min=475.42547;
max=516.62476;
median=501.91259;
mean=501.1504380392158;
std=8.656222448355871;
(*--------*)
data={499.99598, 496.02533, 492.15227, 506.88733, 499.09272, 499.54728, 507.18419, 496.97247, 502.97694, 497.87248, 496.73108, 501.91259, 512.71043, 504.43471, 507.73079, 496.52639, 489.45987, 506.83354, 503.45426, 505.57052, 487.72658, 510.29865, 509.47984, 512.85485, 478.51586, 507.15081, 508.34706, 508.44719, 503.30935, 501.34307, 509.01977, 475.42547, 516.62476, 494.39731, 491.98117, 484.97954, 496.31508, 506.54502, 499.69238, 497.40489, 498.48286, 509.62723, 495.64848, 505.57768, 490.85648, 501.4887, 512.27732, 507.2963, 495.73454, 506.5584, 511.19453};