name="LSHADE-cnEpSin CEC17";
dim=50;
bound=3;
testID=19;
(*--------*)
min=6.8248733;
max=20.499686;
median=13.387496;
mean=13.711185309803925;
std=2.3543875986180414;
(*--------*)
data={13.810412, 12.402352, 18.325222, 12.60578, 12.824287, 17.04024, 16.213196, 14.30192, 11.671175, 15.995398, 16.900827, 12.603378, 6.8248733, 12.876484, 13.493956, 13.629379, 14.357861, 15.339821, 12.980376, 12.177511, 12.914007, 12.962712, 11.802015, 12.770509, 10.632603, 16.783312, 15.634219, 13.294626, 11.332157, 14.451022, 15.424002, 11.700916, 12.517935, 14.023028, 14.061337, 10.433444, 15.603327, 14.711389, 14.723951, 12.197432, 16.07264, 8.8275335, 10.704106, 13.367106, 14.039155, 13.18495, 12.717059, 13.387496, 15.635586, 16.486742, 20.499686};