name="LSHADE-cnEpSin CEC17";
dim=50;
bound=5;
testID=14;
(*--------*)
min=22.352165;
max=34.628601;
median=26.967991;
mean=27.117714588235287;
std=2.0523618612758057;
(*--------*)
data={24.744144, 26.458411, 25.405006, 28.13578, 29.042947, 26.169729, 27.438579, 27.600766, 31.027141, 26.269211, 26.265228, 27.612462, 25.442566, 29.470385, 24.800784, 27.951107, 26.637574, 25.069614, 28.139979, 26.05383, 25.167165, 26.599968, 22.352165, 27.016408, 25.168302, 26.122708, 26.29093, 24.246406, 26.188925, 27.698637, 26.967991, 27.086012, 30.045522, 26.940775, 25.537055, 29.209765, 27.296286, 24.396259, 26.45039, 27.170457, 30.158714, 34.628601, 25.45557, 27.356051, 30.477336, 27.628775, 30.397411, 28.285752, 26.522428, 27.325368, 27.080069};