name="LSHADE-cnEpSin CEC17";
dim=50;
bound=2;
testID=5;
(*--------*)
min=17.690817;
max=42.619806;
median=27.072953;
mean=28.845743274509797;
std=6.823375697150802;
(*--------*)
data={28.472038, 29.693669, 24.971725, 36.957296, 26.252558, 23.376257, 32.785318, 25.666295, 22.369719, 38.426937, 32.5266, 30.085092, 26.63127, 18.31332, 19.759977, 32.395884, 35.270121, 37.179617, 17.690817, 35.852425, 21.430069, 37.763751, 18.800948, 20.70512, 33.398928, 22.305471, 34.445674, 23.69761, 20.839039, 36.882192, 27.072953, 23.420642, 29.171404, 24.443062, 33.035114, 38.520642, 31.119892, 33.649055, 42.619806, 21.821001, 24.952763, 25.26497, 26.001523, 24.057439, 23.036568, 38.964146, 40.12285, 25.667266, 19.393228, 38.5535, 35.299346};