name="LSHADE-cnEpSin CEC17";
dim=50;
bound=2;
testID=30;
(*--------*)
min=529384.1;
max=650556.92;
median=581367.96;
mean=585092.4237254905;
std=20941.208271685668;
(*--------*)
data={563355.4, 577598.81, 550836.46, 581365.87, 578119.21, 614400.49, 571871.08, 572472.2, 577388.79, 579414.63, 581579.1, 581576.44, 581721.06, 581377.56, 576426.42, 579322.35, 581407.96, 586771.86, 579416.41, 586734.8, 529384.1, 615980.01, 581891.06, 578879.38, 581565.06, 561797.73, 575769.32, 579431.62, 604272.71, 579613.17, 560118.19, 581341.7, 609751.12, 582394.02, 619375.12, 579691.07, 581454.53, 602254.36, 648934.81, 586187.7, 581348.49, 579416.67, 616800.69, 581367.96, 597549.29, 574502.9, 650556.92, 591903.82, 583695.6, 558198.83, 601128.76};