name="LSHADE-cnEpSin CEC17";
dim=50;
bound=4;
testID=26;
(*--------*)
min=1007.0381;
max=1424.9714;
median=1275.3024;
mean=1244.6677647058823;
std=116.55995143043054;
(*--------*)
data={1162.9558, 1284.8634, 1380.2499, 1111.0813, 1311.5446, 1248.6609, 1036.2303, 1299.211, 1209.1803, 1270.9204, 1125.5967, 1067.6498, 1007.0381, 1294.8022, 1338.3284, 1328.7819, 1342.5303, 1340.1918, 1330.8644, 1142.0074, 1104.0953, 1031.4711, 1372.0152, 1352.8817, 1373.0719, 1220.9476, 1252.3604, 1296.5239, 1159.6167, 1401.2687, 1275.3024, 1128.0402, 1062.9759, 1310.2791, 1339.5246, 1098.7276, 1241.2284, 1369.7269, 1395.6942, 1320.2229, 1393.3656, 1335.9861, 1111.4143, 1356.9193, 1340.5261, 1168.6047, 1424.9714, 1141.1704, 1107.9925, 1117.3725, 1241.0695};