name="LSHADE-cnEpSin CEC17";
dim=50;
bound=2;
testID=12;
(*--------*)
min=557.57184;
max=2075.6148;
median=1135.8155;
mean=1175.428629019608;
std=318.31107857694985;
(*--------*)
data={1335.0495, 1620.9001, 1490.6801, 1224.9952, 787.09914, 937.58739, 1438.7008, 964.91729, 1231.0036, 1006.7782, 1084.6407, 1951.2117, 1135.8155, 600.51134, 1203.4999, 1093.909, 977.07843, 1467.4809, 1274.0723, 1002.0649, 957.3603, 1408.1597, 1274.4439, 1502.7289, 1044.561, 1255.8165, 811.96193, 788.00452, 1335.039, 1516.5008, 1022.8768, 1730.6609, 772.27381, 1084.5872, 853.73379, 1571.8302, 2075.6148, 1199.7995, 969.98578, 1022.8755, 1166.0685, 1224.2211, 1081.6311, 1082.8599, 1244.5057, 1523.4944, 1488.8837, 832.469, 557.57184, 747.96158, 970.38244};