name="LSHADE-cnEpSin CEC17";
dim=50;
bound=4;
testID=6;
(*--------*)
min=4.7942763*^-8;
max=3.0892747*^-6;
median=6.027135*^-7;
mean=7.74001938352941*^-7;
std=6.534664122584275*^-7;
(*--------*)
data={5.8729938*^-7, 1.9992432*^-6, 1.1985757*^-6, 4.314852*^-7, 4.7942763*^-8, 1.3589865*^-6, 1.3588922*^-6, 2.7890871*^-7, 4.3148589*^-7, 1.19857*^-6, 1.4744364*^-6, 1.4646739*^-6, 6.027135*^-7, 7.6708784*^-7, 2.0104358*^-7, 1.9279332*^-7, 2.5717109*^-6, 4.314852*^-7, 1.4744429*^-6, 1.9211518*^-7, 6.0273157*^-7, 4.3148975*^-7, 7.0103385*^-7, 4.7942763*^-8, 1.2337647*^-6, 3.1068112*^-7, 6.027135*^-7, 4.7942763*^-8, 8.9639263*^-7, 7.6708477*^-7, 1.9177116*^-7, 4.3154432*^-7, 4.314852*^-7, 4.7942876*^-8, 7.6708477*^-7, 7.0103385*^-7, 4.7956178*^-8, 1.1453437*^-7, 6.027135*^-7, 3.0892747*^-6, 7.6708477*^-7, 1.9177116*^-7, 1.19857*^-6, 7.6708477*^-7, 7.6963306*^-7, 5.8730473*^-7, 1.4042093*^-6, 4.314852*^-7, 1.7794325*^-6, 4.7942763*^-8, 1.19857*^-6};