name="LSHADE-cnEpSin CEC17";
dim=50;
bound=4;
testID=15;
(*--------*)
min=20.068179;
max=34.914038;
median=25.033655;
mean=25.533789843137246;
std=3.0812962355792233;
(*--------*)
data={28.231008, 25.216797, 23.272653, 26.239329, 25.903344, 24.209297, 22.457811, 23.046039, 22.058279, 24.900979, 26.236402, 24.978438, 27.482185, 29.202288, 25.625984, 26.635583, 21.010429, 25.028917, 30.906295, 23.023536, 29.020365, 29.936816, 23.477053, 28.229747, 28.877761, 28.056388, 25.998486, 25.02263, 22.794221, 21.085694, 22.31034, 22.733088, 25.362991, 20.068179, 27.332385, 23.772231, 30.980605, 31.26233, 24.114512, 28.298829, 26.0737, 23.196556, 28.425435, 22.098688, 24.617624, 25.033655, 34.914038, 25.269946, 22.162239, 21.905288, 24.125869};