name="LSHADE-cnEpSin CEC17";
dim=50;
bound=1;
testID=22;
(*--------*)
min=100.;
max=4534.9011;
median=3755.4582;
mean=3119.417128235294;
std=1497.2679375543485;
(*--------*)
data={3958.2723, 4135.8452, 4143.0522, 3756.5056, 4061.9934, 100., 3687.9681, 3843.7698, 4022.3435, 116.11833, 4534.9011, 3640.6477, 4250.0468, 3596.095, 4373.7536, 3797.3286, 138.44561, 3551.6213, 100., 100., 128.22148, 3687.0883, 3862.3749, 596.57925, 4248.8093, 3664.8975, 3943.9114, 3003.7912, 162.28565, 4141.6211, 3755.4582, 100., 3575.5597, 3708.7729, 3621.2842, 3961.4469, 4003.2335, 4018.3118, 3852.3682, 449.17122, 3742.5331, 3243.7071, 3983.9495, 2480.1323, 3905.1468, 3491.5104, 3275.4015, 4044.805, 4182.346, 4114.4596, 4232.3874};