name="LSHADE-cnEpSin CEC17";
dim=50;
bound=0;
testID=12;
(*--------*)
min=520.5297;
max=2457.067;
median=1299.0682;
mean=1343.4217564705882;
std=352.1625743068744;
(*--------*)
data={520.5297, 688.37976, 1554.7693, 929.12392, 1320.3661, 1289.6388, 1100.6099, 1542.8141, 1244.3826, 870.1863, 1991.0969, 1086.5669, 1696.8457, 1123.7859, 1549.3408, 1541.7365, 1277.1311, 1839.1756, 971.85501, 2457.067, 1099.8777, 1862.2365, 1331.0768, 1103.1185, 972.71529, 1299.0682, 1278.2966, 1465.8024, 1232.9885, 1557.004, 905.7073, 1590.3783, 1079.1757, 1749.0565, 1545.7901, 1259.0091, 1586.8183, 1276.8168, 2091.8715, 1077.2793, 1672.3782, 1321.5432, 1263.543, 1217.3956, 1518.1622, 1460.8679, 1095.4447, 1352.4006, 1319.3269, 1022.936, 1311.022};