name="LSHADE-cnEpSin CEC17";
dim=50;
bound=5;
testID=23;
(*--------*)
min=424.80525;
max=456.25398;
median=445.90942;
mean=443.24967117647054;
std=7.700931951676405;
(*--------*)
data={436.5563, 446.89869, 453.27413, 450.99412, 442.29044, 440.62835, 432.57172, 437.02376, 427.56325, 441.6211, 448.15507, 449.29604, 447.98044, 431.10079, 434.95218, 429.72098, 431.6691, 454.18863, 442.42122, 448.26933, 448.76394, 434.276, 450.63566, 448.37586, 456.25398, 447.9787, 440.48038, 448.05769, 450.8827, 451.61405, 445.90942, 445.9224, 449.77479, 437.62196, 436.88122, 450.82735, 449.69766, 440.54412, 447.81876, 439.84017, 440.70044, 448.15076, 449.5304, 448.85712, 437.84966, 440.00858, 435.02105, 433.14256, 444.47968, 453.85528, 424.80525};