name="LSHADE-cnEpSin CEC17";
dim=50;
bound=0;
testID=5;
(*--------*)
min=17.303943;
max=41.083725;
median=30.491036;
mean=29.497009078431375;
std=6.677697401508894;
(*--------*)
data={26.944921, 22.099188, 21.952873, 34.654467, 33.20958, 29.65037, 20.123504, 20.068798, 22.222988, 36.478993, 17.98286, 38.529386, 34.347978, 34.20939, 32.777787, 38.174964, 20.119725, 32.764534, 23.689284, 31.169251, 38.813694, 28.022046, 24.923221, 35.797163, 28.458655, 31.953432, 35.437149, 17.303943, 30.471145, 40.951546, 33.256297, 32.747407, 26.554451, 38.172051, 36.222518, 35.694693, 26.170887, 35.701228, 31.941043, 41.083725, 24.657188, 22.541013, 30.491036, 26.946826, 26.333595, 18.537872, 32.796861, 19.718321, 35.382613, 19.663735, 26.431268};