name="LSHADE-cnEpSin CEC17";
dim=50;
bound=1;
testID=21;
(*--------*)
min=214.48737;
max=243.90805;
median=227.06214;
mean=229.08973980392156;
std=7.748111515915991;
(*--------*)
data={224.12933, 241.64859, 219.39717, 230.58307, 222.79026, 235.13364, 226.76534, 224.40308, 239.81753, 243.90805, 221.45332, 222.38156, 220.71731, 221.3817, 228.06545, 217.40445, 220.62556, 226.54531, 235.22491, 220.62994, 239.95271, 235.48846, 227.39514, 234.81424, 226.56276, 237.23692, 233.53761, 237.92356, 223.02817, 230.51391, 220.06031, 239.64118, 238.8204, 234.36591, 238.30291, 223.37966, 238.80292, 227.61411, 214.48737, 221.45997, 241.3386, 222.83181, 224.71767, 236.4041, 224.74556, 225.39787, 227.06214, 241.30671, 223.06781, 227.0889, 223.22177};