name="LSHADE-cnEpSin CEC17";
dim=50;
bound=3;
testID=25;
(*--------*)
min=478.44024;
max=488.14803;
median=479.64512;
mean=479.78233921568636;
std=1.4332083715619925;
(*--------*)
data={479.71941, 479.08901, 479.47024, 479.79198, 479.18997, 479.65199, 488.14803, 479.62092, 479.62716, 479.81829, 479.10988, 479.22267, 479.64233, 479.9179, 479.88579, 478.6745, 479.65839, 479.9617, 479.94479, 480.07435, 479.24129, 479.79523, 479.44385, 479.80296, 478.44024, 484.42707, 479.90752, 479.11834, 479.75659, 479.18564, 479.85443, 479.42606, 479.8242, 479.45519, 478.69172, 478.51993, 479.64512, 479.05399, 479.51405, 479.51474, 479.31718, 479.97003, 479.96327, 479.65607, 479.83705, 479.73332, 479.57529, 479.92493, 479.79349, 479.03451, 479.2567};