name="LSHADE-cnEpSin CEC17";
dim=50;
bound=0;
testID=16;
(*--------*)
min=143.82481;
max=577.36324;
median=412.1867;
mean=370.91451117647074;
std=131.09754888527482;
(*--------*)
data={389.74945, 302.97381, 431.5039, 412.1867, 320.28266, 444.20539, 185.16489, 164.79863, 399.00244, 426.19827, 424.8477, 143.82481, 462.59661, 197.58411, 322.58776, 424.35698, 162.21523, 363.3499, 363.94854, 439.9046, 490.7891, 344.91194, 523.94364, 412.39749, 198.41665, 504.87628, 545.27524, 577.36324, 456.72736, 362.85056, 198.30635, 556.88899, 432.15424, 378.79715, 148.29951, 518.14375, 380.32415, 423.33747, 563.26603, 413.56348, 322.44328, 158.9824, 414.38225, 160.02784, 487.82571, 145.72767, 506.14674, 182.76837, 290.99282, 556.94654, 478.48145};