name="LSHADE-cnEpSin CEC17";
dim=50;
bound=4;
testID=5;
(*--------*)
min=15.677672;
max=40.102031;
median=31.172248;
mean=29.050269215686274;
std=7.210769491520556;
(*--------*)
data={25.291542, 35.089513, 20.936794, 24.050019, 38.09479, 37.540358, 34.906022, 20.514705, 20.834389, 18.420996, 37.064271, 18.359812, 40.102031, 27.009987, 15.677672, 33.783918, 35.216752, 38.281854, 18.271194, 21.239725, 28.123694, 21.3311, 25.2705, 19.549515, 36.387056, 35.846727, 24.692686, 33.926172, 22.81068, 32.427861, 35.326481, 34.979932, 28.452233, 32.365276, 17.072164, 18.46059, 36.683296, 31.172248, 30.681139, 18.949801, 33.167469, 25.598642, 31.929803, 35.759522, 35.248219, 33.725392, 36.740055, 34.635561, 37.142956, 30.008658, 22.411958};