name="LSHADE-cnEpSin CEC17";
dim=50;
bound=1;
testID=26;
(*--------*)
min=1009.96;
max=1471.2139;
median=1306.3074;
mean=1294.6070235294117;
std=111.484824755016;
(*--------*)
data={1352.2362, 1362.9079, 1277.2941, 1411.5023, 1376.8995, 1196.7802, 1289.0517, 1201.5578, 1407.1694, 1338.089, 1343.3671, 1471.2139, 1243.9976, 1172.1156, 1296.3525, 1190.4899, 1219.4263, 1191.9349, 1146.9914, 1165.6889, 1051.941, 1139.7481, 1294.8186, 1411.923, 1205.945, 1009.96, 1315.2723, 1244.1037, 1081.1069, 1384.9986, 1274.1115, 1413.6154, 1133.3169, 1408.976, 1345.0466, 1270.1415, 1210.5168, 1440.0289, 1200.732, 1306.3074, 1349.9475, 1410.8101, 1411.9723, 1385.7997, 1450.043, 1289.2204, 1383.6472, 1403.079, 1343.2621, 1393.94, 1405.5605};