name="LSHADE-cnEpSin CEC17";
dim=50;
bound=4;
testID=24;
(*--------*)
min=500.31677;
max=530.65339;
median=513.95255;
mean=515.2971047058825;
std=7.329991295883326;
(*--------*)
data={513.46694, 521.06007, 513.85581, 512.89773, 509.57479, 508.6775, 515.3223, 512.21486, 526.37459, 509.975, 517.80216, 513.95255, 514.78676, 514.11664, 515.16103, 530.65339, 523.74696, 512.54389, 517.09944, 525.8329, 508.00823, 526.07588, 511.25531, 516.45491, 513.60617, 525.11921, 514.39629, 511.87676, 507.25214, 507.98004, 529.13619, 513.15933, 505.58559, 512.42464, 500.35299, 503.937, 525.58132, 507.03299, 509.89692, 513.56227, 527.13519, 511.80547, 517.3934, 528.65968, 509.72, 500.31677, 518.24782, 517.94718, 518.76483, 514.53222, 523.82029};