name="LSHADE-cnEpSin CEC17";
dim=50;
bound=4;
testID=11;
(*--------*)
min=19.767904;
max=28.073041;
median=23.7906;
mean=24.137444235294126;
std=1.9214802091298941;
(*--------*)
data={24.887585, 21.349763, 19.767904, 23.10374, 24.221464, 26.513224, 20.925239, 25.827339, 26.262455, 23.821557, 21.005594, 26.915284, 27.343561, 22.526859, 23.7906, 22.671876, 25.65327, 22.300952, 23.591419, 25.844833, 24.164113, 22.598134, 28.073041, 22.993238, 23.771684, 27.538847, 23.541678, 22.561124, 26.473874, 25.653368, 26.297863, 21.856181, 25.227691, 23.366686, 23.831034, 25.483073, 23.677035, 20.742989, 23.372077, 22.500399, 22.605425, 25.756015, 23.665764, 25.720442, 23.48423, 24.590431, 22.699057, 26.188443, 24.431143, 26.523766, 23.296293};