name="LSHADE-cnEpSin CEC17";
dim=50;
bound=3;
testID=13;
(*--------*)
min=2.2407774;
max=114.98738;
median=42.101625;
mean=48.06570880392155;
std=37.48886939462762;
(*--------*)
data={101.25028, 39.69511, 15.101, 75.697278, 14.818943, 14.308677, 110.6043, 46.592593, 109.29807, 43.230944, 44.418082, 106.70432, 12.312246, 39.095911, 26.149455, 45.769934, 39.56629, 78.770155, 114.98738, 8.2223899, 14.25539, 11.70463, 9.20103, 106.87728, 11.934008, 98.523617, 10.346904, 42.209961, 2.2407774, 9.6838487, 10.348651, 108.42122, 46.185723, 10.239342, 42.101625, 107.41442, 12.831874, 16.204651, 101.62682, 68.211128, 16.908354, 10.729487, 42.305667, 56.866902, 114.21946, 41.043081, 14.199216, 54.05363, 78.43423, 81.64866, 13.786204};