name="LSHADE-cnEpSin CEC17";
dim=50;
bound=3;
testID=28;
(*--------*)
min=450.63654;
max=457.74049;
median=454.82843;
mean=454.825749019608;
std=1.4588861182206871;
(*--------*)
data={453.20255, 453.39426, 453.90535, 455.79918, 456.60302, 454.70276, 455.37983, 455.34247, 456.16125, 455.80139, 456.7797, 455.19474, 456.9061, 452.36303, 454.21616, 452.45764, 457.74049, 454.34003, 456.28164, 453.68531, 454.21232, 454.20127, 456.73856, 455.9215, 453.96302, 454.61327, 456.20021, 455.08263, 456.36379, 454.56523, 452.08529, 453.07255, 454.82843, 453.78457, 456.01708, 454.41229, 456.46424, 456.37932, 454.61629, 455.14585, 453.97814, 453.31715, 453.44614, 455.68562, 456.4651, 455.1729, 453.71294, 455.81315, 453.21071, 450.63654, 455.7502};