name="LSHADE-cnEpSin CEC17";
dim=50;
bound=1;
testID=27;
(*--------*)
min=509.949;
max=593.63828;
median=535.22063;
mean=536.5774409803922;
std=14.548061567379108;
(*--------*)
data={539.08511, 539.96169, 532.76877, 522.57382, 535.39955, 531.47185, 541.41693, 593.63828, 540.27914, 550.47061, 526.55209, 538.82091, 528.12083, 525.72773, 525.66693, 549.71152, 523.03707, 536.85632, 535.22063, 511.98277, 509.949, 567.16328, 538.01892, 549.631, 518.03115, 533.39458, 538.45032, 540.49625, 526.51606, 523.23984, 532.89351, 534.03959, 534.66611, 562.1634, 520.76244, 538.87859, 535.52708, 532.45003, 531.67794, 540.37897, 544.35124, 533.89646, 525.01625, 561.45856, 524.81145, 566.64922, 536.53768, 540.78114, 531.18061, 526.85373, 536.82254};