name="LSHADE-cnEpSin CEC17";
dim=50;
bound=2;
testID=13;
(*--------*)
min=7.3619721;
max=137.21728;
median=58.840244;
mean=67.03391688431371;
std=34.353027205008416;
(*--------*)
data={84.407723, 113.74002, 42.957704, 116.5433, 52.977712, 60.171581, 137.21728, 56.444653, 46.054027, 44.083059, 28.979929, 114.50369, 79.930241, 93.846353, 82.539003, 41.837177, 82.994154, 42.752185, 58.840244, 120.33594, 43.2476, 67.259488, 74.402954, 108.89049, 7.831435, 58.290218, 44.862794, 84.230988, 39.573908, 110.37789, 77.501965, 128.70927, 110.90407, 83.974092, 117.29634, 13.969569, 45.582575, 10.345871, 39.318808, 15.135322, 41.622851, 7.3619721, 76.671151, 48.640195, 41.711081, 46.800107, 78.653606, 44.476047, 46.521945, 122.86343, 80.545754};