name="LSHADE-cnEpSin CEC17";
dim=50;
bound=0;
testID=20;
(*--------*)
min=85.101958;
max=324.79647;
median=135.93536;
mean=149.35666039215684;
std=58.506893510716594;
(*--------*)
data={106.97271, 111.41301, 136.29867, 110.49917, 103.02435, 126.8884, 153.79433, 140.78147, 85.782204, 148.43398, 239.98303, 125.77564, 92.498097, 85.101958, 117.76101, 142.18477, 109.89286, 202.3383, 98.630738, 114.60374, 150.04708, 151.12579, 98.10519, 115.5552, 114.67745, 135.93536, 114.70249, 91.575161, 114.6066, 112.59493, 144.14584, 143.90835, 146.53585, 189.06802, 164.71886, 259.31383, 265.07518, 192.05229, 119.72093, 324.79647, 90.573512, 214.26743, 148.16188, 243.08113, 124.05777, 108.78057, 137.37533, 256.4856, 323.2005, 139.75727, 130.52938};