name="LSHADE-cnEpSin CEC17";
dim=50;
bound=4;
testID=4;
(*--------*)
min=8.0211279;
max=142.30214;
median=27.916572;
mean=53.24584062941176;
std=45.43004071921642;
(*--------*)
data={27.714568, 27.406014, 8.0308322, 142.08814, 27.891825, 27.892165, 27.464607, 124.91526, 27.911959, 27.927886, 97.437107, 27.937918, 27.801423, 123.89591, 27.834713, 27.743517, 122.82327, 27.96719, 8.0272403, 142.30214, 27.799467, 27.974804, 142.10695, 27.719006, 27.964445, 8.0348599, 27.993541, 28.018725, 120.96084, 27.262837, 28.05455, 27.884692, 27.632184, 97.905445, 27.847412, 28.07355, 27.884439, 27.819566, 96.634982, 8.0287478, 142.26511, 27.916572, 8.0211279, 142.26269, 97.662743, 27.705142, 31.914194, 118.9385, 96.632012, 27.731888, 27.873166};