name="LSHADE-cnEpSin CEC17";
dim=50;
bound=0;
testID=7;
(*--------*)
min=69.733951;
max=93.918816;
median=76.787025;
mean=79.52995047058823;
std=7.316705950905384;
(*--------*)
data={69.766111, 87.255284, 89.576477, 75.123344, 78.562265, 72.497412, 89.751091, 79.271272, 76.787025, 89.713287, 77.155359, 87.986151, 69.733951, 90.354845, 72.510374, 80.896618, 78.181685, 80.360076, 75.64768, 70.941603, 74.465157, 74.237651, 73.620873, 81.782406, 83.766692, 85.164918, 80.78774, 92.892618, 74.927995, 93.918816, 91.800835, 75.291129, 72.222495, 92.639643, 69.783475, 74.914234, 75.145201, 77.632028, 74.13256, 76.159314, 75.357123, 75.982359, 86.011669, 91.495013, 78.232921, 73.08554, 74.347, 74.833818, 76.779575, 69.95108, 92.593686};