name="LSHADE-cnEpSin CEC17";
dim=50;
bound=0;
testID=23;
(*--------*)
min=425.69285;
max=456.30234;
median=440.70861;
mean=442.1204233333333;
std=6.981287939578963;
(*--------*)
data={425.69285, 456.30234, 443.37782, 439.62516, 449.90672, 438.00836, 445.4921, 437.14044, 440.94276, 441.81225, 438.25187, 450.08475, 439.68643, 432.51914, 436.30931, 449.35126, 439.41578, 436.04526, 440.70861, 451.65677, 452.76269, 432.49676, 439.80658, 448.22107, 435.62369, 444.04429, 447.07289, 442.67324, 436.5809, 445.89122, 447.05959, 449.23712, 444.91026, 432.15954, 453.53699, 437.89722, 451.56456, 438.1268, 447.51791, 436.92486, 454.18707, 453.43033, 435.65472, 430.55654, 436.97937, 442.5287, 439.85894, 439.93831, 446.25575, 438.79226, 433.52144};