name="LSHADE-cnEpSin CEC17";
dim=50;
bound=4;
testID=20;
(*--------*)
min=81.473037;
max=295.14053;
median=125.03539;
mean=135.11759192156865;
std=45.92694982001238;
(*--------*)
data={98.191358, 160.8943, 266.21283, 117.89529, 119.28308, 127.42389, 133.64433, 293.92497, 250.25589, 119.98971, 119.02007, 141.3406, 101.05395, 123.44991, 128.8206, 125.03539, 128.19342, 109.63442, 170.5557, 295.14053, 112.17509, 158.14287, 108.19587, 109.80837, 81.473037, 143.29983, 101.05669, 121.61753, 112.67713, 143.35103, 136.20783, 132.45841, 123.72623, 125.79708, 114.30734, 114.28941, 129.86057, 126.22109, 132.264, 130.71898, 110.80318, 129.30922, 102.09371, 139.59252, 171.06814, 141.33171, 113.5535, 113.50592, 96.058892, 98.850617, 87.221154};