name="LSHADE-cnEpSin CEC17";
dim=50;
bound=5;
testID=11;
(*--------*)
min=16.984037;
max=24.795804;
median=22.325401;
mean=22.063076901960777;
std=1.9651042662689655;
(*--------*)
data={22.609291, 24.583178, 23.262863, 24.083685, 21.619031, 22.929361, 22.344711, 20.735532, 23.594514, 23.941602, 24.541424, 20.464276, 20.87033, 19.808249, 24.199474, 21.116733, 22.122761, 20.573993, 20.915988, 22.858717, 23.6182, 22.325401, 23.024013, 22.492446, 23.161463, 24.128297, 20.916774, 21.953758, 24.008561, 17.05635, 21.186062, 21.233216, 23.497366, 20.05828, 21.976461, 18.413917, 21.510244, 17.103672, 24.546349, 23.039899, 22.269613, 24.795804, 21.67328, 19.005086, 22.307246, 20.971573, 23.113515, 23.742302, 23.770113, 24.157911, 16.984037};