name="LSHADE-cnEpSin CEC17";
dim=50;
bound=4;
testID=7;
(*--------*)
min=67.810325;
max=93.886136;
median=78.057092;
mean=79.57819807843138;
std=6.310222250871885;
(*--------*)
data={74.653256, 82.140325, 85.181813, 76.55512, 82.986453, 78.057092, 77.339397, 74.540036, 75.551305, 86.361386, 92.239665, 72.065849, 79.503137, 71.164387, 74.096375, 75.668708, 93.886136, 77.969994, 73.943296, 75.713045, 85.896014, 84.087685, 84.682804, 71.997643, 73.702179, 78.39852, 78.869658, 72.622169, 77.901215, 75.891606, 77.212523, 77.435769, 67.810325, 71.853706, 77.410387, 88.319219, 80.042672, 80.807765, 80.72841, 89.347159, 87.216043, 78.477348, 73.278067, 88.208886, 78.885444, 83.038493, 72.882867, 91.117622, 72.758496, 90.609188, 87.381445};