name="LSHADE-cnEpSin CEC17";
dim=50;
bound=5;
testID=28;
(*--------*)
min=454.79372;
max=504.8785;
median=456.72144;
mean=457.532757254902;
std=6.790515157160043;
(*--------*)
data={457.39274, 457.71699, 456.92741, 456.05493, 456.07861, 457.07891, 456.59242, 456.9112, 456.90693, 504.8785, 457.22881, 455.98736, 456.98314, 457.04779, 455.5381, 456.89937, 457.57789, 456.03248, 456.87009, 457.25312, 456.63104, 455.78924, 455.57504, 456.67053, 457.23018, 457.36536, 456.47067, 456.73746, 456.90988, 457.28598, 455.99648, 456.80165, 455.72706, 456.4056, 456.12512, 456.65321, 456.67681, 456.88549, 455.51431, 454.79372, 457.15779, 456.67562, 455.56409, 457.31541, 455.91398, 456.85588, 456.17142, 456.42613, 456.80654, 456.72144, 456.3607};