name="LSHADE-cnEpSin CEC17";
dim=50;
bound=4;
testID=10;
(*--------*)
min=2652.0263;
max=3962.4798;
median=3560.1831;
mean=3466.303762745098;
std=333.02953600057634;
(*--------*)
data={3235.4078, 3595.5848, 2919.715, 3683.0496, 3560.8817, 3059.1876, 3798.5023, 3861.4514, 3272.7167, 3831.018, 3518.1842, 3962.4798, 3664.0355, 3251.3943, 3654.3875, 3801.2009, 3919.4459, 3881.0951, 3244.2921, 2856.7714, 2945.7198, 3067.2631, 3805.5635, 3516.6638, 3143.4949, 3315.8575, 2770.16, 3498.7901, 3695.7774, 3714.1425, 3460.7641, 3560.1831, 3270.4218, 3089.7201, 3778.5094, 3545.6189, 3578.6893, 3790.7033, 3141.4503, 3391.9185, 3529.6856, 3789.1411, 3034.1842, 3027.5515, 3620.2776, 3694.9741, 3667.3467, 3651.7653, 3719.7075, 3742.619, 2652.0263};