name="LSHADE-cnEpSin CEC17";
dim=50;
bound=5;
testID=8;
(*--------*)
min=16.974121;
max=43.245918;
median=31.021526;
mean=29.969080509803927;
std=6.853538838660158;
(*--------*)
data={24.642736, 43.245918, 35.640414, 33.25085, 21.821855, 36.332204, 26.632748, 22.790734, 29.270509, 22.657986, 24.818505, 29.937738, 17.885984, 22.641391, 35.312546, 38.48843, 36.265994, 34.874293, 16.974121, 35.629922, 23.620866, 34.651841, 31.09922, 21.957901, 34.972379, 34.100151, 22.670235, 25.446214, 35.955422, 35.599735, 38.981922, 21.417998, 31.021526, 34.310358, 25.937591, 37.030256, 28.666977, 22.220424, 18.573899, 33.385374, 22.16801, 34.489216, 37.013871, 36.700714, 20.740248, 37.270217, 26.639438, 24.077746, 30.218466, 39.607125, 38.762888};