name="LSHADE-cnEpSin CEC17";
dim=50;
bound=3;
testID=11;
(*--------*)
min=18.988713;
max=30.510798;
median=23.902705;
mean=23.719820058823533;
std=2.494593650985237;
(*--------*)
data={22.474364, 25.131961, 26.365428, 24.614242, 24.269906, 19.176535, 26.038741, 21.862265, 24.436916, 28.320033, 20.035943, 22.379806, 26.086047, 26.928849, 22.049815, 24.341041, 22.443178, 23.04237, 25.907075, 24.729206, 22.524189, 24.985543, 20.169036, 19.153133, 25.037067, 21.13634, 26.876415, 26.104982, 22.784387, 20.720962, 25.310801, 21.37381, 22.41566, 30.510798, 24.561902, 19.089454, 23.356645, 23.941537, 24.182138, 26.519483, 23.902705, 23.508147, 27.527192, 21.385364, 25.149866, 25.129824, 23.64119, 18.988713, 23.315648, 23.714633, 22.059538};