name="LSHADE-cnEpSin CEC17";
dim=50;
bound=5;
testID=30;
(*--------*)
min=576599.51;
max=861156.99;
median=647540.13;
mean=659337.2972549021;
std=74077.85656164028;
(*--------*)
data={861156.99, 747169.86, 606238.37, 598184.21, 625758.66, 647540.13, 696653.78, 653823.55, 606918.26, 649544.23, 641060.7, 673492.44, 636381.8, 672082.93, 598060.49, 589502.97, 689697.26, 590457.09, 649024.87, 647086.27, 675209.85, 634821.53, 672548.06, 724907.41, 662419.33, 598979.9, 595988.84, 848972.94, 644242.44, 607345.92, 578041.03, 576599.51, 759916.2, 761865.66, 669546.19, 648372.01, 761929.02, 787653.68, 577579.4, 636103.02, 660685.53, 579354.91, 578341.27, 595291.38, 577960.01, 860141.38, 578488.13, 700680.23, 664313.16, 715672.29, 612397.07};