name="LSHADE-cnEpSin CEC17";
dim=50;
bound=5;
testID=26;
(*--------*)
min=1061.3328;
max=1408.4492;
median=1282.0865;
mean=1253.1339333333337;
std=106.37349485499793;
(*--------*)
data={1157.7618, 1148.0469, 1300.2634, 1339.4304, 1326.1359, 1074.8771, 1312.6711, 1089.2644, 1365.1218, 1318.041, 1135.8155, 1145.441, 1355.3953, 1343.7141, 1251.9511, 1156.8966, 1342.7876, 1400.8858, 1303.855, 1061.3328, 1372.6826, 1340.6496, 1198.5425, 1347.9452, 1070.3391, 1312.1714, 1322.0201, 1364.1552, 1282.0865, 1407.1589, 1090.6684, 1364.2961, 1217.4988, 1065.4838, 1280.2223, 1228.6345, 1142.3539, 1212.4449, 1347.7563, 1321.35, 1312.6135, 1397.3321, 1267.9734, 1408.4492, 1224.7395, 1068.8248, 1284.5676, 1219.3066, 1110.7806, 1178.2446, 1218.85};