name="LSHADE-cnEpSin CEC17";
dim=50;
bound=2;
testID=18;
(*--------*)
min=20.508756;
max=27.178846;
median=22.889789;
mean=23.39510266666667;
std=1.6315435732176773;
(*--------*)
data={21.391916, 24.644983, 20.720696, 24.714752, 25.691496, 21.587223, 22.580401, 22.240008, 21.656089, 23.495167, 22.889789, 24.208035, 21.910966, 26.572348, 21.66134, 23.646234, 24.907877, 21.550335, 23.96775, 22.728625, 22.764013, 25.44785, 22.166223, 24.653879, 24.900064, 22.767988, 23.102345, 23.544107, 22.495386, 22.437945, 21.56816, 27.178846, 25.929879, 22.573123, 20.508756, 23.271419, 24.835967, 23.887156, 22.928324, 24.876732, 26.464011, 22.06633, 24.580326, 21.614943, 21.485487, 25.715472, 22.810325, 25.764063, 22.714038, 22.613477, 22.717572};