name="LSHADE-cnEpSin CEC17";
dim=50;
bound=4;
testID=13;
(*--------*)
min=7.3728452;
max=120.30303;
median=67.628935;
mean=67.3571772980392;
std=35.55017329786216;
(*--------*)
data={111.56799, 44.174105, 18.223273, 82.73365, 86.836039, 47.703024, 67.628935, 41.837196, 107.69152, 47.573011, 17.831556, 78.109209, 13.194069, 106.7068, 115.91311, 17.152436, 49.918618, 115.62851, 48.01446, 81.144057, 42.978367, 40.28416, 105.68032, 116.15986, 78.688967, 120.30303, 16.547195, 46.811966, 86.215264, 90.40777, 44.749802, 48.157346, 52.41229, 79.318882, 113.66127, 17.318324, 108.59135, 73.143018, 108.33303, 109.44164, 10.771856, 63.161165, 92.41902, 54.481492, 7.3728452, 46.529207, 118.21779, 74.339782, 43.726491, 12.083525, 113.32745};