name="LSHADE-cnEpSin CEC17";
dim=50;
bound=2;
testID=2;
(*--------*)
min=0.;
max=6.;
median=0.;
mean=1.196078431372549;
std=1.4699606504003735;
(*--------*)
data={4., 2., 3., 2., 4., 2., 0., 1., 0., 0., 0., 2., 2., 0., 0., 2., 2., 2., 0., 4., 0., 0., 0., 0., 0., 0., 2., 2., 2., 1., 0., 3., 2., 3., 0., 0., 0., 1., 0., 0., 0., 0., 1., 0., 3., 3., 0., 0., 6., 0., 0.};