name="LSHADE-cnEpSin CEC17";
dim=50;
bound=1;
testID=28;
(*--------*)
min=456.9187;
max=506.91427;
median=457.74395;
mean=458.67530882352935;
std=6.896813583667069;
(*--------*)
data={457.74788, 458.19326, 458.16677, 506.91427, 457.45518, 457.95557, 457.11136, 457.48794, 458.08067, 457.56654, 457.95075, 457.316, 457.32693, 457.86456, 457.67276, 457.88684, 457.54605, 458.09408, 457.57651, 457.62871, 457.28234, 457.74395, 457.65458, 457.7865, 457.3139, 458.33472, 457.24266, 457.7126, 457.81594, 457.41551, 456.9187, 457.2075, 457.82182, 457.96828, 457.95323, 457.71573, 458.16341, 457.33158, 458.0316, 458.06164, 457.97767, 458.07561, 457.55859, 457.81365, 457.83554, 457.76516, 457.68904, 457.42288, 457.86643, 457.69914, 457.71822};