name="LSHADE-cnEpSin CEC17";
dim=50;
bound=3;
testID=22;
(*--------*)
min=100.;
max=4606.8169;
median=100.;
mean=346.21329549019606;
std=984.6123194693242;
(*--------*)
data={100., 100., 100., 100., 100., 100., 100., 4220.5817, 100., 100., 117.27126, 100., 127.05593, 3877.4334, 100.33309, 100., 100., 100., 100.46922, 100., 101.19557, 112.58379, 100., 100., 100., 102.5324, 100., 100., 100., 100., 100., 100., 100., 100., 100., 158.29753, 100., 100., 4606.8169, 100., 100., 120.02563, 112.23233, 100., 100., 100., 100., 100., 100., 100.04932, 100.};