name="LSHADE-cnEpSin CEC17";
dim=50;
bound=4;
testID=19;
(*--------*)
min=10.810727;
max=23.966632;
median=18.05325;
mean=17.713339294117645;
std=3.0663942930820642;
(*--------*)
data={20.890868, 18.05325, 17.135798, 21.578726, 14.848645, 13.353377, 14.921759, 21.254784, 16.624301, 16.542255, 23.741891, 14.187087, 12.660981, 19.712765, 15.753025, 19.829834, 23.966632, 19.534348, 16.019896, 19.535539, 17.185829, 18.835106, 19.888134, 14.473144, 16.917682, 15.944187, 15.971226, 21.397367, 18.707148, 16.470699, 15.942813, 10.810727, 20.93745, 19.635805, 12.871889, 12.823897, 18.782949, 16.370812, 16.600127, 23.166092, 18.816946, 21.32473, 20.118006, 20.505236, 18.471336, 18.884769, 13.911311, 19.67545, 14.603674, 14.021309, 19.168693};