name="LSHADE-cnEpSin CEC17";
dim=50;
bound=2;
testID=23;
(*--------*)
min=403.94758;
max=453.85532;
median=434.95736;
mean=434.8191496078431;
std=9.85492668384275;
(*--------*)
data={430.64853, 427.81192, 444.30966, 437.392, 423.06379, 426.74635, 453.85532, 429.85577, 426.45687, 438.06949, 428.28502, 446.48405, 435.75264, 429.80596, 436.49579, 438.34168, 434.95736, 441.57016, 437.60306, 427.30927, 443.82841, 429.77401, 435.98642, 423.68492, 435.06468, 429.26086, 448.50458, 419.10412, 422.35593, 403.94758, 445.186, 432.40096, 449.1791, 429.57916, 442.63135, 451.65199, 431.30597, 434.75219, 431.85064, 442.78891, 415.87952, 430.57703, 441.00722, 433.93893, 447.41171, 441.90384, 427.24818, 443.71885, 424.66122, 445.08362, 446.69404};