name="LSHADE-cnEpSin CEC17";
dim=50;
bound=1;
testID=11;
(*--------*)
min=20.221876;
max=27.297042;
median=24.139438;
mean=23.963513568627448;
std=1.9143470973025685;
(*--------*)
data={24.841703, 21.834715, 24.710552, 22.345915, 24.454188, 25.100759, 22.192792, 23.588096, 21.167851, 21.70043, 24.250959, 22.343816, 25.942639, 23.105969, 25.167067, 26.100939, 25.203484, 23.711458, 23.4059, 20.221876, 26.438308, 22.57072, 24.564888, 23.144507, 22.193822, 26.613276, 25.043549, 25.813454, 25.663825, 27.297042, 25.647428, 24.725863, 20.738927, 23.975642, 27.143421, 21.101131, 22.829274, 21.363466, 24.869039, 26.569768, 25.533379, 25.387031, 20.620999, 23.942664, 22.09811, 26.282392, 22.540248, 27.160157, 22.696765, 24.139438, 22.039551};