name="LSHADE-cnEpSin CEC17";
dim=50;
bound=4;
testID=2;
(*--------*)
min=0.;
max=8.;
median=1.;
mean=1.588235294117647;
std=1.5896725522979294;
(*--------*)
data={1., 1., 0., 3., 8., 2., 1., 3., 0., 3., 3., 3., 1., 0., 3., 1., 2., 0., 2., 4., 0., 0., 3., 1., 4., 3., 0., 2., 1., 0., 1., 3., 2., 2., 1., 1., 2., 2., 0., 2., 1., 1., 5., 0., 2., 0., 0., 0., 0., 0., 1.};