name="LSHADE-cnEpSin CEC17";
dim=50;
bound=0;
testID=2;
(*--------*)
min=0.;
max=16.;
median=1.;
mean=1.6470588235294117;
std=2.8200959516425317;
(*--------*)
data={1., 1., 0., 0., 0., 8., 0., 0., 2., 5., 2., 0., 0., 0., 16., 1., 1., 5., 0., 2., 0., 0., 0., 2., 1., 1., 1., 0., 5., 3., 0., 0., 0., 2., 7., 4., 0., 2., 0., 1., 0., 4., 4., 1., 0., 0., 0., 1., 0., 0., 1.};