name="LSHADE-cnEpSin CEC17";
dim=50;
bound=5;
testID=5;
(*--------*)
min=13.657161;
max=38.407109;
median=28.887297;
mean=27.864645588235295;
std=7.48184448428585;
(*--------*)
data={33.40784, 23.120256, 20.255722, 35.59224, 35.500641, 35.437293, 36.376091, 25.665614, 17.32059, 32.283793, 20.854614, 20.439039, 20.318705, 34.136654, 18.109132, 16.934064, 21.070235, 24.233004, 37.026764, 36.598677, 33.279716, 31.161791, 31.736973, 27.450028, 31.521468, 22.170391, 22.950939, 31.442206, 22.568314, 35.075425, 30.010221, 28.7651, 36.85101, 34.944902, 22.810562, 21.022947, 38.407109, 31.456487, 35.268973, 21.054045, 16.78439, 37.083497, 28.887297, 38.257594, 22.843281, 17.279577, 13.657161, 15.250593, 38.355977, 35.731976, 22.336007};