name="LSHADE-cnEpSin CEC17";
dim=50;
bound=3;
testID=16;
(*--------*)
min=148.67784;
max=722.40053;
median=508.66556;
mean=494.52502803921567;
std=120.67984382171966;
(*--------*)
data={437.17088, 692.79969, 437.9472, 556.41133, 489.13627, 544.27219, 411.22684, 555.97519, 626.62231, 539.10392, 455.08294, 573.33632, 487.35838, 484.19811, 534.00492, 554.15467, 442.61223, 508.66556, 512.52559, 522.46853, 616.4684, 642.72501, 527.17204, 675.9862, 500.14241, 148.67784, 425.74482, 389.68396, 634.41352, 513.82077, 494.5424, 579.94886, 262.91467, 495.66408, 397.80893, 211.80559, 513.70639, 722.40053, 529.92299, 477.46752, 305.25257, 506.03352, 635.10895, 587.07148, 508.06678, 264.56878, 596.26768, 291.85155, 573.85222, 485.39359, 341.21931};