name="LSHADE-cnEpSin CEC17";
dim=50;
bound=0;
testID=8;
(*--------*)
min=14.964461;
max=39.625211;
median=27.506536;
mean=28.334531313725485;
std=7.227791860424089;
(*--------*)
data={15.873223, 21.100131, 39.625211, 34.519986, 17.368769, 20.863512, 35.266747, 31.762507, 36.585726, 37.971212, 20.954699, 14.964461, 25.424542, 23.425247, 34.650375, 37.952814, 34.028103, 31.354743, 36.34481, 20.539435, 23.541509, 33.666477, 39.041244, 29.155335, 16.54934, 26.962828, 24.445645, 27.506536, 32.894464, 31.142524, 35.781444, 22.853343, 35.781065, 35.2352, 22.478934, 27.038939, 20.139173, 22.448456, 39.024453, 24.314536, 26.875667, 19.583494, 35.634044, 32.214785, 20.763574, 18.061259, 22.105716, 27.138741, 34.751194, 36.844402, 30.510523};