name="LSHADE-cnEpSin CEC17";
dim=50;
bound=1;
testID=20;
(*--------*)
min=84.889073;
max=324.13098;
median=158.36314;
mean=176.44898768627453;
std=70.19352941640905;
(*--------*)
data={141.98933, 161.49376, 114.02136, 99.348264, 209.09189, 174.10636, 145.46502, 94.784997, 122.8157, 125.25561, 126.2174, 124.39706, 179.13968, 204.21833, 265.24457, 97.658589, 155.66256, 307.9257, 256.66796, 299.95685, 131.22733, 159.3727, 135.05385, 324.13098, 303.92906, 144.15268, 106.70258, 249.44447, 189.27895, 158.36314, 227.77041, 146.7575, 272.21846, 205.27363, 88.163589, 164.54041, 254.02938, 106.77318, 89.60817, 106.78873, 312.19674, 196.11259, 297.66733, 162.33207, 128.30381, 244.75511, 152.67892, 236.48159, 109.0246, 84.889073, 105.41635};