name="LSHADE-cnEpSin CEC17";
dim=50;
bound=1;
testID=16;
(*--------*)
min=178.22135;
max=724.35033;
median=489.21945;
mean=459.12123843137255;
std=126.56567673919791;
(*--------*)
data={543.04757, 416.30398, 377.78979, 724.35033, 560.60575, 360.42073, 657.06791, 549.14258, 412.37995, 299.97801, 526.30574, 543.30974, 178.22135, 402.44544, 571.37454, 583.81992, 216.65147, 509.68873, 417.51723, 528.51123, 428.90018, 212.23918, 373.83211, 597.417, 311.79332, 259.02054, 645.95881, 361.43032, 655.05778, 418.51119, 548.11617, 574.01007, 481.93574, 328.30068, 389.20439, 491.26227, 181.63294, 492.13951, 598.91561, 388.74468, 541.47599, 362.84369, 430.44576, 489.21945, 490.16768, 528.94596, 537.14094, 533.05449, 405.12252, 423.44494, 555.96726};