name="LSHADE-cnEpSin CEC17";
dim=50;
bound=2;
testID=7;
(*--------*)
min=65.86753;
max=94.209152;
median=77.663985;
mean=79.78888366666665;
std=7.171145306151042;
(*--------*)
data={90.473905, 82.25681, 88.357296, 74.667473, 65.86753, 74.50036, 81.230317, 78.709316, 89.808135, 91.069193, 78.985469, 83.655267, 87.469131, 69.746138, 77.267647, 76.938859, 89.260662, 75.980128, 73.875248, 88.547574, 76.121434, 75.362492, 90.749718, 80.388235, 87.924984, 77.340706, 75.549333, 66.325173, 76.313525, 77.663985, 86.838874, 72.554077, 69.618852, 88.884319, 68.026795, 80.987776, 76.820316, 79.188267, 92.244992, 72.902546, 73.656074, 78.27358, 72.923618, 88.109048, 80.240658, 83.474856, 77.478455, 76.936552, 75.896495, 94.209152, 77.561722};