name="LSHADE-cnEpSin CEC17";
dim=50;
bound=3;
testID=30;
(*--------*)
min=457853.38;
max=655587.72;
median=586862.23;
mean=591744.7211764705;
std=34328.80580064268;
(*--------*)
data={457853.38, 616241.56, 608709.33, 550742.22, 579143.69, 544120.87, 575601.67, 598638.39, 583958.2, 630356.04, 583187.19, 589014.55, 648585.01, 599262.7, 585299.07, 613175.17, 583509.81, 579307.78, 630610.49, 654691.56, 616275.65, 578147.45, 522830.88, 617450.86, 579840.48, 591182.11, 579801.1, 596703.56, 655587.72, 626408.19, 579557.86, 581079.81, 525212.26, 586598.62, 585792.32, 607449.34, 580313.72, 595520.03, 650590.65, 588763.36, 590067.29, 582322.49, 590935.89, 581461.56, 586862.23, 581698.78, 652181.24, 587122., 582413.54, 600115.2, 586685.91};