name="LSHADE-cnEpSin CEC17";
dim=50;
bound=3;
testID=12;
(*--------*)
min=277.20288;
max=1576.9605;
median=775.78109;
mean=813.523170980392;
std=281.8876790006566;
(*--------*)
data={471.03098, 844.22336, 277.20288, 1024.0776, 1030.0429, 1056.4657, 393.06275, 971.87232, 561.80167, 498.45979, 680.44143, 485.83805, 727.85884, 621.49013, 1215.896, 585.12453, 775.78109, 732.23712, 617.96933, 1213.3655, 762.78148, 624.45446, 417.79584, 1576.9605, 1041.4104, 708.99153, 1253.9715, 397.00554, 1162.6915, 1170.096, 839.48632, 950.2247, 752.79048, 683.29262, 727.51801, 899.65928, 909.94714, 959.22333, 878.29408, 938.3176, 1004.2208, 1156.1929, 486.53656, 393.76386, 1041.5398, 1112.7374, 1129.4543, 659.05518, 973.22347, 671.08572, 422.71745};