name="LSHADE-cnEpSin CEC17";
dim=50;
bound=3;
testID=4;
(*--------*)
min=21.483471;
max=160.26209;
median=24.67709;
mean=62.27480713725491;
std=47.365768658711715;
(*--------*)
data={22.756973, 22.80376, 109.94942, 22.470461, 106.78819, 97.077737, 160.26209, 142.2458, 24.67709, 24.62888, 23.858865, 92.695277, 105.23885, 22.09905, 103.13011, 24.903549, 21.702901, 99.391937, 23.759953, 141.57455, 22.999102, 21.983286, 21.483471, 22.817732, 27.140953, 22.868605, 24.881044, 103.15726, 135.91557, 23.309785, 22.65087, 104.51802, 100.94035, 101.74717, 106.35435, 22.920475, 100.60204, 24.186102, 22.874171, 99.769093, 21.92925, 93.103979, 24.398177, 22.891614, 22.645889, 23.904933, 160.14512, 92.993467, 23.140354, 141.96365, 23.763839};