name="LSHADE-cnEpSin CEC17";
dim=50;
bound=4;
testID=30;
(*--------*)
min=577542.2;
max=879182.26;
median=647967.24;
mean=641627.1358823531;
std=59314.66947873074;
(*--------*)
data={879182.26, 650911.52, 578647.55, 612919.01, 577550.18, 579072.6, 626214.03, 759260.1, 718313.48, 578460.01, 613536.39, 578699.84, 579014.14, 651119.54, 597440.29, 577963.92, 661437., 632975.41, 626304.76, 579409.43, 648588.52, 723173.7, 577542.2, 718905.64, 648898.04, 578659.96, 580686.36, 650984.14, 607182.86, 650983.69, 691475.51, 648201.93, 590110.96, 648367.71, 647967.24, 647591.87, 662252.52, 678671.21, 692651.55, 647858.23, 653137.97, 578862.68, 589901.02, 589814.57, 689199.7, 700923.85, 704795.78, 716459.14, 591826.29, 660613.26, 648264.37};