name="LSHADE-cnEpSin CEC17";
dim=50;
bound=5;
testID=17;
(*--------*)
min=71.909825;
max=458.94225;
median=248.91984;
mean=258.2188897058824;
std=98.60693823772112;
(*--------*)
data={234.40511, 200.59756, 239.47718, 231.75169, 237.91898, 386.32786, 71.909825, 261.68653, 234.37247, 324.7648, 260.36938, 167.69237, 242.69543, 338.38297, 416.85134, 252.24108, 458.94225, 318.23935, 388.35076, 175.08147, 206.08958, 376.49794, 133.46607, 336.20183, 299.36404, 113.52781, 354.06838, 248.91984, 135.17011, 366.19263, 328.18625, 96.934681, 365.18433, 189.12438, 99.230991, 265.61006, 231.01061, 423.66929, 274.17535, 150.27574, 290.07122, 261.08947, 115.24525, 96.823988, 223.62274, 431.68944, 375.28103, 245.82155, 301.53194, 247.49886, 145.52957};