name="LSHADE-cnEpSin CEC17";
dim=50;
bound=4;
testID=21;
(*--------*)
min=217.4994;
max=242.63289;
median=226.96851;
mean=228.69078294117645;
std=7.911320250444243;
(*--------*)
data={222.27441, 226.19087, 217.73995, 228.05436, 218.07817, 226.10063, 238.46366, 239.44599, 221.52049, 223.65933, 227.26834, 230.92144, 229.2189, 225.63357, 239.97227, 234.96704, 219.60845, 242.63289, 240.04741, 224.33606, 218.82255, 234.74046, 235.88404, 237.03819, 221.84461, 223.11991, 241.84436, 223.16871, 218.67167, 240.32098, 227.41749, 226.96851, 227.54487, 224.64903, 223.01868, 236.99154, 230.30673, 220.91603, 220.24941, 226.85243, 227.37472, 241.67271, 218.2667, 224.40043, 241.66893, 237.87465, 232.16167, 217.4994, 220.15772, 240.5219, 225.12667};