name="LSHADE-cnEpSin CEC17";
dim=50;
bound=4;
testID=27;
(*--------*)
min=507.80229;
max=539.94447;
median=521.89241;
mean=521.7494578431372;
std=7.044883105106376;
(*--------*)
data={511.11435, 539.94447, 518.92832, 521.29495, 518.78711, 522.53387, 520.4773, 525.4375, 524.08793, 523.26194, 518.18264, 526.10457, 507.80229, 510.7046, 512.36285, 519.57083, 526.1282, 517.78762, 518.41534, 529.90213, 526.78293, 517.08557, 515.40582, 513.13376, 521.89241, 511.01274, 517.01561, 526.28567, 528.64491, 520.1981, 518.00878, 523.52762, 523.3933, 528.0076, 523.80623, 528.38889, 521.46332, 525.09656, 539.0557, 519.81461, 527.12325, 528.30859, 510.57197, 523.55714, 523.77254, 527.90516, 516.4258, 513.87274, 534.71847, 529.71988, 512.39787};