name="LSHADE-cnEpSin CEC17";
dim=50;
bound=3;
testID=8;
(*--------*)
min=14.135139;
max=43.985869;
median=26.191807;
mean=27.35256564705882;
std=7.6642670209906365;
(*--------*)
data={36.457192, 29.574542, 34.810589, 16.295693, 30.623738, 17.453117, 20.044939, 33.793227, 24.636168, 21.665702, 34.585872, 34.048848, 27.504922, 18.321225, 21.317932, 42.62358, 22.592001, 18.811396, 24.806398, 33.335376, 20.240736, 35.105283, 19.635551, 28.581269, 21.469703, 19.220568, 35.508996, 35.502955, 35.32095, 28.197757, 16.259653, 24.847305, 26.191807, 20.869716, 31.743181, 30.791163, 39.534107, 41.20329, 14.135139, 24.07411, 33.727556, 43.985869, 21.984237, 18.068138, 20.203945, 18.799955, 25.352189, 32.510526, 34.598821, 28.171735, 25.842181};