name="LSHADE-cnEpSin CEC17";
dim=50;
bound=3;
testID=6;
(*--------*)
min=1.9177116*^-7;
max=9.7981439*^-6;
median=2.5716372*^-6;
mean=2.905772514117647*^-6;
std=2.1519219189207792*^-6;
(*--------*)
data={2.9691261*^-6, 4.3171576*^-7, 3.8598497*^-6, 1.8120953*^-6, 1.9451683*^-6, 4.7102301*^-6, 1.1986442*^-6, 5.4598465*^-6, 1.9451651*^-6, 2.7108764*^-6, 2.8041354*^-6, 1.19857*^-6, 5.5291478*^-6, 3.1805575*^-7, 9.7981439*^-6, 4.4625386*^-6, 4.937275*^-6, 5.4355687*^-6, 2.0255852*^-6, 4.8517697*^-6, 2.1187622*^-6, 3.7329841*^-6, 1.5297609*^-6, 7.6708477*^-7, 3.732894*^-6, 7.7258551*^-7, 8.0672691*^-6, 9.9078625*^-7, 2.603782*^-6, 1.9177116*^-7, 3.7716936*^-6, 5.3722815*^-6, 1.9173859*^-6, 1.626206*^-6, 1.9462389*^-6, 4.8664416*^-6, 7.6708477*^-7, 4.314852*^-7, 5.4355687*^-6, 1.19857*^-6, 2.5716372*^-6, 4.0521072*^-6, 3.2519363*^-6, 1.1159442*^-6, 3.1068112*^-7, 2.844336*^-6, 3.9567421*^-6, 1.4744411*^-6, 5.9647857*^-7, 7.0105136*^-7, 7.0748994*^-6};