name="LSHADE-cnEpSin CEC17";
dim=50;
bound=3;
testID=29;
(*--------*)
min=356.32868;
max=406.07311;
median=382.67577;
mean=383.8792684313725;
std=11.394427951027176;
(*--------*)
data={391.83918, 375.4698, 384.77732, 370.24002, 380.27123, 377.84755, 389.71591, 376.50804, 382.67577, 386.15264, 377.61771, 399.38434, 395.83395, 393.32627, 390.39151, 356.32868, 371.26891, 386.77563, 380.47538, 380.54352, 381.51597, 404.99636, 376.40143, 397.39735, 395.23463, 384.83831, 367.11153, 390.20158, 376.25922, 401.11594, 392.59601, 377.4875, 400.33749, 384.5829, 380.79259, 379.43808, 370.16548, 392.98958, 368.22503, 395.58819, 396.21135, 396.10042, 389.96413, 381.27063, 406.07311, 368.6474, 389.42049, 358.98469, 379.37734, 372.67258, 374.40202};