name="LSHADE-cnEpSin CEC17";
dim=50;
bound=2;
testID=28;
(*--------*)
min=451.24189;
max=500.509;
median=454.5114;
mean=455.7693735294118;
std=7.5080064819617265;
(*--------*)
data={455.15567, 454.5114, 455.28283, 453.52411, 452.52684, 453.04392, 453.85003, 455.81459, 453.11507, 456.17273, 454.44489, 455.06999, 455.68028, 453.81985, 452.42739, 453.44572, 454.02552, 453.81325, 452.35808, 453.24994, 456.23577, 455.92256, 454.75229, 453.45103, 452.26088, 451.24189, 454.73716, 451.95935, 453.54316, 455.98116, 454.3566, 455.60222, 454.3491, 454.70998, 455.38524, 454.09274, 454.59586, 455.43459, 454.0985, 456.12041, 452.5562, 500.509, 456.34616, 456.08187, 455.12544, 455.36473, 455.90377, 480.94525, 452.67086, 455.17628, 453.3959};