name="LSHADE-cnEpSin CEC17";
dim=50;
bound=5;
testID=22;
(*--------*)
min=100.;
max=4615.2119;
median=131.33329;
mean=1779.5560849019612;
std=1891.999890756485;
(*--------*)
data={100., 3537.6571, 2826.516, 144.46291, 4236.3958, 2719.6014, 3758.9268, 100., 117.35808, 4243.7515, 100., 100., 3575.0203, 100., 2975.0358, 3529.0632, 100., 4022.2452, 100., 3698.3022, 4105.4703, 100., 100., 100., 100., 3818.7908, 4023.069, 100., 4206.9351, 100., 100., 100., 4615.2119, 100., 3330.803, 4170.7413, 100., 100., 131.33329, 100., 3905.4035, 100., 100., 100., 100., 4325.4332, 3973.5118, 202.30645, 3935.2526, 4228.7618, 100.};