name="LSHADE-cnEpSin CEC17";
dim=50;
bound=1;
testID=12;
(*--------*)
min=490.1595;
max=2276.2098;
median=1195.1718;
mean=1228.3557994117648;
std=418.4776317343727;
(*--------*)
data={1105.7925, 1223.8068, 2276.2098, 1717.113, 1080.786, 1281.178, 1021.6386, 1356.4558, 490.1595, 1504.7475, 599.38138, 2113.4984, 986.51596, 1688.7652, 787.18771, 856.25937, 1885.5356, 1272.3009, 631.45932, 729.7333, 843.47537, 1269.2928, 1353.4712, 842.56936, 1034.8083, 740.02586, 1195.1718, 949.6247, 1771.0437, 1962.1093, 1042.3774, 1026.9339, 1324.2229, 1648.4655, 1269.4583, 705.02671, 1042.8101, 1770.1572, 1070.0936, 925.34215, 1630.0098, 1596.0865, 1486.6194, 1449.1456, 712.42318, 1493.6534, 1163.2576, 642.4223, 1759.4634, 1217.6926, 1100.3672};