name="LSHADE-cnEpSin CEC17";
dim=50;
bound=4;
testID=23;
(*--------*)
min=426.68837;
max=458.67191;
median=443.96583;
mean=444.085585490196;
std=8.706041615565207;
(*--------*)
data={454.10439, 441.42806, 428.37678, 449.57849, 443.18581, 455.26616, 449.04366, 433.34344, 438.51441, 438.56207, 448.67182, 453.08397, 440.87628, 444.80648, 450.91699, 437.61956, 440.26438, 440.13636, 436.53296, 456.75119, 443.96583, 446.37512, 437.90634, 446.07731, 447.07141, 452.51102, 433.29842, 453.50072, 451.73799, 457.28488, 449.29272, 454.21751, 429.59538, 453.52805, 442.03991, 454.87588, 448.84349, 439.15945, 444.13262, 458.67191, 430.43437, 435.47491, 437.20519, 428.09586, 455.88973, 454.97785, 437.06824, 441.2987, 438.5772, 437.50522, 426.68837};