name="LSHADE-cnEpSin CEC17";
dim=50;
bound=0;
testID=4;
(*--------*)
min=7.973666;
max=140.5637;
median=26.18655;
mean=46.418685588235284;
std=38.781655245419394;
(*--------*)
data={19.782281, 25.750559, 26.135195, 26.170834, 26.299016, 26.906018, 94.68468, 117.87029, 26.382813, 95.047044, 26.309686, 26.080155, 95.124563, 26.18655, 26.07548, 17.838801, 116.33251, 103.44833, 113.95323, 25.979095, 26.247943, 140.5637, 94.786144, 7.973666, 26.394227, 25.859087, 25.859656, 25.970738, 26.512846, 25.250116, 112.92154, 26.018534, 26.285436, 116.54939, 16.018194, 26.370321, 26.344463, 25.158343, 93.328057, 26.114931, 25.681416, 25.946825, 26.137916, 25.72861, 11.944337, 25.369979, 139.97239, 25.014304, 26.409008, 25.848236, 26.415482};