name="LSHADE-cnEpSin CEC17";
dim=50;
bound=3;
testID=24;
(*--------*)
min=488.06737;
max=512.7813;
median=500.07028;
mean=500.78188666666654;
std=5.246436477252601;
(*--------*)
data={496.82719, 499.73908, 505.57826, 495.64647, 498.31219, 490.22789, 497.88165, 505.06294, 499.97923, 488.06737, 499.60353, 500.46641, 502.51267, 501.39881, 503.3824, 512.7813, 508.84536, 504.6493, 500.09411, 496.51566, 498.96162, 496.83178, 498.64003, 500.69013, 506.3, 503.2288, 498.4531, 508.74172, 500.2435, 496.20355, 500.07028, 503.11078, 498.26252, 509.54921, 502.60848, 505.71954, 503.89098, 498.95011, 495.48655, 509.53285, 507.07667, 499.13611, 500.93943, 492.14209, 495.01669, 498.0581, 498.9384, 499.97468, 507.8679, 490.31281, 507.36599};