name="LSHADE-cnEpSin CEC17";
dim=50;
bound=2;
testID=29;
(*--------*)
min=345.20666;
max=404.33132;
median=373.28913;
mean=373.662752745098;
std=12.55757332409683;
(*--------*)
data={391.62331, 364.95101, 374.90031, 392.12856, 378.03086, 358.17993, 366.43627, 353.22358, 361.62272, 362.49707, 398.6815, 374.75818, 366.10241, 378.45508, 351.42692, 385.5165, 374.56813, 364.55832, 345.20666, 372.08594, 378.30005, 374.172, 370.65538, 359.61573, 379.4919, 360.88845, 377.78578, 388.33342, 379.23299, 388.87119, 379.03588, 378.83028, 353.9942, 387.63634, 368.43112, 361.38429, 384.81789, 371.10386, 398.14954, 372.72784, 370.80695, 367.0153, 373.28913, 376.45698, 388.95069, 371.7316, 372.78015, 360.14609, 404.33132, 373.47651, 369.40428};