name="LSHADE-cnEpSin CEC17";
dim=50;
bound=3;
testID=2;
(*--------*)
min=0.;
max=5.;
median=1.;
mean=1.4705882352941178;
std=1.4050329700967243;
(*--------*)
data={0., 0., 2., 0., 0., 2., 1., 0., 5., 2., 0., 0., 4., 1., 3., 1., 4., 2., 1., 2., 4., 1., 1., 1., 0., 0., 4., 0., 3., 0., 0., 1., 0., 1., 1., 0., 2., 3., 0., 4., 1., 0., 2., 1., 2., 1., 3., 1., 3., 3., 2.};