name="LSHADE-cnEpSin CEC17";
dim=50;
bound=3;
testID=21;
(*--------*)
min=217.48516;
max=242.97672;
median=227.45798;
mean=229.60900019607837;
std=7.070681680174406;
(*--------*)
data={221.50944, 223.17726, 225.72004, 227.45798, 228.26851, 217.48516, 225.45747, 224.79546, 219.75089, 223.11093, 219.24851, 236.19849, 229.81725, 235.22333, 224.73194, 225.93795, 223.66142, 230.66676, 237.97979, 235.079, 235.18478, 222.25075, 225.86768, 232.96412, 241.14396, 242.97672, 221.56757, 224.26364, 227.05824, 236.27013, 238.09441, 219.01929, 223.3748, 239.73134, 235.50827, 236.81474, 236.95076, 224.87335, 235.76267, 238.56171, 237.62136, 222.69912, 240.7421, 237.38016, 230.90578, 227.30004, 228.4756, 225.13383, 239.93508, 224.01406, 222.33537};