name="LSHADE-cnEpSin CEC17";
dim=50;
bound=0;
testID=25;
(*--------*)
min=477.30772;
max=490.69698;
median=480.18797;
mean=480.87420745098035;
std=2.6477163849157557;
(*--------*)
data={480.19874, 480.19195, 489.30859, 480.19787, 480.15892, 480.20155, 480.1694, 480.13679, 480.19267, 480.16351, 480.15902, 480.16732, 477.30772, 480.18891, 480.21499, 480.18427, 480.19296, 480.14266, 489.90667, 480.18803, 480.1524, 480.17811, 480.19161, 480.19322, 480.17303, 490.69698, 480.16302, 480.17559, 480.16197, 480.20218, 480.18797, 480.16649, 480.19032, 480.19313, 489.02788, 480.20417, 480.18683, 480.2187, 480.17188, 480.157, 480.18905, 480.18264, 480.20623, 480.15784, 480.18701, 480.15979, 480.19459, 480.15099, 480.1854, 480.209, 480.19702};