name="LSHADE-cnEpSin CEC17";
dim=50;
bound=0;
testID=22;
(*--------*)
min=100.;
max=4219.5641;
median=100.;
mean=1721.2455843137254;
std=1886.158890876746;
(*--------*)
data={4145.4563, 100., 100., 3394.1915, 3857.1751, 100., 3509.2717, 3554.6915, 100., 3984.529, 100., 100., 3673.8239, 100., 100., 100., 3824.6905, 100., 100., 100., 100., 100., 100., 3940.0063, 3845.3551, 4116.9013, 100., 4219.5641, 100., 100., 3714.8259, 3739.9907, 100., 3456.3998, 3895.4311, 3787.5781, 100., 100., 100., 4077.9779, 3971.5506, 100., 100., 100., 4189.5025, 100., 100., 4011.5418, 3973.0701, 100., 100.};