name="LSHADE-cnEpSin CEC17";
dim=50;
bound=3;
testID=14;
(*--------*)
min=22.24287;
max=30.185964;
median=25.029443;
mean=25.26070770588236;
std=1.71366522589694;
(*--------*)
data={23.415099, 24.912547, 25.892307, 27.238286, 24.058357, 24.945271, 23.328182, 23.221768, 25.256421, 22.24287, 25.16446, 22.896526, 26.442518, 24.111909, 24.613816, 30.185964, 25.679677, 24.278486, 25.029443, 27.112095, 22.738597, 22.869906, 24.588255, 23.518952, 25.019311, 22.312153, 25.221847, 24.041435, 23.285465, 26.589141, 27.090013, 25.400862, 24.528538, 26.462046, 27.000357, 23.970431, 26.380827, 28.160534, 28.082306, 26.188992, 25.717026, 26.499353, 26.964294, 28.264482, 25.638833, 24.914779, 23.55644, 26.361139, 24.596819, 27.329183, 24.977775};