name="LSHADE-cnEpSin CEC17";
dim=50;
bound=1;
testID=8;
(*--------*)
min=14.209254;
max=41.307503;
median=28.875245;
mean=28.53973307843138;
std=7.238374715788895;
(*--------*)
data={33.449729, 20.834796, 32.430352, 22.347844, 37.302926, 36.076519, 17.994845, 34.085672, 36.070559, 24.695722, 36.587946, 20.202097, 28.875245, 24.961036, 23.284484, 21.350241, 34.857772, 19.881078, 36.979995, 29.575378, 19.178249, 39.327364, 22.916069, 37.067214, 31.064088, 34.855561, 18.938534, 23.109668, 31.669209, 37.150472, 18.145052, 23.253538, 38.632237, 25.706994, 22.32696, 35.29747, 21.529046, 29.79454, 22.08197, 41.307503, 14.209254, 36.241053, 24.734309, 24.112591, 24.002017, 36.713124, 32.556159, 23.103721, 22.7232, 35.664269, 36.270716};