name="LSHADE-cnEpSin CEC17";
dim=50;
bound=3;
testID=7;
(*--------*)
min=69.185924;
max=92.610035;
median=78.605631;
mean=79.6200424509804;
std=6.492271340102511;
(*--------*)
data={72.048846, 79.144882, 75.488773, 73.909035, 73.37615, 84.307274, 71.533073, 77.936765, 78.840357, 86.855505, 86.15101, 83.346235, 76.494851, 78.907894, 77.305336, 70.649276, 80.786122, 74.633349, 90.517395, 78.605631, 78.389216, 90.232909, 75.915021, 83.530708, 87.570113, 73.860286, 69.185924, 84.419565, 72.51769, 77.939148, 69.339535, 74.347646, 86.499264, 80.418126, 82.961368, 86.271612, 85.250036, 88.366871, 72.177782, 81.420608, 75.244799, 75.344111, 69.911491, 88.44724, 92.610035, 71.22303, 81.141744, 76.535252, 78.161152, 91.02538, 89.526744};