name="LSHADE-cnEpSin CEC17";
dim=50;
bound=5;
testID=24;
(*--------*)
min=505.73932;
max=528.63632;
median=512.88551;
mean=514.4351737254901;
std=5.999431494725465;
(*--------*)
data={516.23719, 511.78231, 510.86862, 513.71778, 508.75253, 523.72202, 512.72959, 521.77442, 511.76365, 514.0046, 509.90819, 518.23777, 518.3969, 522.39604, 512.9464, 505.73932, 512.88551, 512.53262, 528.63632, 523.80452, 508.33103, 522.06703, 509.09761, 511.44118, 517.37566, 510.14542, 526.14504, 509.37338, 515.28297, 508.48748, 524.96042, 508.98825, 516.22357, 508.54431, 514.38832, 505.7399, 514.85966, 506.27359, 514.89258, 512.80216, 507.83465, 521.54278, 525.04182, 506.6637, 512.48522, 519.1218, 516.90803, 521.39762, 507.40508, 510.61403, 510.92327};