name="LSHADE-cnEpSin CEC17";
dim=50;
bound=1;
testID=30;
(*--------*)
min=565709.3;
max=896374.36;
median=652636.11;
mean=667225.6511764708;
std=80859.36568897168;
(*--------*)
data={785685.34, 704109.81, 819915.53, 784212.83, 762876.67, 653767.45, 652636.11, 658010.89, 787109.05, 579032.81, 589152.71, 578874.68, 676574.89, 578063.34, 698133.31, 650891.65, 596608.36, 581303.93, 646785.03, 650645.99, 679892.85, 569844.27, 600005.39, 836336.25, 578845.15, 637938.21, 651973.03, 681686.17, 644957.83, 781967.08, 587380.36, 565709.3, 717379.89, 653731.55, 713920.8, 581303.01, 810855.41, 676887.05, 665030.89, 673430.18, 589800.48, 639129.01, 595158.97, 675712.67, 746420.87, 579289.23, 718417.48, 650315.82, 896374.36, 595871.43, 598552.84};