name="LSHADE-cnEpSin CEC17";
dim=50;
bound=2;
testID=11;
(*--------*)
min=20.303649;
max=29.485664;
median=23.587993;
mean=24.046393450980396;
std=2.046645059173626;
(*--------*)
data={24.751166, 26.244492, 21.779094, 25.502896, 21.520621, 25.957946, 23.537839, 22.853039, 21.154601, 22.046827, 22.313369, 22.909623, 23.159373, 22.831383, 24.49667, 28.683558, 27.495275, 24.079973, 20.883386, 23.198748, 22.665824, 23.587993, 25.411703, 23.456668, 21.212874, 26.132547, 25.370905, 23.950917, 27.373204, 23.168463, 24.609312, 26.125, 24.742864, 22.749837, 23.764593, 24.833208, 25.730996, 23.582314, 21.13762, 20.303649, 25.316913, 29.485664, 24.878231, 22.685618, 22.807325, 22.931873, 24.107471, 24.557923, 28.433872, 22.95626, 22.894546};