name="LSHADE-cnEpSin CEC17";
dim=50;
bound=4;
testID=16;
(*--------*)
min=142.92001;
max=581.97446;
median=374.6113;
mean=368.142313137255;
std=119.20092871347076;
(*--------*)
data={372.59555, 498.4568, 198.06627, 384.84409, 166.05648, 365.25563, 501.47307, 499.63721, 395.78766, 321.82281, 214.68642, 142.92001, 377.72324, 295.42118, 143.7402, 398.04318, 581.97446, 267.17734, 164.36918, 374.6113, 509.39328, 538.54725, 489.9956, 154.74504, 328.60272, 364.98297, 370.84008, 327.00311, 493.65544, 512.02765, 376.22939, 549.78836, 326.77415, 566.8527, 375.53443, 156.14838, 389.30464, 379.59608, 490.96787, 219.87729, 353.94719, 431.24008, 313.16694, 347.48105, 325.0424, 543.13177, 382.66963, 364.92034, 446.8455, 379.22658, 302.05798};