name="LSHADE-cnEpSin CEC17";
dim=50;
bound=0;
testID=18;
(*--------*)
min=21.019369;
max=31.014028;
median=23.767619;
mean=24.927325490196072;
std=2.824366003900262;
(*--------*)
data={23.760717, 23.452268, 28.607823, 24.450267, 26.871352, 29.698733, 22.608073, 21.019369, 26.753861, 23.447484, 26.473887, 21.366829, 29.57775, 26.626963, 22.941977, 24.058599, 27.916105, 21.693136, 24.969461, 23.767619, 27.205412, 23.763493, 22.561614, 25.848229, 25.671175, 21.481199, 28.624129, 27.009987, 26.501573, 27.769862, 21.591457, 22.749593, 26.492804, 26.869701, 23.495403, 28.341627, 21.821907, 22.739449, 21.752158, 23.395396, 23.595498, 31.014028, 22.461712, 21.674159, 23.487475, 31.004363, 21.703678, 21.706525, 22.952308, 25.798353, 30.14706};