name="LSHADE-cnEpSin CEC17";
dim=50;
bound=3;
testID=17;
(*--------*)
min=226.00228;
max=627.91593;
median=393.21978;
mean=372.22837215686275;
std=91.93142792178031;
(*--------*)
data={449.53382, 291.09903, 527.26155, 393.21978, 326.40378, 262.22296, 447.79791, 276.47525, 455.02161, 428.20094, 273.068, 297.38731, 426.04505, 342.51075, 431.9165, 274.37026, 226.00228, 409.32125, 397.14088, 447.49937, 397.49989, 452.65, 264.3956, 401.83791, 540.91465, 442.42894, 259.26004, 315.03607, 270.47225, 416.93639, 414.22716, 289.8838, 320.54331, 478.92423, 509.29335, 254.62982, 448.86045, 308.08373, 282.60385, 627.91593, 417.65969, 384.17865, 438.86158, 264.37148, 323.64114, 292.88468, 474.8146, 286.93796, 316.95283, 443.02279, 261.42593};