name="LSHADE-cnEpSin CEC17";
dim=50;
bound=5;
testID=2;
(*--------*)
min=0.;
max=4.;
median=1.;
mean=0.9803921568627451;
std=1.1043585663801658;
(*--------*)
data={2., 0., 1., 0., 2., 1., 0., 0., 1., 2., 0., 1., 1., 0., 4., 2., 1., 1., 2., 0., 0., 0., 0., 3., 2., 0., 0., 0., 1., 1., 0., 3., 0., 3., 2., 1., 4., 1., 2., 0., 0., 0., 2., 1., 0., 1., 0., 1., 0., 1., 0.};