name="LSHADE-cnEpSin CEC17";
dim=50;
bound=2;
testID=19;
(*--------*)
min=9.7323807;
max=22.358976;
median=15.810542;
mean=15.659197935294118;
std=2.802171159509008;
(*--------*)
data={18.41129, 16.472976, 17.823994, 9.7323807, 15.42365, 18.057763, 22.358976, 13.073902, 18.637312, 18.302816, 13.176621, 17.72103, 15.957171, 14.109515, 17.233741, 15.275511, 13.432736, 12.526259, 11.652694, 16.183974, 19.913209, 15.861664, 14.605308, 17.260756, 16.692039, 10.535792, 15.387543, 18.7909, 13.164518, 15.779491, 15.676946, 18.03263, 19.077735, 15.85101, 17.175371, 15.810542, 17.511751, 15.641817, 17.405181, 11.487451, 14.265667, 15.529518, 12.457995, 12.522022, 21.754405, 17.900524, 12.086065, 12.181481, 17.799867, 13.338061, 11.557524};