name="LSHADE-cnEpSin CEC17";
dim=50;
bound=5;
testID=6;
(*--------*)
min=0.;
max=3.732894*^-6;
median=6.0271918*^-7;
mean=7.438518982941174*^-7;
std=7.543986286145423*^-7;
(*--------*)
data={1.1455302*^-7, 0., 1.9187053*^-7, 7.6708477*^-7, 6.0271918*^-7, 1.9177116*^-7, 2.5717109*^-6, 9.9063141*^-7, 4.314852*^-7, 7.6711638*^-7, 6.027135*^-7, 1.9183551*^-7, 9.7084171*^-7, 1.9450916*^-6, 3.732894*^-6, 4.340684*^-7, 1.9179811*^-7, 9.8263342*^-7, 1.9178231*^-7, 1.7259505*^-6, 1.9503864*^-7, 4.7973799*^-8, 1.9177116*^-7, 1.9177116*^-7, 3.1070397*^-7, 4.7942763*^-8, 2.2327823*^-6, 1.9177116*^-7, 1.9177116*^-7, 3.1068112*^-7, 9.8263342*^-7, 1.1156649*^-6, 9.9063141*^-7, 1.1453437*^-7, 1.4502698*^-6, 7.6708477*^-7, 0., 9.7085842*^-7, 1.626121*^-6, 2.0541241*^-6, 6.0272441*^-7, 1.9177116*^-7, 8.9639263*^-7, 9.9063141*^-7, 9.5580731*^-8, 6.027268*^-7, 7.6708477*^-7, 0., 4.314852*^-7, 7.8472999*^-7, 9.9063868*^-7};