name="LSHADE-cnEpSin CEC17";
dim=50;
bound=4;
testID=29;
(*--------*)
min=331.62725;
max=386.74096;
median=360.21285;
mean=358.50143745098046;
std=11.94702664807555;
(*--------*)
data={365.59942, 369.77688, 366.99486, 368.21343, 361.74299, 361.05396, 359.94705, 355.85714, 352.02594, 358.23638, 352.0994, 369.83701, 336.21508, 361.37268, 347.52797, 367.94543, 370.3734, 350.95624, 336.36486, 354.90032, 349.75482, 373.18403, 365.00117, 341.92047, 384.88754, 366.26295, 353.94716, 359.03859, 372.04887, 361.65825, 364.95138, 339.30241, 344.37994, 348.40467, 360.30776, 358.99136, 364.29652, 360.21285, 360.91612, 354.49001, 386.74096, 359.65961, 331.62725, 355.2893, 349.538, 336.24413, 362.16598, 366.73314, 342.09661, 369.8459, 372.63512};