name="LSHADE-cnEpSin CEC17";
dim=50;
bound=4;
testID=25;
(*--------*)
min=477.37859;
max=491.72891;
median=480.25515;
mean=481.31151647058823;
std=3.466297009800992;
(*--------*)
data={480.23031, 480.25028, 480.25593, 480.27941, 480.22813, 480.23356, 480.23184, 480.23988, 480.25572, 480.23302, 480.23495, 480.25922, 491.63495, 480.23038, 477.37859, 480.25515, 491.63197, 480.25614, 480.23204, 480.25659, 480.25649, 491.72891, 480.23136, 480.22781, 480.25217, 480.23485, 480.26048, 480.24333, 480.26779, 480.25209, 480.25753, 480.23172, 480.23464, 480.2348, 480.25662, 480.30013, 480.27498, 480.25593, 480.25568, 480.25427, 480.29232, 480.24934, 491.65115, 480.26318, 480.23438, 480.23176, 480.25548, 480.26616, 480.24288, 480.27092, 491.61013};