name="LSHADE-cnEpSin CEC17";
dim=50;
bound=0;
testID=26;
(*--------*)
min=1069.2531;
max=1395.5137;
median=1270.2255;
mean=1257.9441764705884;
std=92.79660801125137;
(*--------*)
data={1153.7128, 1329.3529, 1335.3095, 1264.6617, 1078.6351, 1346.6203, 1189.9736, 1266.2547, 1127.9251, 1221.9186, 1258.6616, 1199.6307, 1313.3317, 1383.2569, 1299.3908, 1324.1882, 1254.365, 1239.0124, 1299.3853, 1389.1292, 1263.4437, 1349.874, 1346.3119, 1321.9688, 1282.0765, 1178.0067, 1069.2531, 1369.6067, 1196.8736, 1096.0426, 1074.7075, 1341.6729, 1306.2831, 1261.7883, 1149.5784, 1334.7782, 1370.2878, 1140.3009, 1139.1123, 1346.7491, 1340.2964, 1395.5137, 1298.1693, 1120.764, 1242.9233, 1224.7902, 1101.6466, 1304.0244, 1347.7348, 1270.2255, 1295.6326};