name="LSHADE-cnEpSin CEC17";
dim=50;
bound=1;
testID=10;
(*--------*)
min=2433.1209;
max=4226.307;
median=3651.3424;
mean=3601.4129235294126;
std=311.41197516485107;
(*--------*)
data={3140.1813, 3355.1982, 3060.4459, 3993.7889, 3572.6904, 3748.131, 3569.5369, 3372.7657, 3769.132, 3483.7462, 3336.5336, 3794.1006, 3651.3424, 3182.4387, 3783.2209, 3615.0686, 3917.8626, 3273.614, 3376.2329, 3598.2548, 3731.6985, 3097.9113, 3451.8245, 3780.3609, 3827.4457, 3742.5946, 3816.5513, 3537.8251, 3847.0075, 3696.7116, 3477.873, 3847.2402, 3880.146, 3435.3123, 3525.7715, 3598.0675, 3914.148, 4226.307, 3433.4231, 2433.1209, 3696.3372, 4051.1035, 3651.9856, 3657.2639, 3566.9318, 3762.6625, 3873.1419, 4200.3722, 3677.0675, 3250.4727, 3389.0942};