name="LSHADE-cnEpSin CEC17";
dim=50;
bound=2;
testID=4;
(*--------*)
min=20.723152;
max=163.24413;
median=22.837866;
mean=58.774664607843135;
std=50.728965494348216;
(*--------*)
data={22.007968, 24.857964, 21.387679, 20.782352, 22.694377, 22.756447, 22.364875, 22.98439, 92.939688, 21.374475, 98.803776, 95.308378, 21.827918, 20.723152, 137.59022, 20.872812, 21.464912, 22.161546, 101.46139, 21.698177, 21.429531, 21.769203, 160.33711, 97.912515, 23.025796, 98.794211, 98.544654, 23.538851, 21.919226, 22.766121, 22.44928, 22.054516, 22.279553, 26.634113, 98.715287, 159.46742, 126.08364, 22.837866, 20.810273, 163.24413, 23.091114, 99.44638, 161.32086, 22.025375, 95.43489, 112.05362, 130.38801, 21.050952, 158.87463, 21.511436, 21.634836};