name="LSHADE-cnEpSin CEC17";
dim=50;
bound=1;
testID=29;
(*--------*)
min=328.36886;
max=385.80945;
median=357.29945;
mean=357.9297152941175;
std=12.74678175963696;
(*--------*)
data={357.29945, 335.34798, 353.30114, 363.75341, 363.03962, 347.84716, 338.65451, 349.74529, 373.69032, 363.70016, 353.44318, 372.22929, 349.39429, 328.36886, 346.38067, 362.79365, 385.80945, 375.63351, 371.32687, 369.15975, 362.82877, 368.88842, 360.3597, 345.84974, 376.47915, 378.56721, 373.37767, 345.67678, 351.81883, 349.1626, 361.63519, 350.50151, 351.87889, 357.60077, 368.50947, 344.03693, 356.7277, 368.40986, 379.29799, 355.91247, 345.03482, 361.26565, 337.72514, 368.80071, 368.67713, 349.30869, 352.69361, 365.45683, 344.16639, 345.32549, 347.52281};