name="LSHADE-cnEpSin CEC17";
dim=50;
bound=4;
testID=14;
(*--------*)
min=23.011029;
max=31.486185;
median=26.708283;
mean=26.80641505882354;
std=1.879331308965467;
(*--------*)
data={25.348205, 27.651665, 25.767526, 31.025475, 31.010337, 27.1162, 26.479986, 27.188726, 29.060215, 27.277228, 24.929813, 23.011029, 26.848858, 24.509836, 29.078674, 28.060195, 23.967251, 31.486185, 27.378828, 25.633917, 26.708283, 23.598299, 28.329612, 25.216758, 27.960895, 26.598861, 25.170161, 24.560128, 28.064379, 26.587756, 27.304994, 25.977774, 28.545741, 25.165087, 28.574271, 25.446271, 26.265655, 28.626931, 27.493354, 26.725805, 24.042526, 26.625885, 30.007933, 24.037995, 25.620944, 26.614565, 26.105514, 26.491872, 27.495613, 27.212733, 27.120424};