name="LSHADE-cnEpSin CEC17";
dim=50;
bound=5;
testID=18;
(*--------*)
min=21.500296;
max=30.23288;
median=24.682596;
mean=24.90696119607843;
std=2.395567273930974;
(*--------*)
data={25.601036, 21.500296, 24.821345, 24.371133, 24.237238, 24.828513, 25.558974, 23.022238, 23.430146, 29.795899, 28.304571, 26.940256, 22.653375, 22.479869, 25.935724, 23.226985, 22.577501, 23.43693, 26.37173, 23.933483, 22.442784, 23.452376, 21.797545, 25.62154, 28.377302, 25.680308, 30.23288, 22.54774, 21.783172, 25.339535, 24.336953, 25.520563, 28.725012, 28.81123, 25.740085, 24.997075, 27.48487, 25.054597, 24.132888, 21.537774, 24.360069, 25.55095, 23.355637, 21.674723, 21.866941, 27.287454, 23.029617, 24.682596, 22.890286, 28.914583, 29.998694};