name="LSHADE-cnEpSin CEC17";
dim=50;
bound=2;
testID=27;
(*--------*)
min=481.81173;
max=512.0401;
median=502.96507;
mean=502.28496843137265;
std=5.836415590083139;
(*--------*)
data={508.04288, 501.12244, 508.56774, 505.00961, 499.75199, 509.17782, 489.68906, 500.53553, 511.07253, 503.07969, 495.81738, 497.38147, 493.93958, 499.7675, 505.00961, 510.85255, 503.06321, 507.94299, 494.50685, 503.89164, 506.92296, 499.48664, 501.48697, 501.54135, 508.65673, 500.91378, 495.90898, 510.27982, 502.96507, 500.02653, 502.16937, 512.0401, 499.58889, 505.83677, 503.53708, 503.10137, 504.54962, 501.13475, 504.28037, 504.08274, 496.85825, 503.17152, 506.12894, 508.04048, 498.4751, 481.81173, 501.26185, 501.68493, 495.47372, 511.61725, 495.27766};