name="LSHADE-cnEpSin CEC17";
dim=50;
bound=1;
testID=2;
(*--------*)
min=0.;
max=11.;
median=0.;
mean=1.196078431372549;
std=2.059316467599259;
(*--------*)
data={0., 3., 1., 0., 2., 0., 0., 0., 1., 1., 4., 1., 1., 0., 0., 2., 2., 0., 3., 1., 2., 0., 8., 2., 0., 0., 4., 0., 0., 1., 0., 0., 0., 3., 0., 0., 1., 1., 0., 0., 1., 0., 11., 1., 0., 3., 0., 1., 0., 0., 0.};