name="LSHADE-cnEpSin CEC17";
dim=50;
bound=0;
testID=27;
(*--------*)
min=507.75275;
max=588.2685;
median=525.12335;
mean=528.0746829411763;
std=12.982735437693295;
(*--------*)
data={543.44235, 520.71804, 521.99631, 523.16861, 525.52747, 537.56878, 523.67294, 513.10009, 536.83419, 521.54315, 521.22568, 507.75275, 520.29448, 514.56242, 525.90352, 525.12335, 526.9917, 516.25976, 536.36717, 523.46636, 519.09719, 525.33853, 518.4961, 538.00983, 525.6361, 523.96833, 527.4095, 519.74759, 537.92907, 520.43101, 531.16388, 528.31135, 520.09466, 523.07287, 518.85814, 588.2685, 524.82437, 527.6525, 531.97859, 520.30388, 560.33122, 534.34812, 523.36542, 528.233, 517.15073, 549.06956, 527.17096, 520.51629, 529.68633, 549.50153, 536.32456};