name="LSHADE-cnEpSin CEC17";
dim=50;
bound=1;
testID=5;
(*--------*)
min=15.739736;
max=39.51507;
median=31.679254;
mean=29.557466254901957;
std=7.004265098916904;
(*--------*)
data={31.18289, 39.1743, 37.888752, 21.140072, 31.679254, 37.352003, 34.455207, 27.64496, 34.110519, 37.021742, 17.603557, 33.610012, 33.025788, 35.549184, 32.125215, 21.966953, 36.46689, 37.659439, 22.229586, 35.541015, 30.825406, 19.403817, 37.435512, 20.321955, 15.739736, 36.897475, 34.792082, 20.90549, 30.529028, 17.87146, 22.768802, 34.975667, 24.156507, 34.15701, 33.128409, 27.856108, 35.519173, 24.762434, 21.254762, 22.405104, 39.51507, 36.161295, 21.499008, 26.818482, 25.274484, 32.258322, 25.714452, 26.360698, 36.391971, 17.325375, 36.978347};