name="LSHADE-cnEpSin CEC17";
dim=50;
bound=0;
testID=17;
(*--------*)
min=102.09063;
max=454.86161;
median=270.91876;
mean=275.4114250980392;
std=75.78956716878993;
(*--------*)
data={270.91876, 312.54626, 102.09063, 378.43463, 374.0923, 454.7358, 232.49625, 250.33498, 322.32478, 134.55967, 244.69597, 350.21537, 262.30881, 411.03867, 214.82157, 219.23059, 315.14376, 263.66709, 270.56618, 369.86712, 243.70357, 389.20457, 283.79631, 278.22071, 272.65459, 235.29742, 248.30637, 286.92891, 253.72798, 250.64343, 290.14984, 245.16156, 154.42873, 323.45699, 183.53969, 213.88594, 283.90211, 191.68616, 282.60229, 214.50665, 235.72401, 218.6809, 295.87939, 322.85086, 290.31917, 120.1792, 226.36044, 326.50217, 454.86161, 356.40772, 318.3242};