name="LSHADE-cnEpSin CEC17";
dim=50;
bound=5;
testID=27;
(*--------*)
min=508.54158;
max=597.09042;
median=525.51296;
mean=527.0389343137253;
std=13.051183050168632;
(*--------*)
data={526.19072, 527.15112, 535.02051, 515.71377, 528.30614, 524.35443, 512.12974, 526.09967, 522.67153, 524.44412, 525.11793, 513.22781, 521.24884, 547.40892, 544.08174, 532.63486, 536.87586, 522.59647, 518.84104, 529.99076, 524.90698, 514.5113, 515.67752, 531.83436, 513.76249, 512.92413, 525.03744, 531.8738, 536.7249, 527.9655, 536.34928, 508.54158, 530.21617, 520.86419, 530.94831, 525.51296, 525.68046, 525.77155, 536.6395, 542.38613, 522.73389, 522.06743, 515.32118, 597.09042, 529.01375, 530.02524, 527.24519, 520.12974, 518.09245, 521.3252, 523.70663};