name="LSHADE-cnEpSin CEC17";
dim=10;
bound=2;
testID=18;
(*--------*)
min=0.00029039635;
max=0.5;
median=0.46874553;
mean=0.34729559095823526;
std=0.1938285149052867;
(*--------*)
data={0.46874553, 0.093000632, 0.499985, 0.38419351, 0.018634536, 0.49981797, 0.059909216, 0.49983495, 0.089384298, 0.49999997, 0.13451132, 0.36289924, 0.48387973, 0.46679043, 0.49886253, 0.00084032935, 0.49831223, 0.5, 0.1966324, 0.48665612, 0.1011451, 0.49607144, 0.14273324, 0.49991833, 0.35573819, 0.4332472, 0.3254779, 0.49999945, 0.49619183, 0.4999329, 0.039732284, 0.49998531, 0.460012, 0.41263611, 0.053835267, 0.49522426, 0.49996209, 0.49995001, 0.00029039635, 0.49988285, 0.47555311, 0.45169307, 0.00057174697, 0.49945376, 0.47973645, 0.27419374, 0.47962003, 0.0021070352, 0.47766483, 0.016625698, 0.49999957};