name="LSHADE-cnEpSin CEC17";
dim=10;
bound=1;
testID=12;
(*--------*)
min=0.;
max=253.29626;
median=119.94602;
mean=126.16582431058823;
std=79.82993731017436;
(*--------*)
data={120.15416, 0.62442895, 118.64648, 118.64648, 118.64648, 0.20814298, 0.41628597, 11.172955, 248.04962, 236.87667, 119.73787, 0.20814298, 134.64978, 236.87667, 119.94602, 238.17621, 0., 119.73787, 157.44651, 130.91083, 11.381098, 238.17621, 119.94602, 118.43833, 157.44651, 134.64978, 253.29626, 237.08481, 11.172955, 120.15416, 145.82274, 238.17621, 119.94602, 238.17621, 238.17621, 131.11897, 129.61129, 118.64648, 217.34781, 118.85462, 238.17621, 0.20814298, 119.94602, 0.20814298, 118.43833, 118.43833, 129.61129, 129.61129, 11.172955, 120.15416, 119.73787};