name="LSHADE-cnEpSin CEC17";
dim=10;
bound=4;
testID=8;
(*--------*)
min=0.99798495;
max=3.9865149;
median=2.9861469;
mean=2.8326370147058824;
std=0.8037358300975993;
(*--------*)
data={1.9933741, 2.9852812, 1.9908917, 2.9919452, 2.9930085, 3.9803493, 2.9854534, 2.9869384, 2.9852841, 2.9913863, 2.9858012, 2.9851568, 2.9880154, 1.0001069, 2.9850361, 1.9961128, 2.0001345, 0.99798495, 3.9857222, 2.9893098, 1.9959435, 1.9988629, 3.9842131, 1.9901277, 2.9988205, 3.981762, 2.9896359, 3.9813115, 3.9815677, 2.9876066, 2.9859277, 1.0254909, 3.9816659, 2.9896533, 2.9850951, 2.986216, 1.9916744, 1.9917448, 2.9879498, 2.985697, 3.9830186, 3.9865149, 3.9843072, 2.9853622, 1.9899298, 1.990594, 2.9878069, 2.9879166, 2.990695, 2.9861469, 1.9939365};