name="LSHADE-cnEpSin CEC17";
dim=10;
bound=4;
testID=17;
(*--------*)
min=0.019861759;
max=1.3747767;
median=0.34476384;
mean=0.4132184479215686;
std=0.3474041782779763;
(*--------*)
data={0.33315766, 0.34187683, 0.33283912, 0.12424221, 0.06186933, 0.33190389, 0.33195493, 0.31217326, 0.028011097, 0.38126241, 0.76245769, 0.3121761, 1.0931446, 1.3503716, 0.38307493, 0.64805189, 0.12964032, 1.0268032, 0.42103919, 0.43864425, 0.33225838, 0.41437581, 0.38295508, 0.36724341, 0.39168509, 1.3381576, 0.1150262, 0.3707268, 1.080579, 0.68246416, 0.35535097, 0.025791111, 0.37850466, 0.019861759, 0.31289755, 0.023149957, 0.057743766, 0.37866898, 0.3447252, 0.036695976, 0.33355427, 0.02439152, 0.32304564, 0.38132845, 0.75727675, 0.44122121, 0.052836038, 0.36222611, 1.3747767, 0.34476384, 0.12516435};