name="LSHADE-cnEpSin CEC17";
dim=10;
bound=1;
testID=28;
(*--------*)
min=300.;
max=595.0188;
median=300.;
mean=405.809971372549;
std=129.9925956004229;
(*--------*)
data={557.73853, 300., 300., 411.14857, 300., 300., 300., 300., 300., 300., 300., 568.97806, 549.23914, 300., 561.89204, 300., 573.70351, 553.56767, 546.55763, 300., 300., 300., 300., 592.79401, 300., 300., 300., 555.9931, 300., 566.64408, 300., 300., 300., 300., 586.7532, 300., 593.59286, 566.49006, 300., 300., 300., 595.0188, 561.29412, 566.34799, 300., 538.80445, 300., 554.58247, 575.4918, 519.67645, 300.};