name="LSHADE-cnEpSin CEC17";
dim=10;
bound=1;
testID=15;
(*--------*)
min=0.000038260378;
max=0.49999999;
median=0.37360156;
mean=0.30294993848525475;
std=0.20529304815837277;
(*--------*)
data={0.49410017, 0.4941367, 0.000038260378, 0.49988402, 0.17655836, 0.49729731, 0.10519128, 0.49885054, 0.2468734, 0.010168914, 0.39479024, 0.05071684, 0.17584241, 0.010452124, 0.4780799, 0.27817967, 0.49999998, 0.49715626, 0.37360156, 0.41121076, 0.00050909417, 0.079845837, 0.10275779, 0.49736307, 0.4999973, 0.0030777227, 0.49999442, 0.0067850213, 0.49999999, 0.4998741, 0.28762448, 0.24502098, 0.49999899, 0.29259001, 0.14750902, 0.49867081, 0.49908986, 0.49999997, 0.49987971, 0.00017905156, 0.10244387, 0.49954541, 0.49924705, 0.0029003551, 0.00066623484, 0.16248375, 0.32516578, 0.49994772, 0.4999805, 0.49564734, 0.0085229277};