name="LSHADE-cnEpSin CEC17";
dim=10;
bound=5;
testID=18;
(*--------*)
min=0.0014929103;
max=20.450163;
median=0.48241038;
mean=2.7155044456019612;
std=6.438142212777833;
(*--------*)
data={0.480647, 0.29454232, 0.23167514, 20.135932, 0.49930524, 0.25179045, 0.5, 0.27439126, 0.48367446, 0.49999393, 0.49999824, 0.094111324, 0.49975903, 0.49824314, 0.13107142, 0.41665521, 0.49999982, 0.48928326, 1.2483254, 0.35466325, 0.28164938, 0.48713864, 0.0014929103, 0.3290323, 0.19265575, 0.49125221, 0.08943451, 0.062659317, 0.48241038, 0.032999798, 20.007154, 20.450163, 0.45264675, 0.46032061, 0.49421261, 20.001881, 0.36148832, 0.28169437, 20.083401, 1.4949591, 0.46998136, 0.49999999, 0.49962793, 0.49566736, 0.017206192, 0.0035576844, 0.49907163, 0.12693011, 20.273315, 0.19131454, 0.49134708};