name="LSHADE-cnEpSin CEC17";
dim=10;
bound=4;
testID=15;
(*--------*)
min=3.9012198*^-6;
max=0.49999999;
median=0.45746271;
mean=0.31566272861450584;
std=0.20810288642443764;
(*--------*)
data={0.09732777, 0.49997655, 0.49873996, 0.014737298, 0.00071048642, 0.0084706161, 0.49999999, 0.18537077, 0.42495569, 0.49995106, 0.19527504, 0.49980466, 0.49541142, 0.49951093, 3.9012198*^-6, 0.49777277, 0.023754339, 0.49999975, 0.45746271, 0.48029424, 0.49999996, 0.071492273, 0.49992269, 0.063973583, 0.01393315, 0.49032982, 0.2885088, 0.49998835, 0.49920208, 0.49967518, 0.070174809, 0.4986032, 0.49945852, 0.49977247, 0.38326776, 0.0041075361, 0.44501586, 0.49962041, 0.45787084, 0.16424315, 0.15027951, 0.32519401, 0.46583593, 0.0036540588, 0.49995474, 0.1279595, 0.49888504, 0.49583624, 0.021874071, 0.0079779877, 0.17265768};