name="LSHADE-cnEpSin CEC17";
dim=10;
bound=5;
testID=20;
(*--------*)
min=0.;
max=1.3071323;
median=0.31217326;
mean=0.31331912509803916;
std=0.283227573253421;
(*--------*)
data={0.62434651, 0.62434651, 0., 0., 0.31217326, 0.31217326, 0.62434651, 0., 0.31217326, 0., 0.62434651, 0., 0., 0.31217326, 0., 0., 0., 0.31217326, 0., 0.31217326, 0., 0.31217326, 0.62434651, 0.62434651, 0.31217326, 0.62434651, 0.62434651, 0., 0., 0.62434651, 0.31217326, 0.31217326, 0., 0., 0.62434651, 0.31217326, 0.31217326, 0.31217326, 0.31217326, 0.62434651, 0.31217326, 0.31217326, 0.31217326, 0.31217326, 0.62434651, 0.62434651, 0., 1.3071323, 0., 0.62434651, 0.31217326};