name="LSHADE-cnEpSin CEC17";
dim=10;
bound=1;
testID=27;
(*--------*)
min=388.40672;
max=390.48406;
median=388.95856;
mean=389.09676549019593;
std=0.40619574177144324;
(*--------*)
data={388.69801, 389.07384, 389.51083, 389.51767, 388.86776, 388.93999, 389.04624, 389.51782, 389.65215, 388.5418, 388.85413, 389.51505, 389.51798, 388.67666, 388.96255, 388.84407, 388.86769, 388.54327, 388.88137, 389.51764, 388.64038, 389.51784, 388.84776, 389.51797, 388.93163, 388.91937, 388.58044, 389.51279, 388.48776, 389.03268, 388.78848, 388.99157, 389.51758, 389.51768, 388.88664, 389.51704, 388.81042, 388.78207, 389.25648, 389.46565, 389.5175, 388.91425, 388.82439, 388.88701, 388.90315, 389.00544, 390.48406, 388.95856, 389.51599, 388.40672, 389.44922};