name="LSHADE-cnEpSin CEC17";
dim=10;
bound=3;
testID=29;
(*--------*)
min=215.71787;
max=246.505;
median=227.61685;
mean=228.0950564705883;
std=3.459830122260816;
(*--------*)
data={231.07577, 227.13473, 231.40223, 229.40472, 229.08293, 225.93712, 227.66516, 228.56626, 230.67601, 225.5656, 229.25477, 225.54501, 225.44157, 246.505, 228.80067, 229.58902, 228.67707, 226.92153, 226.94382, 227.46331, 226.9101, 228.43095, 227.60575, 226.56768, 227.058, 227.03175, 228.71881, 227.50644, 230.18331, 227.61685, 227.33447, 227.07085, 215.71787, 228.97353, 228.01521, 227.06644, 228.53146, 229.574, 225.65749, 227.10302, 226.98185, 228.83232, 229.77278, 227.23287, 228.81856, 226.13751, 226.09746, 227.37775, 229.09412, 228.03377, 230.14261};