name="LSHADE-cnEpSin CEC17";
dim=10;
bound=0;
testID=13;
(*--------*)
min=0.;
max=7.9508714;
median=4.8371369;
mean=3.8395976490196064;
std=2.4319159798066297;
(*--------*)
data={5.3941253, 7.948929, 4.8371369, 4.8371369, 4.8371369, 4.8371369, 0., 4.8371369, 4.8371369, 0., 4.8371369, 4.8371369, 5.2041263, 3.1108546, 0., 0., 4.8371369, 0., 4.8371369, 4.8371369, 4.8371369, 4.8371369, 7.9508714, 0., 4.8371369, 4.8371369, 0., 0., 0., 4.8371369, 5.2041263, 4.8371369, 4.8371369, 4.8371369, 4.8371369, 0., 0., 4.8371369, 4.8371369, 0., 4.8371369, 0., 7.9505143, 4.8371369, 4.8371369, 4.8371369, 4.8343998, 7.944563, 4.8371369, 4.8371369, 4.8371369};