name="LSHADE-cnEpSin CEC17";
dim=10;
bound=3;
testID=16;
(*--------*)
min=0.019431944;
max=1.1309513;
median=0.6263321;
mean=0.6064281413137254;
std=0.291182227550458;
(*--------*)
data={0.51049012, 0.70783127, 0.38675005, 0.35055618, 0.82524071, 0.7681056, 1.0933294, 0.49955685, 0.50113786, 0.91095769, 0.51934819, 0.93816498, 0.019431944, 0.4226444, 0.232325, 0.6263321, 0.3822555, 0.72463553, 0.020444065, 0.68875139, 0.27452694, 0.35804968, 0.50061403, 0.54532638, 0.70822592, 1.0858702, 0.87855253, 0.21661458, 0.61483004, 0.87944604, 0.71934884, 0.068552289, 1.1309513, 0.83661391, 0.93488735, 0.75615011, 0.56776611, 0.48692912, 0.51853023, 0.087003908, 0.046410981, 0.87888221, 0.70361751, 0.39387428, 1.0287953, 0.83081119, 0.77645635, 0.93650396, 0.55556917, 0.72583962, 0.7539963};