name="LSHADE-cnEpSin CEC17";
dim=10;
bound=1;
testID=10;
(*--------*)
min=3.7240151;
max=246.26786;
median=33.631221;
mean=77.09067620392157;
std=69.4663329849534;
(*--------*)
data={122.37681, 4.2364992, 7.2852776, 33.631221, 41.643699, 10.803731, 3.8874634, 18.670272, 163.1008, 125.67769, 120.03479, 13.596321, 137.91657, 18.860729, 22.240902, 19.302892, 154.31868, 23.349575, 227.6516, 122.67322, 131.95301, 150.63544, 123.11858, 119.27289, 134.73044, 124.96149, 144.37218, 31.06465, 133.64531, 28.559432, 7.5298621, 10.360361, 28.594162, 136.51024, 14.44131, 246.26786, 19.043118, 143.79112, 45.070881, 17.782978, 125.55156, 237.86807, 27.122932, 31.939927, 15.285531, 3.786068, 14.47408, 3.7240151, 122.07882, 140.51274, 26.316687};