name="LSHADE-cnEpSin CEC17";
dim=10;
bound=2;
testID=17;
(*--------*)
min=0.011531211;
max=2.7129113;
median=0.47176309;
mean=0.6450029079607845;
std=0.490910998618105;
(*--------*)
data={0.33973588, 0.37820329, 1.345485, 0.6764247, 0.34518227, 0.97667409, 0.39595492, 0.4981777, 0.44259626, 0.7164566, 0.33353329, 0.68196589, 0.62441426, 0.33742616, 1.0383523, 0.62602488, 0.32415674, 1.4299363, 0.078253704, 1.0401623, 0.80115648, 2.7129113, 0.64443421, 1.171337, 0.43636802, 0.36671694, 0.62575216, 0.092112111, 1.0233555, 2.3218207, 0.75589279, 0.63502195, 0.33190336, 0.64410798, 0.35315783, 0.011531211, 0.43744636, 0.46485198, 0.359233, 0.69840268, 0.732503, 0.38243466, 0.68461612, 0.47176309, 1.0356305, 0.34017499, 0.34221652, 0.38024302, 0.33289673, 0.31218167, 0.36385791};