name="LSHADE-cnEpSin CEC17";
dim=10;
bound=3;
testID=5;
(*--------*)
min=0.12482578;
max=3.980774;
median=1.9980589;
mean=2.34155549117647;
std=0.7899506650164934;
(*--------*)
data={1.990292, 2.9850008, 2.9854043, 2.9859233, 2.9872748, 2.0057706, 2.9886602, 2.9864535, 1.9925437, 2.9878188, 1.9900915, 2.9876976, 0.99651293, 0.12482578, 1.9900351, 1.993529, 2.2379738, 3.9807301, 2.9868156, 1.4962496, 1.9950881, 1.9914155, 0.99534952, 1.9904191, 1.9937873, 1.990101, 1.9980589, 3.9805192, 2.0144319, 0.99860792, 1.9925385, 1.9909323, 2.9855314, 1.9942071, 2.9857188, 1.9915464, 2.9967277, 2.9862026, 3.980774, 1.9907643, 2.9881753, 2.9859447, 2.9855191, 1.9907125, 2.9856542, 1.0017274, 1.9903416, 2.9867173, 1.9917164, 2.0002286, 1.9902684};