name="LSHADE-cnEpSin CEC17";
dim=10;
bound=2;
testID=21;
(*--------*)
min=100.;
max=206.00389;
median=100.;
mean=130.52932411764704;
std=47.764996401398555;
(*--------*)
data={100.00027, 100., 100., 100., 203.77239, 204.59474, 100., 100., 202.5753, 100., 100., 204.05208, 100., 100., 100., 203.41313, 204.01414, 203.53905, 100., 203.86674, 203.06705, 100., 100., 100., 100., 100., 100., 100., 100., 100., 202.88173, 100.0758, 206.00389, 100., 203.90548, 100., 100., 100., 100., 100., 100., 100., 100., 100., 100., 100., 100., 204.03475, 100., 203.72503, 203.47396};