name="LSHADE-cnEpSin CEC17";
dim=10;
bound=4;
testID=7;
(*--------*)
min=10.893538;
max=13.638249;
median=12.612593;
mean=12.54802164705882;
std=0.5961564981953588;
(*--------*)
data={12.176866, 11.506691, 11.903991, 12.411163, 12.834157, 12.650258, 11.981658, 12.748935, 12.690918, 11.984092, 12.315819, 12.250809, 12.819166, 13.638249, 13.22166, 12.667114, 12.971107, 12.280802, 12.776216, 12.243862, 10.893538, 13.532935, 12.572965, 13.389993, 12.313737, 12.746177, 13.259438, 12.547011, 12.132812, 13.082664, 12.305852, 11.912866, 11.187681, 11.576653, 12.860278, 13.613826, 13.169046, 12.279491, 13.313636, 11.871505, 12.459576, 12.357275, 12.612593, 12.862404, 13.117499, 13.0389, 12.051027, 12.756109, 12.097555, 13.048318, 12.912211};