name="LSHADE-cnEpSin CEC17";
dim=10;
bound=3;
testID=8;
(*--------*)
min=0.00040790378;
max=3.9853089;
median=2.0058736;
mean=2.4419278583094113;
std=0.8510591893724673;
(*--------*)
data={2.98744, 1.9899583, 2.9852619, 1.9958939, 2.9973206, 2.9861191, 1.9900229, 0.9950291, 3.9813848, 1.9916607, 1.0020552, 2.9857335, 3.9817014, 3.9815871, 1.9932101, 1.9924826, 2.9884891, 3.9809692, 1.9933971, 1.9900264, 3.9853089, 0.00040790378, 2.9851669, 1.9945391, 1.9915932, 2.994694, 1.9959746, 2.9854872, 2.9853308, 1.9903816, 2.0090688, 1.9910144, 1.9913752, 2.9936223, 2.9859261, 1.9902119, 1.996419, 1.9899919, 2.0058736, 2.9868221, 2.986651, 1.9907577, 2.9893288, 2.9855284, 0.99569287, 2.9878186, 1.0108039, 1.9918871, 2.9849979, 2.9852988, 1.9906032};