name="LSHADE-cnEpSin CEC17";
dim=10;
bound=0;
testID=15;
(*--------*)
min=0.00036447221;
max=0.49999591;
median=0.23215504;
mean=0.2586788258001961;
std=0.21658553065308378;
(*--------*)
data={0.49999489, 0.46263241, 0.007840277, 0.10882743, 0.038560809, 0.45419835, 0.11203681, 0.41308922, 0.49832551, 0.4999737, 0.49996081, 0.49487327, 0.010305963, 0.0043272264, 0.44083836, 0.49909842, 0.42071572, 0.42842918, 0.0046510929, 0.0017354996, 0.063666196, 0.002776455, 0.025964504, 0.4986296, 0.02505389, 0.46544674, 0.49946485, 0.15241784, 0.22876773, 0.21880006, 0.49957753, 0.49981489, 0.16834624, 0.49999591, 0.0090241556, 0.23215504, 0.49944401, 0.0045981942, 0.49987846, 0.38889132, 0.31048931, 0.019470557, 0.0010208573, 0.045635224, 0.41877508, 0.01574839, 0.0023491449, 0.00036447221, 0.0020877277, 0.49919841, 0.49435238};