name="LSHADE-cnEpSin CEC17";
dim=10;
bound=2;
testID=8;
(*--------*)
min=0.99548002;
max=3.9830549;
median=2.0152481;
mean=2.4642259480392155;
std=0.7528617724130074;
(*--------*)
data={1.9899246, 2.9864075, 2.9856097, 1.9906011, 2.9866873, 2.9863693, 1.9900324, 1.9997502, 2.9869688, 1.9899923, 1.9918881, 2.9860549, 2.9863718, 1.9902215, 1.9957965, 1.990667, 2.9858189, 2.9924525, 2.9866506, 1.007893, 1.9924281, 3.0371742, 2.9862853, 1.9960062, 1.9922882, 1.9904983, 0.99548002, 0.99571762, 1.991586, 1.9919086, 2.9875648, 0.99640371, 2.9868013, 1.9946982, 2.9860511, 2.9911631, 1.9900782, 2.0152481, 3.9830549, 3.9822242, 1.9913799, 3.9800623, 2.0982623, 3.9811139, 2.9898948, 1.9928996, 2.9910297, 1.9905862, 1.9974076, 2.9863615, 2.9877074};