name="LSHADE-cnEpSin CEC17";
dim=10;
bound=3;
testID=12;
(*--------*)
min=0.;
max=120.15416;
median=118.64648;
mean=74.93108450294116;
std=58.14462548639742;
(*--------*)
data={119.94602, 0.20814298, 118.64648, 119.73787, 0.20814298, 0.62442895, 119.73787, 119.73787, 0.20814298, 118.43833, 119.94602, 119.73787, 119.73787, 118.64648, 118.85462, 118.64648, 118.85462, 119.73787, 118.64648, 119.94602, 118.64648, 0.20814298, 119.94602, 120.15416, 118.64648, 118.43833, 0.20814298, 0., 0.20814298, 118.64648, 0., 120.15416, 118.43833, 0., 119.94602, 119.73787, 0., 118.64648, 0.41628597, 0., 119.94602, 0.41628597, 119.94602, 0.20814298, 0., 0.20814298, 118.64648, 119.73787, 0.41628597, 118.64648, 0.62442895};