name="LSHADE-cnEpSin CEC17";
dim=10;
bound=5;
testID=30;
(*--------*)
min=394.32701;
max=1.2485359*^6;
median=407.43411;
mean=24894.3623990196;
std=174770.97293715735;
(*--------*)
data={394.49902, 442.28506, 442.65885, 442.65299, 442.64621, 394.49841, 394.4997, 407.48315, 394.49516, 394.49976, 442.65971, 394.50966, 442.6563, 442.65977, 1.2485359*^6, 442.6597, 394.51276, 464.12175, 394.50073, 600.17546, 442.65979, 394.5016, 394.45125, 462.18974, 394.50052, 442.65976, 394.50058, 394.50071, 442.65983, 394.50036, 442.39126, 464.1391, 394.50009, 442.65957, 394.49874, 442.65839, 394.48856, 394.50045, 442.64212, 442.65253, 394.50069, 394.51346, 394.50057, 441.55748, 394.51359, 394.50052, 442.6596, 407.43411, 394.49728, 442.64894, 394.32701};