name="LSHADE-cnEpSin CEC17";
dim=10;
bound=1;
testID=19;
(*--------*)
min=0.;
max=1.5960812;
median=0.019729344;
mean=0.05139460360540507;
std=0.22317670788606636;
(*--------*)
data={0., 0.039161164, 0., 0.019729344, 0., 0., 0.1243746, 0.039162367, 0., 0.12174153, 0.019729344, 0.019729344, 0., 0., 0., 0., 0.0039103497, 0.019729344, 0.12174153, 0., 0.019729344, 0.019729344, 1.5960812, 0., 0.019763666, 0.019729344, 6.9717566*^-7, 0.14117335, 0., 0., 0., 0.019729344, 0., 0., 0.039161196, 0.029354275, 0.019729344, 0., 0., 0.019729344, 0.019729344, 0.019729344, 0.019729344, 0.019729344, 0.019729344, 0.019729344, 0., 0., 0.019729344, 0.010100011, 0.};