name="LSHADE-cnEpSin CEC17";
dim=10;
bound=0;
testID=27;
(*--------*)
min=388.40972;
max=394.69539;
median=388.64578;
mean=389.15240666666665;
std=1.354353390086448;
(*--------*)
data={388.77011, 388.67668, 389.02823, 388.41318, 388.40972, 388.41896, 388.41146, 388.63993, 394.69539, 388.91872, 388.62883, 388.52374, 388.48081, 388.41524, 388.52148, 392.03628, 388.7533, 391.44744, 388.5528, 388.4324, 389.23106, 388.77149, 388.80725, 388.42444, 389.26391, 388.78059, 388.92744, 389.05002, 388.43572, 388.89808, 391.47927, 388.49416, 388.41295, 388.89518, 393.81876, 388.64104, 388.7451, 389.44219, 388.48148, 388.73828, 388.45482, 388.54439, 388.64578, 391.56079, 388.60127, 388.47444, 388.60731, 388.71644, 388.43079, 390.31674, 388.50686};