name="LSHADE-cnEpSin CEC17";
dim=10;
bound=4;
testID=24;
(*--------*)
min=100.;
max=332.75476;
median=329.54509;
mean=298.13370392156867;
std=79.82970938083459;
(*--------*)
data={328.58874, 327.16684, 331.17464, 100., 330.22352, 330.24449, 100., 329.49551, 329.5444, 329.64545, 332.12091, 329.5452, 331.70316, 100., 327.16694, 331.72921, 328.59022, 100., 100., 329.54447, 328.31947, 329.82641, 329.54545, 326.05635, 330.24538, 331.37649, 329.29539, 330.4261, 326.73521, 326.05746, 332.75476, 329.10493, 329.54509, 329.9009, 332.16493, 330.24394, 329.54432, 328.0113, 100., 330.38664, 332.0653, 330.38574, 330.24521, 100., 332.38679, 329.57157, 327.90474, 326.73522, 330.90837, 330.38672, 328.20502};