name="LSHADE-cnEpSin CEC17";
dim=10;
bound=3;
testID=15;
(*--------*)
min=0.000022323299;
max=0.49999999;
median=0.26142881;
mean=0.2653718135372549;
std=0.21512142182260877;
(*--------*)
data={0.4907018, 0.49997178, 0.49915311, 0.00041902844, 0.49999635, 0.043084995, 0.028371444, 0.000086382501, 0.49961045, 0.010999499, 0.059948418, 0.016750683, 0.13825079, 0.49956501, 0.27871607, 0.49998034, 0.49999991, 0.35269753, 0.49894787, 0.17794697, 0.49990512, 0.054787307, 0.19334674, 0.083557806, 0.18740215, 0.27855979, 0.26142881, 0.0021713771, 0.095422793, 0.49987399, 0.06017401, 0.49996623, 0.49510872, 0.0004489192, 0.49986239, 0.19113474, 0.49767778, 0.00003332907, 0.49468019, 0.49995189, 0.16783092, 0.019021835, 0.49983994, 0.49999999, 0.48021555, 0.000022323299, 0.36613471, 0.0072768739, 0.00017849749, 0.49999919, 0.0027501494};