name="LSHADE-cnEpSin CEC17";
dim=10;
bound=3;
testID=18;
(*--------*)
min=1.8226638*^-7;
max=0.5;
median=0.47787081;
mean=0.3778166081301251;
std=0.17890929913916817;
(*--------*)
data={0.4999965, 1.8226638*^-7, 0.49999555, 0.00064453377, 0.49999937, 0.49990296, 0.5, 0.44063379, 0.049115674, 0.080849434, 0.5, 0.43357232, 0.47787081, 0.5, 0.49999999, 0.5, 0.49958629, 0.23519284, 0.46827189, 0.49598515, 0.49002182, 0.1414391, 0.49823452, 0.5, 0.48119169, 0.48122487, 0.059827589, 0.46214383, 0.49999972, 0.38946009, 0.49983663, 0.04067602, 0.42689861, 0.017188736, 0.49226186, 0.49895087, 0.47623521, 0.49999807, 0.5, 0.0060003826, 0.49999998, 0.4818822, 0.33223194, 0.46975405, 0.40964615, 0.46944587, 0.49999969, 0.14275555, 0.098374083, 0.41888677, 0.30246383};