name="LSHADE-cnEpSin CEC17";
dim=10;
bound=3;
testID=30;
(*--------*)
min=394.50077;
max=464.1391;
median=394.51415;
mean=415.19818882352945;
std=23.887142364559022;
(*--------*)
data={394.50077, 394.51415, 442.65984, 442.65984, 442.65984, 442.65984, 394.50077, 407.43555, 394.50077, 394.51415, 394.51415, 407.43555, 442.90726, 442.65984, 394.50077, 442.65984, 442.65323, 394.50077, 442.65984, 394.50077, 394.5017, 442.65984, 394.50077, 442.65984, 394.50077, 394.50077, 394.50077, 394.50077, 394.50077, 394.50861, 442.65984, 394.51415, 394.51415, 394.5017, 442.66325, 394.50077, 442.6588, 442.65984, 442.55571, 442.65984, 407.42598, 448.63373, 394.50077, 394.51415, 394.51415, 464.1391, 407.44924, 407.43555, 394.51415, 394.50077, 442.65984};