name="LSHADE-cnEpSin CEC17";
dim=10;
bound=2;
testID=19;
(*--------*)
min=0.;
max=0.1243746;
median=0.019729344;
mean=0.018146513039215693;
std=0.025045207885325157;
(*--------*)
data={0., 0., 0., 0., 0., 0.019729344, 0., 0., 0.039161164, 0., 0., 0.019729344, 0.019729344, 0.019729344, 0.01943182, 0.019729344, 0.039167317, 0.019729344, 0., 0., 0.010632884, 0.019729344, 0.019729344, 0.02002848, 0.019729344, 0.019729344, 0.039161164, 0.019729344, 0.12174153, 0.019729344, 0.1243746, 0.039161169, 0., 0.01943182, 0., 0., 0.019729344, 0.019729344, 0., 0.019729344, 0.019729344, 0.019729344, 0.019729344, 0.039161234, 0., 0., 0., 0.039161447, 0., 0.019729344, 0.};