name="LSHADE-cnEpSin CEC17";
dim=10;
bound=0;
testID=19;
(*--------*)
min=0.;
max=1.5197293;
median=0.019729344;
mean=0.051826088431372555;
std=0.21212966431031616;
(*--------*)
data={0.019729344, 0.019729344, 0.019729344, 0.019729344, 0.1243746, 0.019729344, 0.019729344, 0., 0.019729344, 0.019729344, 0.12174153, 0., 0., 0., 0.019729344, 0.019729344, 0.11000279, 0.019729344, 0.019729344, 0., 0.019729344, 0., 0., 0.052644798, 0., 0.019729344, 0.019729344, 0.019729344, 0., 0.039161164, 0., 0., 0.019729344, 0., 0.14117335, 0.019729344, 0., 0.019729344, 0.019729344, 0.019729344, 1.5197293, 0.011716223, 0., 0., 0.019729344, 0.029353155, 0.019729344, 0., 0.019729344, 0.019729344, 0.};