name="LSHADE-cnEpSin CEC17";
dim=10;
bound=1;
testID=20;
(*--------*)
min=0.;
max=20.001532;
median=0.;
mean=0.5107784798039218;
std=2.7957772561775105;
(*--------*)
data={0., 0., 0., 0., 0., 0., 0., 0., 0., 1.3071323, 0., 0., 0., 0., 0., 0.31217326, 0., 0., 0., 0.62434651, 0., 0., 0., 0., 0., 0., 0., 0.31217326, 0.31217326, 20.001532, 0., 0.31217326, 0., 0., 0., 0., 0.31217326, 0., 0., 0.99495906, 0., 0.31217326, 0., 0.31217326, 0., 0.31217326, 0., 0., 0., 0.31217326, 0.31217326};