name="LSHADE-cnEpSin CEC17";
dim=10;
bound=2;
testID=29;
(*--------*)
min=225.67591;
max=233.72467;
median=228.49177;
mean=228.7198903921568;
std=2.0218240284801845;
(*--------*)
data={233.34337, 228.52098, 227.34375, 228.94844, 228.04292, 228.97519, 233.4294, 230.2644, 228.58251, 226.89853, 226.44506, 227.07085, 232.06939, 229.97265, 226.85711, 230.63802, 227.49673, 229.81825, 226.82609, 229.18016, 226.56059, 230.23368, 233.72467, 225.67591, 228.62713, 227.33639, 226.04364, 228.93973, 226.90599, 228.37718, 228.49177, 232.89679, 229.23515, 228.24483, 228.14132, 230.25137, 229.26637, 227.74425, 227.50115, 230.22167, 226.96103, 230.7151, 229.06122, 226.86401, 229.38054, 232.06514, 226.91152, 226.88361, 226.74982, 226.87741, 227.10163};