name="LSHADE-cnEpSin CEC17";
dim=10;
bound=3;
testID=13;
(*--------*)
min=0.;
max=7.9509562;
median=4.8371369;
mean=2.920821668627451;
std=2.506134580915953;
(*--------*)
data={4.8371369, 4.8371369, 4.8371369, 0., 0., 4.8371369, 4.8371369, 4.8371369, 4.8371369, 4.8371369, 4.8371369, 5.2041263, 7.9509562, 0., 5.2041263, 0., 0., 0., 0., 4.8371369, 4.8371369, 0., 0., 4.8371369, 4.8371369, 0., 0., 4.8371369, 0., 4.8371369, 0., 0., 4.8371369, 0., 4.8371369, 4.8371369, 4.8371369, 4.8371369, 4.8371369, 4.8371369, 4.8371369, 4.8371369, 0., 0., 4.8371369, 0., 0., 0., 0., 4.8371369, 4.8371369};