name="LSHADE-cnEpSin CEC17";
dim=10;
bound=5;
testID=24;
(*--------*)
min=100.;
max=332.66026;
median=329.5645;
mean=300.3967978431372;
std=76.11283280299389;
(*--------*)
data={100., 328.43444, 330.89623, 329.56468, 329.84342, 331.92332, 100., 330.75455, 328.9531, 100., 329.39131, 330.38685, 329.54766, 329.54455, 329.82723, 330.38534, 332.66026, 329.97671, 100., 331.49845, 329.54438, 330.29313, 329.56309, 331.00858, 329.77249, 328.5897, 100., 329.24053, 329.54465, 329.5645, 331.84717, 329.73966, 100., 327.92013, 329.54472, 331.63822, 332.27556, 328.0112, 329.43674, 328.5887, 330.25083, 200., 329.84327, 330.24473, 328.95975, 332.07325, 330.24384, 329.84686, 329.54495, 330.0224, 329.49556};