name="LSHADE-cnEpSin CEC17";
dim=10;
bound=2;
testID=16;
(*--------*)
min=0.005820388;
max=1.1435904;
median=0.70118726;
mean=0.628503604137255;
std=0.26651957183080976;
(*--------*)
data={0.49833216, 0.5672059, 0.32263786, 0.91506173, 0.24394614, 1.1435904, 1.0956754, 0.76311425, 0.40039167, 0.005820388, 0.36663827, 0.062954836, 0.70010825, 0.51893209, 0.72728943, 0.65375277, 0.92820414, 0.72150499, 0.22935819, 0.72710231, 0.59057897, 0.91078617, 0.51219135, 0.39996931, 0.15838504, 0.45603782, 0.83800504, 0.50111453, 0.60015552, 0.72584588, 0.91203993, 0.3431206, 0.70118726, 0.72755911, 0.50014737, 0.025256657, 0.70113956, 0.70797662, 0.70976931, 0.70445369, 0.93471044, 0.67735671, 0.70658373, 0.76974549, 0.85037699, 0.87164881, 0.41938441, 0.83920171, 0.80648034, 0.91461537, 0.9462389};