name="LSHADE-cnEpSin CEC17";
dim=10;
bound=0;
testID=17;
(*--------*)
min=0.010817378;
max=20.7563;
median=0.3650097;
mean=0.8561274664705882;
std=2.863610568968061;
(*--------*)
data={0.1253286, 0.43826005, 1.0657926, 0.40524815, 0.32347822, 0.36465648, 0.48880197, 0.029409016, 1.0494156, 0.69057565, 0.34696864, 0.3650097, 0.62533843, 0.64989495, 0.43777419, 0.35121639, 0.33249103, 1.0297294, 0.35282553, 0.099924762, 1.3516246, 1.0640233, 0.36698959, 0.010817378, 0.070309152, 0.44873807, 0.33349405, 0.3319026, 0.056750177, 0.510003, 0.33479405, 0.76780446, 0.36937858, 1.0146885, 0.37408345, 0.3513931, 1.0226863, 0.039665584, 0.43767081, 1.1167006, 0.38136112, 0.094170725, 20.7563, 0.35338708, 0.023717868, 0.063481523, 0.083570735, 1.1756295, 0.34043634, 0.34372504, 0.10106415};