name="LSHADE-cnEpSin CEC17";
dim=10;
bound=2;
testID=23;
(*--------*)
min=300.;
max=304.45332;
median=300.09287;
mean=301.2412221568627;
std=1.5941693096911793;
(*--------*)
data={300., 300.09854, 302.88653, 303.27338, 300.00058, 300.00115, 300.10507, 302.58736, 303.11969, 300.00017, 300.00033, 300.00207, 300., 302.88182, 304.14557, 304.45332, 300., 302.92844, 300.00029, 300.00002, 303.93337, 303.35339, 300.00033, 300.06983, 303.05386, 300.00065, 300., 304.16951, 300.0002, 300.01972, 300., 300., 302.90628, 300.27258, 300.5371, 300., 300.09287, 302.89596, 302.91777, 300., 302.91324, 300.00622, 300.29378, 300.19329, 300.00005, 300., 300.02729, 302.95561, 303.61241, 302.58857, 300.00412};