name="LSHADE-cnEpSin CEC17";
dim=10;
bound=2;
testID=27;
(*--------*)
min=380.90179;
max=395.07456;
median=393.81876;
mean=391.8389790196077;
std=3.8608598830888736;
(*--------*)
data={391.36406, 387.07904, 393.81876, 393.81876, 393.81876, 380.90179, 393.81876, 393.81876, 393.81876, 393.81876, 393.81876, 393.81876, 394.56032, 386.01225, 393.81876, 393.81876, 393.81876, 383.56067, 395.07456, 387.27752, 393.81876, 382.95176, 392.58835, 393.81876, 393.81876, 393.81876, 383.66044, 393.81876, 393.81876, 393.81876, 393.81876, 393.81876, 393.90881, 393.81876, 393.81876, 389.95494, 393.81876, 390.16316, 393.81876, 384.06693, 393.81876, 393.81876, 384.22918, 385.09898, 393.81876, 393.81876, 393.81876, 393.81876, 394.06029, 393.81876, 395.07456};