name="LSHADE-cnEpSin CEC17";
dim=10;
bound=2;
testID=25;
(*--------*)
min=397.74287;
max=443.37312;
median=398.03196;
mean=416.6523950980391;
std=22.558779689533875;
(*--------*)
data={397.74287, 397.74287, 443.32995, 397.74287, 443.32995, 443.32995, 397.74287, 398.03578, 398.03196, 443.32995, 397.74287, 397.74287, 443.35585, 443.33391, 399.58497, 443.37224, 397.74287, 398.03578, 443.36511, 443.37312, 443.32995, 398.00899, 398.00899, 443.36453, 443.33391, 397.74287, 397.74287, 397.74287, 397.74287, 397.74287, 443.34605, 397.74287, 397.74287, 398.03196, 397.74287, 398.00899, 397.74287, 398.00899, 443.32995, 443.33391, 443.37224, 443.32995, 443.34719, 398.00899, 397.74287, 398.00899, 443.36511, 443.32995, 443.37224, 398.00899, 399.58497};