name="LSHADE-cnEpSin CEC17";
dim=10;
bound=1;
testID=18;
(*--------*)
min=0.000048911596;
max=20.499998;
median=0.49845078;
mean=4.311844622089921;
std=8.018083878252284;
(*--------*)
data={0.49999578, 0.49998133, 20.029299, 0.0053709494, 0.4961125, 0.14519134, 0.012925286, 0.23083235, 0.48277718, 0.0068212006, 0.49144218, 0.48846527, 0.49999999, 20.436342, 0.47616268, 0.49946794, 0.25780933, 0.46057894, 0.40739849, 0.46210084, 0.49984645, 20.457803, 20.499998, 0.45784978, 0.034586678, 20.455073, 20.499899, 0.020980843, 0.4951255, 0.49973801, 0.4998424, 0.49909933, 20.497884, 0.49999684, 0.4112585, 0.25611868, 0.48921496, 0.49999323, 1.004687, 0.49706041, 20.430114, 0.49999995, 20.013267, 20.499966, 0.5, 0.000048911596, 0.49845078, 0.4968808, 0.00021809799, 0.5, 0.5};