name="LSHADE-cnEpSin CEC17";
dim=10;
bound=3;
testID=24;
(*--------*)
min=100.;
max=331.63795;
median=328.31918;
mean=305.9604009803922;
std=68.59839120768473;
(*--------*)
data={329.12099, 330.37925, 329.54874, 328.02206, 329.54432, 329.65352, 328.31884, 324.12598, 327.16645, 324.12437, 328.31923, 326.73658, 329.49303, 330.41384, 329.54433, 330.24454, 328.20564, 329.5664, 329.54433, 329.3916, 328.3225, 328.01105, 100., 328.58904, 327.92043, 329.54432, 328.58854, 326.05733, 324.12406, 327.60987, 329.39122, 100., 328.31918, 100., 326.63969, 329.97601, 327.92199, 328.02007, 100., 327.92131, 328.27852, 329.76957, 329.5448, 331.63795, 329.64591, 100., 324.14368, 329.49293, 328.76532, 327.09489, 327.18623};