name="LSHADE-cnEpSin CEC17";
dim=10;
bound=5;
testID=8;
(*--------*)
min=0.99501826;
max=3.9818857;
median=2.9856634;
mean=2.577875383529412;
std=0.7489353680135405;
(*--------*)
data={1.9905343, 1.9919387, 1.9913363, 1.9914945, 0.9960644, 1.992254, 2.9889347, 1.9931548, 2.9868925, 2.9866461, 1.9910868, 3.9809941, 1.9920257, 1.9903379, 2.9868714, 1.9913795, 3.9815569, 2.9853803, 2.9880189, 2.9886672, 2.9859904, 1.9909232, 2.9863362, 2.9867854, 1.9933396, 1.0004671, 2.9856634, 2.9882088, 2.9883192, 3.9818857, 0.99501826, 2.9876734, 1.9937203, 2.9890238, 2.9869341, 1.9915252, 1.9904782, 3.9803268, 2.9854355, 2.9879153, 2.0160051, 1.9932441, 2.990335, 3.9814289, 2.9900775, 2.9879447, 1.993211, 1.9916995, 2.9863792, 2.9893229, 1.9904578};