name="LSHADE-cnEpSin CEC17";
dim=10;
bound=5;
testID=16;
(*--------*)
min=0.029327529;
max=1.123999;
median=0.65567976;
mean=0.6189825955686274;
std=0.22243824225208753;
(*--------*)
data={0.22784664, 0.5014399, 0.091042055, 0.62664264, 0.31659527, 0.30284153, 0.74135988, 0.70838437, 0.70888752, 1.123999, 0.64696866, 0.93477084, 0.54919652, 0.8523114, 0.44153409, 0.50101966, 0.93261002, 0.81187521, 0.64926271, 0.52540763, 0.79627481, 0.43920582, 0.34663985, 0.46623131, 0.44362443, 0.4194296, 0.91628595, 0.70714169, 0.71919216, 0.66114286, 0.49962282, 0.68839672, 0.71181405, 0.70799507, 0.78742441, 0.47812684, 0.77517259, 0.71708604, 0.79178138, 0.49878373, 0.64010172, 0.35404036, 0.029327529, 0.80720718, 0.70848036, 0.41784399, 0.65567976, 0.91210841, 0.93090622, 0.72698643, 0.62006274};