name="LSHADE-cnEpSin CEC17";
dim=10;
bound=0;
testID=21;
(*--------*)
min=100.;
max=205.06174;
median=203.02518;
mean=161.03235941176467;
std=51.564519876764656;
(*--------*)
data={204.83066, 203.82783, 203.74788, 203.92104, 100., 202.74719, 204.82028, 100., 100., 204.05149, 204.98082, 100., 203.39329, 204.9636, 202.5621, 100., 100., 204.60254, 205.06174, 204.16288, 100., 100., 204.14644, 203.79741, 100., 204.68579, 203.72293, 100., 100., 100., 200.00411, 100.37482, 100., 204.68509, 203.66546, 100., 203.02518, 204.51476, 200.01342, 203.56644, 100., 100., 100., 204.17996, 100.00009, 203.82557, 100., 203.73427, 100., 203.41523, 203.62002};