name="LSHADE-cnEpSin CEC17";
dim=10;
bound=4;
testID=28;
(*--------*)
min=300.;
max=611.42489;
median=300.;
mean=389.46462803921565;
std=133.94480867546577;
(*--------*)
data={580.90643, 580.4099, 300., 300., 300., 611.42489, 300., 300., 300., 574.00761, 300., 300., 589.28547, 565.46718, 300., 300., 300., 300., 300., 579.59815, 300., 300., 300., 300., 300., 300., 584.30837, 552.58717, 610.42179, 300., 300., 572.25404, 300., 300., 300., 300., 300., 300., 300., 597.90205, 595.28706, 575.36656, 583.74521, 300., 609.72415, 300., 300., 300., 300., 300., 300.};