name="LSHADE-cnEpSin CEC17";
dim=10;
bound=0;
testID=16;
(*--------*)
min=0.019808559;
max=1.6969259;
median=0.66715412;
mean=0.600802905764706;
std=0.29841821704702587;
(*--------*)
data={0.93542452, 0.49991149, 0.83048665, 0.7275748, 0.6781626, 0.41353505, 0.68508114, 0.81957919, 0.25812501, 0.72087981, 0.69815258, 0.7033905, 0.28566562, 0.93495213, 0.7169738, 0.56218223, 0.72672217, 0.6803594, 0.48187506, 0.64991475, 0.70013902, 0.32464135, 0.45008743, 0.35939673, 0.63164447, 0.40608143, 0.43667009, 0.020591001, 0.49957073, 0.67876264, 0.88666071, 0.66715412, 0.30868294, 0.7071325, 0.019808559, 0.41657105, 0.2629298, 0.89741583, 0.42014342, 1.1038324, 0.81518999, 0.29645387, 0.53150665, 0.72403672, 0.22783885, 0.90234056, 0.87852686, 1.6969259, 0.025208234, 0.9063472, 0.42970864};