name="LSHADE-cnEpSin CEC17";
dim=10;
bound=5;
testID=12;
(*--------*)
min=0.;
max=253.29626;
median=119.73787;
mean=102.99929515313725;
std=58.180219323598585;
(*--------*)
data={120.15416, 130.91083, 129.61129, 119.73787, 118.43833, 134.85793, 0.41628597, 0.41628597, 119.73787, 11.589241, 131.11897, 119.94602, 129.81943, 0., 134.85793, 118.43833, 119.73787, 118.64648, 0.20814298, 118.43833, 118.85462, 119.94602, 129.61129, 11.381098, 119.73787, 11.381098, 134.85793, 120.15416, 129.81943, 118.64648, 119.94602, 130.91083, 0.20814298, 253.29626, 129.61129, 236.87667, 120.15416, 118.43833, 119.94602, 142.08378, 119.94602, 118.64648, 142.08378, 130.91083, 0.41628597, 119.94602, 0.41628597, 119.73787, 118.64648, 118.85462, 0.41628597};