name="LSHADE-cnEpSin CEC17";
dim=10;
bound=1;
testID=7;
(*--------*)
min=10.96928;
max=14.641861;
median=12.686044;
mean=12.640287176470585;
std=0.7064310365636749;
(*--------*)
data={13.086883, 12.445997, 13.083202, 11.63496, 13.384112, 13.191283, 12.57305, 12.776573, 12.319598, 11.636294, 11.438076, 14.641861, 12.065682, 14.214528, 12.73975, 13.590724, 13.012128, 12.405718, 11.722419, 13.046196, 12.281723, 12.26366, 10.96928, 12.10633, 12.700553, 12.518198, 13.352103, 12.842778, 12.822012, 12.316973, 12.303669, 12.664566, 11.362467, 13.164164, 13.271679, 11.576282, 12.825757, 13.149827, 12.27692, 12.783645, 12.686044, 13.733156, 13.098399, 12.529876, 13.041019, 12.95269, 12.094565, 12.439246, 11.849133, 12.400146, 13.268752};