name="LSHADE-cnEpSin CEC17";
dim=10;
bound=1;
testID=13;
(*--------*)
min=0.;
max=7.9506282;
median=4.8371369;
mean=4.53764994705882;
std=1.5151441063910225;
(*--------*)
data={4.8371369, 4.8371369, 7.9501221, 4.8371369, 5.2041263, 4.8371369, 0., 4.8371369, 4.8371369, 4.8371369, 4.8371369, 4.8371369, 4.8371369, 4.8371369, 5.2041263, 4.8371369, 4.8371369, 4.8371369, 4.8371369, 0., 4.8371369, 4.8371369, 4.8371369, 4.8371369, 3.1138177, 3.1138132, 4.8371369, 7.9506282, 4.8371369, 4.8371369, 4.8371369, 4.8371369, 4.8371369, 4.8371369, 4.8371369, 4.8371369, 4.8371369, 5.0310481, 4.8371369, 4.8371369, 0., 4.8371369, 4.8371369, 4.8371369, 4.8371369, 0., 4.8371369, 4.8371369, 4.8371369, 4.8371369, 5.2041263};