name="LSHADE-cnEpSin CEC17";
dim=10;
bound=2;
testID=24;
(*--------*)
min=100.;
max=330.3864;
median=326.73518;
mean=273.53915313725486;
std=97.24401580819452;
(*--------*)
data={100., 326.06207, 325.09221, 327.16519, 321.19914, 327.16606, 327.92241, 328.31931, 100., 330.3864, 328.20586, 328.0144, 329.09601, 100., 100., 328.58878, 319.2769, 327.17079, 100., 324.14317, 100., 100., 329.54875, 329.82618, 326.73645, 100., 329.76877, 100., 326.63968, 100., 329.63448, 327.09414, 100., 327.16473, 327.16471, 328.60657, 328.27732, 321.19905, 330.24486, 100., 326.73518, 327.16471, 324.14317, 327.16488, 324.12501, 327.09537, 326.05641, 326.64014, 326.05636, 329.54433, 326.05686};