name="LSHADE-cnEpSin CEC17";
dim=10;
bound=4;
testID=20;
(*--------*)
min=0.;
max=0.62434651;
median=0.;
mean=0.12242088549019603;
std=0.19820844865396947;
(*--------*)
data={0., 0., 0., 0.62434651, 0.62434651, 0., 0., 0.31217326, 0.31217326, 0., 0., 0., 0.31217326, 0., 0., 0., 0., 0., 0.31217326, 0., 0., 0.31217326, 0., 0., 0., 0., 0., 0., 0., 0.31217326, 0.31217326, 0., 0., 0.31217326, 0.62434651, 0., 0., 0., 0., 0., 0., 0.31217326, 0., 0., 0.62434651, 0.31217326, 0., 0., 0., 0.31217326, 0.31217326};