name="LSHADE-cnEpSin CEC17";
dim=10;
bound=0;
testID=24;
(*--------*)
min=100.;
max=333.58161;
median=329.54432;
mean=284.87087431372555;
std=92.22236635175523;
(*--------*)
data={328.33602, 327.18847, 331.55198, 100., 330.53341, 333.58161, 331.30806, 332.01146, 330.53076, 100., 330.05895, 328.78106, 329.39086, 332.46816, 331.32103, 329.54432, 100., 330.53071, 100., 100., 328.21043, 326.05806, 328.31898, 100., 330.24559, 332.20967, 326.63993, 328.58883, 330.56424, 330.38762, 329.23824, 100., 330.53162, 330.5178, 330.94478, 330.98691, 327.60792, 328.27944, 327.92007, 333.17394, 330.38564, 328.32088, 329.54435, 331.66347, 330.24401, 329.23882, 100., 331.16257, 100., 100., 330.29392};