name="LSHADE-cnEpSin CEC17";
dim=10;
bound=2;
testID=12;
(*--------*)
min=0.;
max=238.17621;
median=118.85462;
mean=95.23067130764704;
std=55.752369485214494;
(*--------*)
data={0.20814298, 119.94602, 119.73787, 119.73787, 119.94602, 134.85793, 0.20814298, 119.94602, 119.94602, 0.20814298, 118.64648, 129.61129, 118.85462, 118.43833, 0.41628597, 118.64648, 118.64648, 119.73787, 0.41628597, 118.64648, 119.94602, 130.91083, 130.91083, 119.94602, 118.64648, 118.43833, 119.94602, 118.64648, 118.85462, 0.20814298, 119.73787, 129.81943, 0., 129.61129, 120.15416, 0.41628597, 0.41628597, 118.64648, 120.15416, 119.73787, 118.64648, 0.62442895, 130.91083, 118.64648, 118.64648, 0.41628597, 119.94602, 118.43833, 0.41628597, 238.17621, 119.94602};