name="LSHADE-cnEpSin CEC17";
dim=10;
bound=2;
testID=13;
(*--------*)
min=0.;
max=7.9509562;
median=3.1138193;
mean=2.703142643529412;
std=2.5522348614325945;
(*--------*)
data={4.8371369, 4.8371369, 4.8371369, 0., 4.8371369, 0., 0., 0.99577342, 4.8371369, 4.8371369, 4.8371369, 4.8371369, 4.8371369, 0., 3.1138193, 4.8371369, 7.9509562, 0., 0., 0., 4.8371369, 5.2041263, 4.8371369, 0., 4.8371369, 4.8371369, 0., 0., 0., 3.1138193, 4.8371369, 4.8371369, 0., 0., 0., 3.1138123, 0., 4.8371369, 0., 0., 4.8371369, 0., 0., 4.8371369, 4.8371369, 4.8371369, 0., 0., 7.9509562, 0., 4.8371369};