name="LSHADE-cnEpSin CEC17";
dim=10;
bound=3;
testID=7;
(*--------*)
min=11.177281;
max=13.930365;
median=12.524524;
mean=12.477807019607845;
std=0.6337799246253699;
(*--------*)
data={11.930366, 12.368628, 12.722938, 13.930365, 12.587985, 12.628267, 11.655333, 12.483476, 13.667106, 13.06668, 12.979083, 11.774947, 12.368342, 12.225345, 12.955618, 13.065171, 13.217344, 12.577968, 12.605373, 12.08443, 13.058962, 11.317815, 12.012812, 12.309543, 12.889358, 11.787449, 11.440434, 12.82975, 12.967877, 12.21574, 12.159703, 12.046365, 12.298782, 12.737174, 12.845885, 12.924602, 12.590139, 13.199496, 12.524524, 13.415704, 12.650647, 13.760623, 12.448975, 11.520982, 11.245189, 11.691029, 11.177281, 12.397358, 12.748731, 12.27971, 11.980754};