name="LSHADE-cnEpSin CEC17";
dim=10;
bound=0;
testID=8;
(*--------*)
min=0.00081200698;
max=3.9878866;
median=2.9855856;
mean=2.4813941924898035;
std=0.830559333121754;
(*--------*)
data={1.9902254, 2.9855856, 2.9894114, 3.0025939, 3.9878866, 2.9865781, 2.9888912, 1.9926712, 2.9854657, 1.9908851, 2.9898893, 0.99776427, 2.0190014, 2.986041, 2.9863987, 0.99545431, 1.9923316, 2.9871669, 2.9943679, 3.980612, 0.00081200698, 2.9889992, 2.9859546, 0.99498825, 1.9899228, 2.9869606, 2.9865708, 2.9854843, 1.9922892, 1.9941859, 2.9881513, 3.0154253, 1.9930786, 1.9903495, 2.9864319, 3.0016186, 2.9896893, 2.9854806, 1.9914391, 1.9900594, 0.9949655, 3.9817899, 2.9887463, 1.9911491, 2.9856542, 1.9909766, 2.9857727, 1.9906987, 2.988378, 0.99558998, 1.99027};