name="LSHADE-cnEpSin CEC17";
dim=10;
bound=0;
testID=12;
(*--------*)
min=0.;
max=462.33069;
median=119.73787;
mean=116.86978436921571;
std=83.11363736481104;
(*--------*)
data={118.64648, 119.94602, 129.81943, 11.381098, 0.20814298, 134.85793, 119.73787, 119.94602, 135.06607, 0.20814298, 130.91083, 462.33069, 0.20814298, 131.11897, 130.91083, 129.61129, 118.64648, 119.73787, 130.91083, 238.17621, 118.85462, 238.17621, 0.41628597, 119.94602, 249.34916, 11.172955, 118.64648, 118.64648, 118.64648, 0., 129.61129, 134.85793, 0.41628597, 237.08481, 119.73787, 118.64648, 118.64648, 119.94602, 0.20814298, 131.11897, 131.11897, 118.85462, 0.41628597, 134.85793, 118.64648, 134.85793, 119.73787, 118.64648, 0., 238.17621, 158.53791};