name="LSHADE-cnEpSin CEC17";
dim=10;
bound=5;
testID=5;
(*--------*)
min=0.99513326;
max=3.9829677;
median=1.9961383;
mean=2.4218878694117647;
std=0.8723546475006556;
(*--------*)
data={1.9961383, 1.9918213, 2.9862522, 1.992623, 1.9907917, 1.9905639, 1.0149756, 0.99560304, 2.9887016, 1.993877, 3.9808193, 2.998606, 2.9908622, 1.9913117, 2.9874334, 1.9900488, 2.9851088, 0.99547096, 1.9986933, 1.990309, 0.99513326, 0.99697175, 2.9859867, 1.9899563, 2.9864896, 3.9829677, 2.9867151, 0.99783983, 1.9912284, 1.9914589, 2.9863563, 2.985535, 2.9866149, 1.0081222, 1.9992724, 3.9802331, 3.9823044, 2.9853325, 1.9901755, 3.9801531, 3.9812054, 1.9901309, 2.9861717, 2.9862129, 1.9904808, 2.9856717, 1.9909233, 1.9931307, 1.9915123, 2.9911411, 1.9908425};