name="LSHADE-cnEpSin CEC17";
dim=10;
bound=5;
testID=10;
(*--------*)
min=0.48023796;
max=240.797;
median=122.29155;
mean=87.86753654627451;
std=74.22789655465782;
(*--------*)
data={240.797, 144.73677, 124.10454, 3.8534367, 7.241068, 126.62815, 15.512771, 128.44327, 12.29774, 138.08468, 1.3379437, 14.924872, 221.23711, 12.142811, 221.15768, 4.007119, 7.2735404, 13.977427, 129.31231, 123.08899, 125.49615, 230.43615, 122.29155, 122.67429, 129.20423, 155.4449, 125.4524, 233.06978, 121.2817, 3.7360991, 126.9607, 11.393352, 18.666988, 17.932929, 129.66782, 130.8248, 122.68111, 6.9451841, 11.489443, 122.10436, 7.138087, 119.55219, 30.366321, 141.11566, 132.48173, 126.29711, 133.99387, 6.8655969, 0.48023796, 10.602105, 14.438292};