name="LSHADE-cnEpSin CEC17";
dim=10;
bound=3;
testID=21;
(*--------*)
min=100.;
max=205.25719;
median=100.;
mean=124.44558137254903;
std=44.51072973847215;
(*--------*)
data={203.96083, 100., 202.70048, 100., 204.75388, 100., 100., 204.09836, 100., 100., 100., 100., 100., 100., 203.81058, 100., 100., 100., 202.02667, 100., 203.71905, 100., 100., 100., 100., 100., 100., 100., 100., 100., 100., 100.00001, 100., 100., 100., 100., 100., 100., 100., 100., 100., 202.95631, 100., 100., 203.75883, 204.93178, 100., 204.75068, 205.25719, 100., 100.};