name="LSHADE-cnEpSin CEC17";
dim=10;
bound=5;
testID=21;
(*--------*)
min=100.;
max=205.0085;
median=100.;
mean=144.7179396078431;
std=51.854789360178295;
(*--------*)
data={100., 204.5816, 100., 204.15877, 100., 203.79315, 100., 100., 204.08299, 100., 100., 100., 100., 100., 100., 100., 100., 203.54343, 100., 100.00291, 100., 203.77532, 100., 202.57484, 203.51054, 100., 204.43436, 100., 100., 204.28176, 201.99035, 100., 202.6995, 100., 203.64525, 202.83595, 100., 203.77467, 100., 100., 204.52818, 100., 204.59308, 205.0085, 203.03137, 100., 203.26268, 100., 100., 202.83896, 203.66676};