name="LSHADE-cnEpSin CEC17";
dim=10;
bound=0;
testID=25;
(*--------*)
min=397.74287;
max=445.79294;
median=443.32995;
mean=423.0263862745096;
std=22.938151406880984;
(*--------*)
data={398.00899, 443.32995, 443.33391, 398.00899, 443.32995, 398.00899, 443.35672, 443.32995, 398.00899, 398.00899, 397.74287, 398.12723, 443.36511, 443.35672, 443.35672, 398.03292, 398.00899, 443.36511, 443.32995, 443.37224, 398.03578, 443.35672, 398.03578, 443.33391, 398.00899, 443.33416, 398.03578, 445.79294, 443.32995, 445.77756, 443.32995, 443.36511, 397.74287, 398.00899, 398.00899, 398.00899, 443.32995, 397.74287, 443.37224, 443.33071, 398.00899, 445.79294, 443.32995, 443.32995, 443.33392, 398.03292, 397.74287, 443.32995, 443.33391, 398.03578, 398.00899};