name="LSHADE-cnEpSin CEC17";
dim=10;
bound=1;
testID=29;
(*--------*)
min=225.82325;
max=233.26361;
median=228.85321;
mean=229.0937760784314;
std=1.8970014275504152;
(*--------*)
data={228.40662, 228.97042, 229.95521, 229.07792, 228.00469, 233.22735, 228.85321, 226.24072, 227.09172, 228.34781, 231.74373, 231.20619, 231.69623, 225.82325, 229.65954, 228.24952, 228.14187, 227.68438, 228.11878, 233.26361, 229.22148, 230.72587, 230.62259, 227.21674, 230.21914, 226.1422, 231.30492, 226.27125, 232.73115, 231.9886, 230.23907, 229.47889, 231.51022, 229.45907, 228.54225, 228.58057, 229.72747, 228.39096, 227.17778, 228.30011, 227.18835, 230.66011, 230.9173, 227.33995, 229.49674, 226.67948, 230.07969, 227.59283, 227.38192, 227.34898, 227.48413};