name="LSHADE-cnEpSin CEC17";
dim=10;
bound=0;
testID=29;
(*--------*)
min=226.14173;
max=234.97266;
median=228.1092;
mean=228.78323647058824;
std=2.0905710765260532;
(*--------*)
data={227.02236, 228.25766, 229.11221, 228.1092, 227.94149, 226.95686, 227.51916, 234.97266, 226.56014, 227.3514, 228.07266, 226.66537, 227.90725, 227.88124, 227.73882, 226.62079, 227.29575, 233.40438, 227.91554, 232.35242, 227.31677, 229.37615, 230.57345, 229.1905, 228.94044, 227.48452, 228.3883, 227.43579, 229.67321, 231.30174, 233.53296, 227.0613, 228.99609, 228.76957, 226.48301, 231.90376, 230.70385, 226.14173, 231.5963, 228.57267, 230.23449, 226.7363, 232.91443, 227.45019, 226.2925, 230.37595, 228.9652, 228.11222, 228.9828, 227.23515, 227.54636};