name="LSHADE-cnEpSin CEC17";
dim=10;
bound=5;
testID=27;
(*--------*)
min=388.40853;
max=394.73523;
median=388.65286;
mean=389.4348486274509;
std=1.9189214530147032;
(*--------*)
data={388.80281, 388.51738, 388.42871, 389.41861, 389.50214, 388.46539, 388.49593, 394.59187, 388.92586, 388.58504, 388.90594, 388.45179, 388.65286, 389.00634, 388.48572, 388.91068, 388.70758, 388.45706, 388.47163, 388.53149, 388.48509, 388.91428, 388.43994, 388.41878, 389.14608, 388.89486, 388.77754, 388.42113, 388.55014, 388.81872, 388.48297, 394.07177, 388.65123, 393.81876, 394.68249, 388.60585, 388.51991, 394.73523, 388.89749, 388.49356, 394.70174, 388.76118, 388.70497, 388.40853, 388.52046, 388.99575, 391.86568, 389.51795, 388.44007, 388.60389, 388.51641};