name="LSHADE-cnEpSin CEC17";
dim=10;
bound=4;
testID=13;
(*--------*)
min=0.;
max=7.9509518;
median=4.8371369;
mean=3.6392461058823513;
std=2.645466909592631;
(*--------*)
data={4.8371369, 7.950501, 0., 0., 4.8371369, 4.8371369, 4.8371369, 4.8371369, 4.8371369, 4.8371369, 0., 0., 7.9509518, 0., 0., 4.8371369, 0., 4.8371369, 4.8371369, 4.8371369, 4.8371369, 7.9506069, 5.2041263, 4.8371369, 0., 7.9504602, 4.8371369, 4.8371369, 0., 4.8371369, 5.2041263, 4.8371369, 4.8371369, 4.8371369, 4.8371369, 4.8371369, 0., 4.8371369, 0., 4.8371369, 4.8371369, 0., 7.9509457, 0., 4.8371369, 0., 4.8371369, 0., 4.8371369, 0., 4.8371369};