name="LSHADE-cnEpSin CEC17";
dim=10;
bound=4;
testID=23;
(*--------*)
min=300.;
max=305.16781;
median=303.03001;
mean=302.4723666666667;
std=1.7573611466260066;
(*--------*)
data={303.03014, 300.00288, 300.10703, 300., 300.00012, 300.0102, 302.88821, 303.16429, 300.00001, 303.48308, 303.52227, 300.00376, 302.86851, 300.00061, 300., 303.80596, 304.56942, 303.08532, 304.68446, 303.57521, 303.10743, 300., 304.91758, 303.87882, 302.57682, 300.01455, 300.01318, 302.95222, 304.22136, 303.03001, 302.57681, 300., 303.93617, 303.05543, 304.22267, 305.16781, 304.92933, 303.00688, 302.6319, 303.18765, 303.27532, 302.97901, 304.27559, 303.26816, 303.2345, 300.58837, 304.60688, 300.28142, 304.32884, 303.02416, 300.00035};