name="LSHADE-cnEpSin CEC17";
dim=10;
bound=4;
testID=30;
(*--------*)
min=394.45023;
max=464.13902;
median=394.51415;
mean=419.0965935294118;
std=26.485406678580627;
(*--------*)
data={464.13902, 394.50076, 442.65909, 442.65977, 394.49969, 394.50066, 394.50077, 394.50071, 442.65982, 394.50073, 394.50072, 394.50075, 394.50076, 394.50071, 442.65983, 464.13461, 442.65984, 394.50077, 442.65958, 394.5015, 407.43522, 442.65793, 442.65981, 442.65983, 394.51415, 442.65984, 394.50057, 442.65984, 442.6598, 464.13454, 442.65982, 394.50077, 394.45023, 442.66078, 394.5017, 442.65984, 394.49817, 394.5007, 394.50071, 442.424, 442.65984, 394.50168, 394.49551, 394.50062, 394.51385, 464.13452, 394.50076, 442.66032, 442.65978, 442.66033, 394.50072};