name="LSHADE-cnEpSin CEC17";
dim=10;
bound=5;
testID=29;
(*--------*)
min=225.64416;
max=235.01856;
median=229.03699;
mean=229.41780549019606;
std=2.2325684876082206;
(*--------*)
data={225.64416, 229.38395, 232.22446, 227.07878, 228.84359, 230.23232, 226.72618, 227.23628, 228.3772, 227.35092, 228.57244, 227.8326, 231.54571, 227.29913, 233.72761, 229.68875, 229.69038, 230.99555, 229.29716, 231.59089, 232.82767, 228.0618, 232.38915, 228.06941, 227.96354, 229.45152, 228.3682, 231.37557, 229.03699, 227.07712, 228.21515, 231.12157, 226.13845, 235.01856, 233.64809, 229.26189, 232.33618, 228.00973, 233.11448, 227.07712, 230.44001, 230.07132, 229.53975, 226.7928, 231.34856, 228.29265, 227.08871, 231.72141, 228.48544, 226.84785, 227.77933};