name="LSHADE-cnEpSin CEC17";
dim=10;
bound=0;
testID=30;
(*--------*)
min=391.6812;
max=422649.82;
median=406.75957;
mean=14848.05714431373;
std=68363.50459305116;
(*--------*)
data={442.65983, 501.43068, 442.74419, 394.49932, 394.47372, 394.49965, 407.44914, 464.13952, 248927.74, 391.6812, 394.50056, 393.86847, 422649.82, 394.50035, 442.66036, 394.49658, 394.5006, 442.65882, 442.65825, 394.4886, 407.43551, 442.65975, 394.49832, 394.4233, 394.50075, 394.50038, 442.63894, 394.45258, 394.50063, 394.43261, 407.43544, 442.65382, 442.65862, 442.65982, 442.65975, 394.49345, 442.01228, 394.49019, 442.65827, 394.49971, 442.65879, 406.75957, 394.49972, 394.503, 394.50008, 442.41211, 65695.542, 394.48765, 442.65936, 394.50058, 442.65754};