name="LSHADE-cnEpSin CEC17";
dim=10;
bound=3;
testID=25;
(*--------*)
min=397.74287;
max=443.38066;
median=398.00899;
mean=416.57899803921555;
std=22.61562970721073;
(*--------*)
data={443.36368, 398.00899, 397.74287, 397.74287, 397.74287, 398.00899, 397.74287, 398.03578, 443.36031, 443.32995, 397.74287, 397.74287, 398.00899, 397.74287, 397.74287, 443.33391, 397.74287, 443.32995, 443.32995, 443.32995, 397.74287, 398.03316, 397.74287, 397.74287, 443.38066, 443.33391, 398.03578, 398.03578, 443.36032, 443.32995, 443.32995, 397.74287, 397.74287, 397.74287, 398.00899, 443.32999, 443.33393, 443.34591, 398.00899, 443.32996, 397.74287, 398.00899, 397.74287, 398.00899, 443.32995, 443.36574, 443.36511, 443.32995, 397.74567, 397.74287, 443.36511};