name="LSHADE-cnEpSin CEC17";
dim=10;
bound=4;
testID=10;
(*--------*)
min=0.40295049;
max=245.41476;
median=36.895348;
mean=76.22792612254902;
std=74.41412999589107;
(*--------*)
data={124.07558, 132.06682, 3.9303233, 3.9564884, 12.987405, 0.7056533, 119.16498, 125.68183, 122.53429, 7.1921884, 232.61611, 122.62733, 241.78056, 11.889358, 125.98616, 19.446856, 10.815044, 15.506808, 138.27437, 122.03014, 3.8729903, 4.1393913, 4.1747826, 3.7704249, 126.31244, 7.6725897, 10.46647, 10.623204, 128.95391, 134.35586, 36.895348, 244.96155, 108.25616, 126.18937, 3.765846, 133.54523, 19.901047, 132.58288, 15.478716, 3.6982938, 15.939683, 245.41476, 134.83258, 125.55809, 122.23994, 127.19885, 0.40295049, 119.09667, 18.975885, 0.74917576, 24.33085};