name="LSHADE-cnEpSin CEC17";
dim=10;
bound=1;
testID=8;
(*--------*)
min=0.99511535;
max=3.9842576;
median=2.9851221;
mean=2.489006154509804;
std=0.8008194212229541;
(*--------*)
data={1.9909708, 1.9927254, 2.986693, 2.9957945, 1.9918583, 0.99527943, 2.9865023, 2.9911046, 1.0406348, 1.9930861, 2.9895644, 2.9849441, 2.9851221, 3.9842576, 1.9913262, 2.9900491, 2.9859976, 1.9904073, 3.9810189, 2.9853717, 1.9913293, 1.9919573, 1.9930242, 0.99564973, 2.9859414, 2.985705, 1.9912958, 2.9866067, 0.99511535, 1.9901288, 2.9856726, 3.9803059, 1.9905785, 2.9880153, 0.99582837, 2.9872685, 2.986849, 3.9813928, 2.9886727, 2.9891407, 2.9872784, 2.4172059, 1.9903492, 2.9865068, 1.0018768, 2.9857412, 1.9904164, 2.9853422, 1.9906095, 1.9905014, 2.0002999};