name="LSHADE-cnEpSin CEC17";
dim=10;
bound=2;
testID=30;
(*--------*)
min=383.19599;
max=464.1391;
median=394.51415;
mean=411.4265576470589;
std=23.36895257880084;
(*--------*)
data={394.50077, 462.48584, 442.65984, 394.50077, 394.50077, 407.23546, 464.13456, 394.50077, 394.51415, 407.43555, 394.50077, 394.50077, 394.50077, 394.50077, 442.65984, 394.50077, 394.50077, 394.50077, 394.50041, 442.65984, 407.43555, 442.65984, 394.49595, 394.50077, 394.50077, 407.44904, 394.50077, 383.19599, 394.50077, 394.50077, 394.51415, 442.65984, 394.51415, 407.43555, 416.18485, 394.50077, 442.65984, 407.43555, 407.22601, 464.1391, 442.59067, 394.50077, 442.66325, 442.65984, 394.49447, 394.50077, 442.65984, 442.65984, 407.27099, 407.44924, 394.50077};