name="LSHADE-cnEpSin CEC17";
dim=10;
bound=0;
testID=10;
(*--------*)
min=0.7323682;
max=232.02086;
median=122.10838;
mean=78.03690002156863;
std=69.48168628512653;
(*--------*)
data={122.70377, 3.7868629, 128.68021, 19.08272, 5.4429324, 3.7276812, 10.451527, 15.377947, 232.02086, 122.38085, 149.16103, 135.65752, 126.22023, 22.359431, 137.15675, 3.8387498, 18.635123, 2.9205909, 12.046131, 130.89144, 28.187372, 228.84458, 122.10838, 3.9507905, 222.13748, 129.1968, 122.78167, 24.179848, 4.357193, 125.72268, 134.01374, 4.0094529, 16.307123, 128.91352, 18.930531, 140.8052, 124.40736, 130.23998, 131.26381, 18.622881, 15.272294, 132.94222, 18.948905, 10.576848, 135.03126, 138.63109, 123.5716, 0.7323682, 123.51853, 11.993354, 7.1406843};