name="LSHADE-cnEpSin CEC17";
dim=10;
bound=2;
testID=5;
(*--------*)
min=3.4612901*^-7;
max=3.9800235;
median=1.9970763;
mean=2.2706429918848827;
std=0.8233368971760765;
(*--------*)
data={2.9881767, 2.9880148, 1.9955286, 2.9889294, 0.99496104, 1.9901796, 2.9875005, 1.0893648, 2.9856012, 1.9939341, 3.9800235, 2.9849976, 1.9919591, 2.986866, 0.99518923, 2.9884289, 0.99512283, 2.0005791, 3.0130987, 1.9926953, 1.9970763, 1.9945353, 2.9893132, 2.9920629, 0.99570461, 2.989432, 0.99537147, 1.9926012, 2.9884444, 0.99553498, 2.9889929, 1.9910872, 1.9906717, 1.9910913, 1.9900769, 3.1195841, 2.9878094, 2.9890078, 1.9906521, 1.9906864, 1.9900544, 1.9928893, 2.9870806, 0.99644658, 2.9859121, 2.985954, 2.9983532, 3.4612901*^-7, 1.9987277, 1.9909962, 2.985491};