name="LSHADE-cnEpSin CEC17";
dim=10;
bound=0;
testID=18;
(*--------*)
min=0.00090813894;
max=20.49972;
median=0.3962107;
mean=3.8573452143360796;
std=7.698472096056683;
(*--------*)
data={20.49972, 20.008254, 20.022245, 0.39464331, 0.36079574, 0.36134761, 0.0033844243, 0.20865076, 20.182909, 0.49998565, 0.49118902, 0.5, 0.49946224, 0.3962107, 0.49880524, 0.00090813894, 0.27079021, 0.39451814, 0.0026552338, 0.26619457, 0.36895652, 0.27769277, 0.4999538, 0.053274364, 0.47212737, 0.49367778, 0.44076213, 0.36466404, 0.49999973, 0.18491333, 0.49843189, 0.089645718, 20.493571, 0.06743734, 0.36095211, 0.16410571, 20.170589, 20.499702, 0.007723234, 0.012251437, 0.5, 0.3215041, 0.49878484, 0.033937596, 20.499544, 0.5, 0.49527619, 1.1892865, 0.32131275, 0.0048946951, 20.476965};