name="LSHADE-cnEpSin CEC17";
dim=10;
bound=5;
testID=28;
(*--------*)
min=300.;
max=610.46916;
median=300.;
mean=386.55618980392154;
std=126.30781451684213;
(*--------*)
data={300., 300., 300., 300., 300., 300., 598.02922, 591.65176, 300., 300., 300., 546.73325, 300., 300., 601.63459, 300., 300., 577.71388, 610.46916, 566.83852, 550.4091, 300., 389.58069, 610.26589, 549.56215, 385.10853, 300., 300., 569.77432, 300., 300., 300., 300., 300., 565.2197, 300., 300., 300., 300., 300., 300., 390.74355, 541.91843, 300., 608.82306, 300., 300., 300., 300., 300., 559.88988};