name="LSHADE-cnEpSin CEC17";
dim=10;
bound=2;
testID=10;
(*--------*)
min=0.49684555;
max=264.16808;
median=125.64563;
mean=110.53299363215685;
std=80.79886269180122;
(*--------*)
data={16.052759, 0.5707279, 134.37254, 126.32265, 7.1584581, 252.88212, 3.930294, 7.0301927, 0.49684555, 122.04459, 137.37231, 220.90132, 122.43821, 146.38801, 18.687855, 221.08761, 132.00901, 3.755919, 0.63567919, 134.0361, 131.17894, 241.95308, 125.44143, 134.7258, 3.9473641, 229.19671, 15.512154, 129.48893, 118.76316, 122.31419, 125.67313, 134.09566, 15.718201, 126.47009, 126.94161, 144.62947, 3.5910154, 264.16808, 122.40622, 125.64563, 4.3370993, 122.96991, 18.912184, 241.19511, 221.38651, 15.513847, 137.42982, 251.51479, 122.27177, 127.9922, 123.62537};