name="LSHADE-cnEpSin CEC17";
dim=10;
bound=1;
testID=25;
(*--------*)
min=397.74287;
max=445.78694;
median=443.32995;
mean=421.2248998039213;
std=22.977205621328498;
(*--------*)
data={443.33391, 397.74287, 398.00899, 443.32995, 443.40108, 398.00899, 398.04747, 443.33391, 443.32995, 398.03578, 445.77756, 443.33391, 398.00899, 398.04747, 443.3699, 443.32995, 443.32995, 443.35908, 398.00899, 443.32995, 443.35672, 397.74287, 443.34227, 399.58497, 443.33391, 443.32995, 443.32995, 398.00899, 398.06821, 398.03578, 398.03578, 397.74287, 443.32996, 445.78694, 443.33393, 443.32995, 398.00899, 443.33002, 397.74287, 443.37312, 398.03578, 443.32995, 398.00899, 398.00899, 397.74287, 443.33391, 398.00899, 398.03578, 398.00899, 443.32995, 398.00899};