name="LSHADE-cnEpSin CEC17";
dim=10;
bound=4;
testID=27;
(*--------*)
min=388.46479;
max=395.98477;
median=390.73669;
mean=391.78681372549016;
std=2.6190388172877195;
(*--------*)
data={393.44985, 389.51765, 388.89259, 395.07452, 389.51799, 395.0745, 389.51799, 389.51793, 390.74974, 395.07436, 395.07361, 393.81876, 393.81876, 388.95722, 389.9503, 395.98477, 393.81876, 394.22978, 394.92338, 394.95519, 394.97075, 388.67069, 394.22976, 395.06483, 390.46994, 389.50283, 388.98071, 394.63456, 389.17494, 394.94081, 388.9709, 394.22792, 389.51774, 390.35482, 389.17894, 389.51798, 389.24262, 393.81876, 388.96559, 388.97914, 395.07411, 388.46479, 389.46529, 393.54364, 394.90907, 389.0052, 391.87477, 389.47764, 390.73669, 389.42566, 393.81876};