name="LSHADE-cnEpSin CEC17";
dim=10;
bound=0;
testID=5;
(*--------*)
min=0.00013946494;
max=3.9822183;
median=2.9852781;
mean=2.5141141008811765;
std=0.8577318484794566;
(*--------*)
data={2.9850677, 2.4727297, 1.9940215, 2.9859159, 2.9896703, 1.9899954, 1.9928567, 1.9935598, 2.9919475, 0.2743432, 2.9858722, 2.988525, 2.9884166, 2.9875997, 2.9855472, 2.9861345, 1.991558, 1.9903536, 2.9855684, 1.9978951, 2.9861113, 2.0020792, 1.9914611, 2.9865063, 3.9801112, 3.9807764, 1.9903816, 2.9868617, 3.9814939, 1.9921902, 1.9909747, 1.9960309, 2.9864409, 1.9961965, 0.00013946494, 2.9890298, 2.9864092, 1.990065, 2.9853464, 2.9873681, 1.9902021, 1.9910785, 2.9852781, 1.9915074, 3.9822183, 0.99542423, 0.99730755, 1.99111, 3.9805343, 2.9856738, 2.985933};