name="LSHADE-cnEpSin CEC17";
dim=10;
bound=2;
testID=15;
(*--------*)
min=0.000010198664;
max=0.5;
median=0.33556427;
mean=0.2749392874756275;
std=0.2110083574636681;
(*--------*)
data={0.00021387143, 0.0040229483, 0.067041394, 0.43719155, 0.29506417, 0.39793714, 0.11198589, 0.004084797, 0.0031870597, 0.013707328, 0.47994153, 0.49947135, 0.43822658, 0.49998367, 0.25336385, 0.000010198664, 0.49120345, 0.47913017, 0.0030769371, 0.000079699023, 0.03771927, 0.49999995, 0.043936073, 0.49641582, 0.48634377, 0.16530502, 0.063962553, 0.5, 0.49985679, 0.42437589, 0.49987895, 0.5, 0.22228262, 0.40260623, 0.49965064, 0.074788824, 0.13378544, 0.10434894, 0.00036048564, 0.5, 0.49253615, 0.49498549, 0.15078662, 0.33556427, 0.49996422, 0.42806447, 0.064544847, 0.0000507624, 0.40899558, 0.49986193, 0.012008473};