name="LSHADE-cnEpSin CEC17";
dim=10;
bound=4;
testID=25;
(*--------*)
min=397.74287;
max=445.80137;
median=398.03292;
mean=417.5778721568626;
std=22.761360457018416;
(*--------*)
data={443.33053, 443.32995, 398.00899, 397.74287, 398.03578, 398.00899, 398.00899, 443.33395, 443.32995, 398.00899, 445.80137, 443.32995, 443.36995, 397.74287, 398.00899, 443.33391, 398.00899, 398.03196, 397.74287, 443.32995, 443.33322, 398.00899, 398.00899, 443.32995, 397.74287, 443.35672, 398.00899, 398.03196, 398.00899, 398.00899, 398.00899, 443.32995, 398.03292, 443.32995, 398.05696, 443.32995, 398.00899, 398.03578, 397.74287, 443.33391, 397.74287, 397.74287, 398.00899, 443.34234, 443.34591, 443.32995, 443.38694, 443.33394, 398.00899, 398.00899, 443.32995};