name="LSHADE-cnEpSin CEC17";
dim=10;
bound=1;
testID=23;
(*--------*)
min=300.20714;
max=306.39642;
median=304.37708;
mean=304.1271162745098;
std=1.1868516011026167;
(*--------*)
data={304.34771, 304.4147, 304.78088, 303.019, 304.39166, 305.69928, 303.65385, 304.52681, 302.95948, 303.79939, 302.88589, 305.65067, 304.62924, 305.0448, 304.95393, 306.39642, 303.53755, 303.91282, 305.63657, 303.67786, 304.19779, 304.64868, 303.42999, 303.42193, 303.43236, 300.20714, 305.10648, 305.17166, 304.15139, 303.01892, 304.66052, 304.0779, 305.09171, 303.91337, 305.00592, 304.9091, 304.37708, 303.2173, 304.14832, 302.6613, 303.1742, 305.79712, 304.88316, 304.41003, 304.79482, 300.26848, 302.90553, 305.16751, 302.88253, 304.64754, 304.78464};