name="LSHADE-cnEpSin CEC17";
dim=10;
bound=4;
testID=18;
(*--------*)
min=0.00035952559;
max=20.499587;
median=0.49584304;
mean=3.513681831435098;
std=7.309581921751837;
(*--------*)
data={0.41113437, 0.13271679, 0.37736227, 0.058314658, 0.49999959, 20.499587, 0.49836234, 20.004209, 0.42560296, 0.49999628, 0.49281256, 0.37865175, 20.482016, 0.42271961, 0.48798164, 0.48793796, 0.5, 0.031036331, 20.007845, 0.47717443, 0.5, 20.19132, 0.49905619, 0.49999545, 0.5, 0.99517064, 0.038158366, 0.45778592, 0.49960778, 0.4936768, 0.49999933, 0.43758662, 0.40482877, 0.00035952559, 0.23304895, 0.21536228, 20.478599, 0.47141228, 0.49843574, 0.029452383, 20.258965, 20.37391, 0.0011126586, 0.49999994, 0.022221671, 0.4300443, 0.49641327, 0.49584304, 0.49997102, 0.49999996, 0.49997598};