name="LSHADE-cnEpSin CEC17";
dim=10;
bound=1;
testID=5;
(*--------*)
min=0.99523585;
max=3.9827948;
median=2.9852164;
mean=2.53834879254902;
std=0.8285125792412891;
(*--------*)
data={1.9914466, 2.9864286, 0.99554447, 2.9889803, 1.9899181, 1.9908569, 1.991014, 2.9876805, 0.99825415, 1.9925139, 2.9857776, 3.9810963, 1.9907629, 1.9910886, 2.9860343, 2.9868916, 2.9871831, 2.9900917, 2.9870108, 3.9811254, 1.9909775, 1.998033, 1.9900002, 0.99555728, 3.9827948, 3.980263, 2.9852164, 2.9912082, 2.9856282, 2.9853391, 3.9820758, 2.9896742, 3.9805334, 2.9951503, 0.99523585, 1.989945, 2.9883756, 2.9871489, 2.9960249, 1.9910005, 1.9904574, 1.9913312, 1.9922451, 1.9911024, 2.9858513, 0.99530837, 1.9920945, 1.9907077, 1.9905485, 2.9850872, 2.9911728};