name="LSHADE-cnEpSin CEC17";
dim=10;
bound=3;
testID=17;
(*--------*)
min=2.2255215*^-6;
max=1.6456375;
median=0.36869611;
mean=0.46897596236316674;
std=0.4034528295234421;
(*--------*)
data={0.011306571, 0.40919936, 0.45891493, 0.021351285, 1.6456375, 0.030679579, 0.68589581, 0.73707996, 0.022437074, 0.69454212, 0.77175153, 1.1216713, 0.75172617, 0.6900338, 0.37133892, 0.37438837, 0.050331356, 0.7131362, 0.4374922, 0.34138946, 0.33812077, 0.10797859, 0.024908076, 0.12700617, 0.053259426, 0.33420666, 1.3418645, 0.084285395, 0.47545912, 0.34370653, 1.3310269, 0.038849035, 1.3322483, 0.12569616, 0.41309739, 0.36869611, 0.48402347, 0.030612478, 0.31228241, 0.36213008, 0.13898766, 0.35503809, 1.0186743, 0.6959893, 0.46673371, 2.2255215*^-6, 0.34636945, 0.3528804, 0.36354372, 1.1657183, 0.64407586};