name="LSHADE-cnEpSin CEC17";
dim=10;
bound=4;
testID=19;
(*--------*)
min=0.;
max=0.14380642;
median=0.019431832;
mean=0.014765947157039218;
std=0.021833155384136983;
(*--------*)
data={0.000026671009, 0.01943214, 0.019729344, 0.01943182, 0., 0.019729344, 0., 0., 0.019729344, 0., 0.019729344, 0.019729344, 0.019729344, 0.01943182, 0., 0.039161208, 0., 0.01972971, 0., 0.019729344, 0.019729344, 0.019729344, 0., 0.019729344, 0., 0.019431832, 0., 0., 0.039161164, 0., 0.019729344, 0.019729344, 0., 0., 0.019729344, 0., 0.019729344, 0., 0., 0., 0.01943182, 0.019729344, 0., 0.14380642, 0.019729344, 0.019729344, 0.019729344, 0.039161164, 0., 0., 0.019729344};