name="LSHADE-cnEpSin CEC17";
dim=10;
bound=1;
testID=21;
(*--------*)
min=100.;
max=205.20725;
median=100.;
mean=144.74972549019608;
std=51.89447272710521;
(*--------*)
data={100., 100., 202.95033, 100., 201.94513, 100., 100., 100., 100., 100., 203.84033, 100., 204.02303, 204.51264, 205.09922, 202.39828, 201.96367, 202.72468, 100., 204.51028, 201.71893, 100., 100., 205.20725, 100., 203.94983, 100., 100., 100., 100., 204.32416, 100., 100., 100., 100., 204.96741, 100., 100., 100., 100., 204.06966, 203.94389, 204.16404, 100., 100., 100., 202.1941, 100., 204.66859, 203.92558, 205.13497};