name="LSHADE-cnEpSin CEC17";
dim=10;
bound=1;
testID=16;
(*--------*)
min=0.21106873;
max=1.7078787;
median=0.7087711;
mean=0.7566626747058822;
std=0.29801267429434214;
(*--------*)
data={0.74299247, 0.95015673, 0.82858442, 0.607778, 0.46476429, 0.51852295, 0.93566657, 0.6170323, 0.60808349, 0.7087711, 0.57641637, 0.51557426, 0.87032438, 0.8718693, 1.006454, 1.7078787, 1.0763883, 0.67987444, 0.49999536, 0.44706525, 0.22885194, 0.63652743, 0.79303963, 0.37941501, 0.70771174, 0.70713797, 0.65048428, 0.67670314, 0.71473481, 1.1591812, 0.98944179, 0.53148773, 0.67119918, 1.5796627, 0.69934074, 0.21106873, 0.83216315, 1.0225649, 1.0473654, 0.40654225, 0.77117762, 1.4972264, 0.86307026, 0.72603811, 0.8808698, 0.51504171, 0.47881494, 0.51943138, 0.94775091, 0.78961208, 0.7219468};