name="LSHADE-cnEpSin CEC17";
dim=10;
bound=5;
testID=19;
(*--------*)
min=0.;
max=0.1243746;
median=0.019729344;
mean=0.019601412372549025;
std=0.02957174846715246;
(*--------*)
data={0.019729344, 0.019729344, 0.039161164, 0.029809676, 0.019729344, 0., 0., 0.019729344, 0.039161202, 0.019729344, 0., 0., 0., 0., 0.019729344, 0.019431907, 0., 0.029599526, 0.019729344, 0.1243746, 0., 0., 0., 0.019729344, 0., 0.01943208, 0., 0., 0., 0.019729344, 0.019729344, 0., 0.039161164, 0.019729344, 0., 0.019729344, 0., 0., 0.039162083, 0.1243746, 0.019729345, 0., 0.039161164, 0., 0.019729344, 0., 0.12174154, 0.039161164, 0., 0., 0.019729344};