name="LSHADE-cnEpSin CEC17";
dim=10;
bound=3;
testID=19;
(*--------*)
min=0.;
max=0.12174155;
median=0.019729344;
mean=0.019695960104330397;
std=0.024073398343309613;
(*--------*)
data={0.019729349, 0.019729344, 0.019729344, 0., 0.019438652, 0.039161164, 0., 0.019729344, 0., 0., 0.019730374, 0.019729344, 0.019729344, 0.019729345, 0.039161218, 0., 0.019729345, 0.039161164, 0.019729344, 0., 0.021687767, 0.019729344, 6.5919085*^-7, 0.019431944, 0.019729344, 0., 0.019431839, 0.0015258604, 0.019729351, 0.039161218, 0., 0.019729344, 0.12174153, 0.019729344, 0.029832628, 0.00001781573, 0.019729344, 0.019791097, 0., 0.019729344, 0.019729344, 0.019729344, 0.039161247, 0.019729344, 0., 0., 0., 0.12174155, 0., 0.019729344, 0.019729344};