name="LSHADE-cnEpSin CEC17";
dim=10;
bound=1;
testID=30;
(*--------*)
min=394.48357;
max=483.8779;
median=394.51426;
mean=423.939159607843;
std=31.509202385720457;
(*--------*)
data={442.11155, 464.07726, 394.51412, 394.51402, 394.50076, 464.13387, 394.5007, 394.49522, 442.58323, 464.13894, 394.49426, 442.65976, 394.50019, 442.54106, 394.50052, 394.49842, 442.65984, 464.13769, 442.65982, 394.5006, 464.13884, 394.50031, 394.49679, 394.49972, 464.13452, 394.49216, 394.50065, 394.50063, 394.4954, 394.50153, 394.48357, 483.8779, 394.50075, 442.65982, 464.13458, 464.13879, 394.50072, 463.72022, 442.36313, 394.50073, 394.50169, 442.65975, 442.65958, 464.13422, 442.65936, 394.5016, 394.51426, 464.13909, 394.50164, 442.66322, 464.10014};