name="LSHADE-cnEpSin CEC17";
dim=10;
bound=4;
testID=21;
(*--------*)
min=100.;
max=206.63487;
median=200.01242;
mean=152.7549174509804;
std=52.25133582538502;
(*--------*)
data={100., 202.92864, 100., 100., 206.63487, 203.36977, 203.81888, 100., 204.03251, 100., 100., 100., 203.98651, 203.76284, 100., 204.52703, 202.83647, 205.07633, 100., 100., 100., 202.72565, 100., 100., 200.01242, 100., 203.79566, 100., 202.79979, 203.63179, 203.71983, 203.88995, 100., 203.00204, 100., 100., 100., 100., 100., 203.58434, 100., 203.57373, 203.5579, 203.79233, 100., 202.72476, 202.97431, 100., 203.78525, 100., 201.95719};