name="LSHADE-cnEpSin CEC17";
dim=10;
bound=5;
testID=15;
(*--------*)
min=4.5663612*^-6;
max=0.49999966;
median=0.33565792;
mean=0.2709710097108079;
std=0.21836994315677824;
(*--------*)
data={0.00076532261, 0.49921452, 0.49996833, 0.35177973, 0.020530683, 0.49973872, 0.15987466, 0.14170366, 0.49975393, 0.073920615, 0.051164464, 0.48431906, 0.49512643, 0.49910261, 0.36908534, 0.49955353, 0.28156079, 0.0097192007, 0.083762364, 0.49109489, 0.039697132, 0.48601492, 0.49998827, 4.5663612*^-6, 0.49379112, 0.49980663, 0.0087851195, 0.49998979, 0.15100229, 0.41206219, 0.038080954, 0.00004115182, 0.33565792, 0.49852975, 0.49947346, 0.49999966, 0.49999508, 0.0017528704, 0.00018345067, 0.00074578979, 0.49997218, 0.49998695, 0.11987045, 0.49999961, 0.0079558513, 0.0072951831, 0.098631608, 0.02200332, 0.044209609, 0.42988485, 0.11237092};