name="LSHADE-cnEpSin CEC17";
dim=10;
bound=5;
testID=23;
(*--------*)
min=300.;
max=305.56887;
median=303.0564;
mean=302.7249031372549;
std=1.7590501934936236;
(*--------*)
data={303.17808, 300.22622, 304.80345, 302.61238, 305.56887, 300.08434, 304.33853, 303.12981, 300.54148, 303.02063, 304.26377, 303.00768, 304.05678, 303.48958, 300.00635, 304.16921, 300.23018, 302.81778, 303.3605, 302.87367, 303.8858, 303.66466, 303.0894, 300.07152, 304.40027, 304.59832, 304.08966, 300.63584, 300.02192, 300.09873, 300., 301.48481, 302.91949, 300.9881, 304.39887, 303.0564, 303.83207, 302.59763, 302.57762, 300., 305.28073, 305.27795, 302.60977, 303.30515, 300.05119, 303.17278, 304.57741, 300.00017, 302.95532, 305.26277, 304.28642};