name="LSHADE-cnEpSin CEC17";
dim=10;
bound=2;
testID=20;
(*--------*)
min=0.;
max=0.62434651;
median=0.;
mean=0.11629984156862742;
std=0.1761585071684302;
(*--------*)
data={0., 0.31217326, 0.31217326, 0., 0., 0.31217326, 0.31217326, 0., 0.31217326, 0., 0., 0., 0., 0., 0., 0., 0., 0.31217326, 0.62434651, 0., 0., 0., 0., 0., 0., 0., 0.31217326, 0., 0., 0.31217326, 0., 0.62434651, 0., 0., 0.31217326, 0.31217326, 0., 0.31217326, 0.31217326, 0., 0., 0.31217326, 0., 0., 0.31217326, 0., 0., 0.31217326, 0., 0., 0.};