name="LSHADE-cnEpSin CEC17";
dim=10;
bound=0;
testID=7;
(*--------*)
min=10.975677;
max=13.734767;
median=12.474067;
mean=12.442945156862747;
std=0.6521529700520382;
(*--------*)
data={11.432476, 12.606139, 12.132324, 13.081758, 12.474067, 12.773377, 11.44069, 11.84192, 12.142814, 12.834457, 12.263877, 12.000048, 12.664336, 11.872918, 11.563244, 13.663373, 13.378139, 12.455275, 12.080877, 11.874756, 12.886154, 12.252492, 11.594212, 13.734767, 10.975677, 13.370242, 13.009069, 12.778898, 11.431891, 11.645342, 12.788067, 11.409263, 12.35645, 12.011542, 13.242662, 12.559433, 12.018988, 13.605503, 13.227837, 12.026266, 13.121875, 12.857547, 13.051231, 12.685221, 11.934212, 12.444761, 12.778801, 12.223632, 12.90008, 12.602834, 12.488389};