name="LSHADE-cnEpSin CEC17";
dim=10;
bound=4;
testID=16;
(*--------*)
min=0.010654701;
max=1.1244481;
median=0.62359015;
mean=0.6194490701372547;
std=0.3003453717463194;
(*--------*)
data={0.43585639, 0.48027476, 0.69945565, 0.62661682, 0.010654701, 0.74722964, 0.5181182, 0.021280156, 0.95002062, 1.0493637, 0.43828438, 0.72757321, 0.37598767, 0.93395146, 0.48652803, 0.49114326, 0.25707873, 1.02387, 0.41168618, 0.62359015, 0.63716597, 0.51455498, 0.27398236, 0.34739461, 0.96390646, 0.33991335, 0.93570683, 0.70437409, 0.77972309, 0.91228243, 0.9349273, 1.0001828, 0.17580806, 0.21861986, 0.51862375, 0.74288866, 0.01948088, 0.88978554, 0.43010059, 0.79514446, 1.1244481, 0.30161051, 0.65201414, 0.84270419, 0.61780056, 1.1049127, 0.51994042, 0.32686565, 0.91818406, 0.61867407, 1.1216184};