name="LSHADE-cnEpSin CEC17";
dim=10;
bound=5;
testID=17;
(*--------*)
min=0.0013308929;
max=20.09741;
median=0.34995515;
mean=0.781415920880392;
std=2.7785668539674107;
(*--------*)
data={0.0013308929, 0.33343565, 1.3232665, 0.010634662, 0.026959152, 0.39158034, 0.67253126, 0.042071023, 0.68122096, 0.43667391, 1.0205914, 0.33201544, 0.32287257, 0.35718862, 0.34995515, 0.66617479, 0.43438376, 0.33513245, 0.42646611, 1.3312417, 0.010247473, 0.64418425, 0.35986645, 0.32311862, 0.33267193, 0.38525145, 0.029285236, 0.43909768, 0.18059386, 0.04631675, 20.09741, 0.36582224, 0.38021661, 0.72936412, 1.188004, 0.44891523, 0.02061632, 0.33965901, 1.0155537, 0.33200491, 0.13390867, 0.024111751, 0.67646137, 0.43553578, 0.04973646, 0.32187687, 0.44431664, 0.070190897, 0.19220704, 0.3125815, 0.027358808};