name="LSHADE-cnEpSin CEC17";
dim=10;
bound=0;
testID=23;
(*--------*)
min=300.;
max=305.24268;
median=303.12364;
mean=302.68634333333335;
std=1.6768154391043384;
(*--------*)
data={303.37836, 303.1743, 304.63786, 302.97279, 300.35138, 303.34338, 300.18992, 304.44531, 302.63321, 303.3865, 300., 300.00061, 300.34109, 303.22199, 302.87145, 301.21681, 300.39966, 305.15224, 300.13188, 300.00042, 303.12364, 304.11306, 303.48998, 304.25984, 304.47457, 303.09122, 303.13563, 304.27803, 302.68158, 304.18729, 300.00236, 300.00066, 300.00221, 300.02119, 300.00141, 304.37258, 303.2405, 303.12276, 303.0743, 303.47976, 302.93471, 303.20549, 302.89759, 304.3613, 303.06506, 302.88842, 303.61503, 304.88054, 303.59192, 305.24268, 304.31904};