name="LSHADE-cnEpSin CEC17";
dim=10;
bound=5;
testID=25;
(*--------*)
min=397.74287;
max=445.8129;
median=443.32995;
mean=421.1441517647058;
std=22.96112027920326;
(*--------*)
data={443.37224, 443.35701, 398.00899, 398.00899, 443.32995, 397.74287, 443.32995, 398.00899, 398.00899, 397.74287, 398.00899, 398.00899, 443.33391, 398.03578, 398.00899, 398.00899, 443.34591, 397.74287, 443.33391, 443.32995, 443.32995, 443.3811, 398.00899, 398.03578, 443.32995, 443.33391, 398.03578, 398.03196, 445.8129, 443.3301, 398.00899, 398.00899, 397.74287, 443.32995, 398.03196, 443.33391, 397.74287, 443.32995, 443.32995, 398.00899, 398.03196, 443.37715, 443.33391, 398.00899, 443.32995, 443.32995, 443.32996, 443.32996, 398.00899, 443.34709, 443.35584};