name="LSHADE-cnEpSin CEC17";
dim=10;
bound=5;
testID=7;
(*--------*)
min=10.871453;
max=14.08169;
median=12.333542;
mean=12.469144607843138;
std=0.7109768904114137;
(*--------*)
data={13.090123, 11.840378, 12.915684, 12.980002, 12.305946, 12.818485, 13.122718, 12.869827, 11.341336, 14.08169, 12.194716, 12.781638, 13.607418, 11.612432, 13.257258, 13.163178, 13.892647, 12.912171, 11.737664, 12.137979, 10.871453, 11.754419, 12.912884, 12.610208, 12.522939, 12.277956, 12.782963, 12.8794, 13.509323, 12.001913, 11.912436, 11.363347, 12.213798, 11.464101, 12.014888, 13.184262, 12.324686, 11.845495, 13.68424, 11.987342, 12.596158, 12.138804, 12.333542, 12.075904, 11.883656, 13.274784, 11.876786, 12.763836, 12.598478, 12.178879, 11.424205};