name="LSHADE-cnEpSin CEC17";
dim=10;
bound=3;
testID=23;
(*--------*)
min=300.;
max=305.3223;
median=300.05783;
mean=301.38061960784313;
std=1.6898338301643245;
(*--------*)
data={300.32216, 300.00013, 303.12039, 300., 302.91802, 300.00002, 300.03624, 300.00007, 305.3223, 300., 300., 300.05783, 303.41454, 304.12579, 300.00299, 303.12971, 303.48325, 300., 300.26744, 300., 300.00001, 300., 300.00003, 300.00116, 302.91069, 304.7933, 302.80703, 300., 304.3062, 303.24576, 300., 300.31937, 303.49047, 302.57854, 300., 300.00031, 300., 302.89978, 302.92816, 302.576, 300.00005, 300., 303.08455, 300.00072, 302.65941, 300., 300.13013, 302.89542, 300.00004, 300., 302.58359};