name="LSHADE-cnEpSin CEC17";
dim=10;
bound=5;
testID=13;
(*--------*)
min=0.;
max=8.2866019;
median=4.8371369;
mean=3.855250076470587;
std=2.3732253955212044;
(*--------*)
data={4.8371369, 7.9494883, 3.1053874, 4.8371369, 0., 4.8371369, 0., 4.8371369, 0., 4.8371369, 4.8371369, 4.8371369, 4.8371369, 4.8371369, 4.8371369, 4.8371369, 4.8371369, 0., 4.8371369, 3.1134758, 4.8371369, 4.8371369, 4.8371369, 0., 4.8371369, 8.2866019, 0., 4.8371369, 4.8371369, 0., 4.8371369, 4.8371369, 4.8371369, 4.8371369, 7.949471, 0., 4.8371369, 5.2041263, 0., 3.1133736, 4.8371369, 4.8371369, 4.8371369, 0., 4.8371369, 4.8371369, 0., 4.8371369, 4.8371369, 0., 7.9445857};