name="LSHADE-cnEpSin CEC17";
dim=10;
bound=3;
testID=27;
(*--------*)
min=377.02845;
max=395.07456;
median=392.13537;
mean=389.7609970588235;
std=4.7424564455203155;
(*--------*)
data={395.06364, 393.81876, 386.57837, 393.81876, 382.53425, 393.81876, 385.39396, 393.77578, 393.81876, 392.13537, 388.85377, 383.9956, 393.81876, 387.44952, 393.81876, 387.09366, 382.53481, 393.81876, 393.81876, 377.02845, 388.98825, 387.75197, 387.06939, 383.51446, 393.81876, 395.07456, 393.81876, 387.14213, 383.91383, 393.81876, 393.81876, 387.06094, 384.4645, 386.96814, 395.07456, 393.81876, 393.81876, 393.81876, 387.27603, 393.81876, 384.98084, 382.96311, 393.81876, 389.33809, 384.11351, 395.0735, 393.14091, 383.37468, 384.35186, 395.00073, 393.81876};