name="LSHADE-cnEpSin CEC17";
dim=10;
bound=4;
testID=5;
(*--------*)
min=0.000056729825;
max=3.9856632;
median=2.9849078;
mean=2.364430187082647;
std=0.9331203464456237;
(*--------*)
data={2.9862761, 0.00015189389, 1.9907842, 2.9852172, 1.9953429, 2.9862711, 0.99650868, 2.9916636, 2.9881863, 0.99563717, 2.9919793, 1.9904495, 2.0008895, 2.0057949, 0.99528127, 0.000056729825, 1.9918523, 2.9928878, 2.985201, 1.9983081, 2.9858624, 2.9964738, 1.9957236, 2.9861123, 3.9841931, 1.9906296, 1.9951256, 2.9849078, 1.9945845, 2.9864372, 1.990186, 1.9916499, 1.9925213, 3.0212557, 1.9902736, 2.9875516, 2.9863512, 1.9906018, 3.981784, 1.9908297, 1.9925366, 1.000749, 2.9883823, 2.9876559, 2.9869659, 0.0069891975, 2.9875465, 2.9858203, 2.9850134, 3.9856632, 2.986823};