name="LSHADE-cnEpSin CEC17";
dim=10;
bound=2;
testID=7;
(*--------*)
min=11.184853;
max=13.896185;
median=12.539872;
mean=12.515075176470585;
std=0.6976302237292963;
(*--------*)
data={11.397302, 11.972238, 13.373989, 12.271613, 12.436053, 13.681135, 11.885514, 13.266005, 11.284405, 12.44131, 12.761251, 13.238174, 13.08464, 13.112807, 12.388483, 13.034355, 12.63957, 13.539388, 11.260929, 12.725464, 11.808548, 12.539872, 11.517537, 11.184853, 12.609784, 11.604089, 13.896185, 13.863726, 12.270897, 12.793276, 12.50611, 12.620622, 11.682464, 12.157591, 13.256393, 12.480649, 12.198529, 11.639782, 11.958266, 12.953051, 13.34219, 12.593471, 11.796685, 11.751177, 12.62152, 12.227987, 12.344462, 13.207467, 12.90968, 13.202553, 12.934793};