name="LSHADE-cnEpSin CEC17";
dim=10;
bound=1;
testID=17;
(*--------*)
min=0.02000925;
max=1.6901545;
median=0.38163383;
mean=0.5421648026470589;
std=0.4104552518132209;
(*--------*)
data={0.73131351, 0.63589978, 0.49891741, 0.74014296, 1.6901545, 0.070307187, 0.48443377, 0.35840553, 0.4891141, 1.0158991, 0.33549629, 0.36518367, 0.069623392, 0.65113049, 0.3712646, 0.060143891, 0.4367412, 1.1235708, 1.0511181, 0.35502826, 1.0292079, 0.33250668, 0.37771635, 0.38163383, 0.32316631, 0.35847465, 0.31284813, 0.3822949, 0.76469361, 1.3268617, 0.032268272, 0.35335569, 0.40785813, 0.36597016, 0.047271662, 0.74671164, 1.3469824, 1.0638235, 0.02000925, 1.3680329, 0.02935182, 0.41739358, 1.0470389, 0.376014, 0.053932961, 0.33512159, 1.2832794, 0.3695685, 0.1307312, 0.33839822, 0.39399856};