name="LSHADE-cnEpSin CEC17";
dim=10;
bound=3;
testID=10;
(*--------*)
min=3.5234599;
max=264.48821;
median=126.50247;
mean=129.4102853039216;
std=87.39164624824703;
(*--------*)
data={233.41216, 125.62608, 15.456513, 30.748307, 137.58999, 15.405172, 247.95233, 128.1313, 264.48821, 129.59106, 232.6301, 125.48775, 3.8799088, 126.50247, 126.87009, 7.3629072, 22.029728, 3.5234599, 3.64578, 118.97127, 12.387283, 220.98144, 123.00712, 225.27753, 243.89556, 254.93921, 244.66872, 147.38779, 19.311473, 134.04296, 224.48274, 122.70563, 241.70478, 7.1954206, 118.84539, 125.39282, 10.592624, 10.315365, 122.09487, 147.56197, 127.17621, 123.04633, 123.94316, 252.452, 3.859719, 122.48013, 219.09845, 241.46183, 138.75983, 139.12438, 252.42723};