name="LSHADE-cnEpSin CEC17";
dim=10;
bound=4;
testID=29;
(*--------*)
min=226.02565;
max=233.79354;
median=228.90954;
mean=229.34398960784316;
std=2.2699639798375313;
(*--------*)
data={228.67533, 227.92337, 229.98273, 227.75876, 233.03286, 228.30458, 231.70684, 233.79354, 227.32265, 229.24813, 228.28015, 229.11566, 232.30041, 226.42397, 229.01141, 228.3803, 226.61767, 232.71664, 228.27952, 227.39636, 229.8755, 232.9718, 233.76193, 229.63097, 228.9741, 226.88682, 226.63014, 232.66039, 229.41728, 226.92334, 227.72792, 227.06228, 228.90954, 229.64814, 229.02301, 229.16763, 231.11864, 226.29442, 228.18835, 228.20067, 227.993, 228.40179, 233.62474, 231.12712, 230.56571, 233.7784, 226.32633, 232.59201, 228.06665, 228.69832, 226.02565};