name="LSHADE-cnEpSin CEC17";
dim=10;
bound=1;
testID=24;
(*--------*)
min=100.;
max=334.1415;
median=330.93178;
mean=313.03760215686276;
std=62.7784021481741;
(*--------*)
data={331.70259, 331.22726, 329.94554, 330.71316, 330.99685, 329.56616, 332.62877, 100., 329.84487, 329.54433, 334.1415, 329.84673, 330.76385, 100., 331.03696, 331.55839, 331.69816, 333.61655, 330.24386, 329.94561, 331.70773, 329.565, 330.53075, 332.75913, 330.24421, 333.11639, 330.38661, 331.94636, 330.75558, 333.22969, 331.84959, 331.28991, 329.82742, 330.26901, 332.6741, 331.97858, 100., 331.22786, 332.25805, 100., 330.38955, 330.53078, 330.98727, 331.97758, 331.39084, 330.3849, 331.01669, 330.93178, 333.12991, 330.75922, 328.78208};