name="LSHADE-cnEpSin CEC17";
dim=10;
bound=4;
testID=12;
(*--------*)
min=0.;
max=238.38435;
median=118.85462;
mean=114.08121683921568;
std=65.0809368693743;
(*--------*)
data={118.43833, 118.64648, 118.64648, 238.38435, 0.41628597, 118.64648, 118.64648, 119.73787, 134.85793, 134.85793, 118.43833, 119.73787, 118.85462, 0.41628597, 118.64648, 119.94602, 0.41628597, 119.94602, 118.64648, 237.08481, 118.43833, 118.43833, 236.87667, 119.73787, 118.64648, 119.73787, 131.11897, 131.11897, 238.38435, 0.41628597, 118.43833, 238.38435, 119.73787, 0.20814298, 130.91083, 131.11897, 119.73787, 118.43833, 0., 118.85462, 238.38435, 0.41628597, 118.64648, 0., 118.64648, 130.91083, 118.64648, 129.81943, 119.94602, 120.15416, 0.41628597};