name="jSO CEC17";
dim=30;
bound=0;
testID=20;
(*--------*)
min=8.224;
max=42.1479;
median=28.6284;
mean=28.32279411764706;
std=7.31596202358683;
(*--------*)
data={31.8554, 37.059, 23.8196, 32.1323, 29.8867, 11.5288, 42.1479, 27.5216, 28.6284, 32.1692, 30.2464, 29.1628, 29.5954, 8.224, 30.6733, 27.4989, 24.7562, 31.6683, 30.7512, 37.8209, 26.7115, 32.5583, 37.778, 26.2232, 28.2922, 15.6876, 38.7082, 17.7208, 22.1512, 35.1525, 24.595, 39.0134, 27.4232, 28.3405, 27.0106, 36.5576, 15.2404, 27.1611, 12.7912, 26.707, 25.3269, 27.2149, 32.5474, 32.482, 28.0832, 30.115, 17.0214, 32.9953, 39.5933, 26.3221, 29.7912};