name="jSO CEC17";
dim=30;
bound=2;
testID=14;
(*--------*)
min=20.3743;
max=26.7675;
median=23.0873;
mean=22.95962549019608;
std=1.3384191839394919;
(*--------*)
data={24.2687, 20.3743, 21.0971, 24.013, 21.1289, 21.068, 23.4185, 23.8718, 24.1106, 23.1496, 24.0712, 21.1922, 25.9507, 21.6996, 21.3855, 23.0873, 21.055, 22.7773, 24.3027, 22.2208, 23.0077, 21.6653, 21.1907, 24.5502, 23.3014, 22.0188, 22.2161, 23.8608, 23.4574, 23.0656, 26.7675, 21.3796, 24.6161, 23.1459, 24.0183, 22.2098, 24.4034, 23.0315, 24.2102, 22.2271, 23.5502, 22.3972, 22.5038, 23.0322, 23.3476, 21.1757, 21.7583, 23.8508, 24.2136, 23.4131, 23.1122};