name="jSO CEC17";
dim=30;
bound=4;
testID=19;
(*--------*)
min=1.78977;
max=7.89692;
median=3.87149;
mean=4.351574705882352;
std=1.587521346449682;
(*--------*)
data={3.94837, 6.18217, 3.54467, 5.26892, 4.53706, 2.89294, 7.15053, 3.23472, 3.94524, 2.93839, 2.91464, 4.71689, 6.9032, 4.61936, 3.48528, 6.82908, 3.87149, 2.74093, 2.76528, 6.32086, 5.54768, 3.34968, 5.0354, 1.78977, 7.60017, 4.89202, 2.24518, 3.50781, 4.6337, 4.98578, 4.63097, 3.46754, 3.39137, 3.41715, 5.71633, 3.26601, 7.89692, 3.53336, 2.58471, 7.78125, 3.38472, 4.08908, 5.22427, 7.81528, 3.49509, 3.29466, 2.31725, 3.49728, 3.02163, 3.53355, 4.17468};