name="jSO CEC17";
dim=30;
bound=0;
testID=13;
(*--------*)
min=0.00726336;
max=24.3206;
median=16.0581;
mean=14.014739301176467;
std=6.100415884542596;
(*--------*)
data={17.5214, 2.09873, 6.9888, 16.8001, 15.5401, 17.0198, 19.2557, 3.19176, 18.0671, 17.8448, 16.0211, 16.993, 2.98566, 17.3513, 5.84327, 2.5537, 15.101, 18.5148, 15.6642, 4.15429, 17.9538, 14.5891, 16.9995, 17.6759, 14.6374, 22.4997, 16.4148, 16.7677, 1.1043, 16.6785, 16.7853, 18.0825, 15.7333, 20.8055, 16.0581, 0.994971, 24.3206, 14.7586, 14.8158, 15.3097, 0.00726336, 14.7383, 14.903, 17.4671, 17.6478, 17.5352, 15.9471, 15.0224, 4.84466, 16.4259, 17.7173};