name="jSO CEC17";
dim=30;
bound=1;
testID=25;
(*--------*)
min=386.688;
max=386.727;
median=386.701;
mean=386.7016666666666;
std=0.009787066295208062;
(*--------*)
data={386.693, 386.699, 386.693, 386.695, 386.688, 386.699, 386.691, 386.718, 386.691, 386.701, 386.695, 386.718, 386.698, 386.715, 386.692, 386.693, 386.718, 386.701, 386.701, 386.713, 386.706, 386.696, 386.702, 386.693, 386.706, 386.701, 386.692, 386.727, 386.704, 386.718, 386.712, 386.693, 386.688, 386.691, 386.707, 386.693, 386.707, 386.704, 386.704, 386.704, 386.701, 386.707, 386.712, 386.712, 386.706, 386.688, 386.702, 386.72, 386.691, 386.693, 386.693};