name="jSO CEC17";
dim=30;
bound=5;
testID=7;
(*--------*)
min=35.2627;
max=43.0879;
median=39.277;
mean=39.296376470588235;
std=1.891140965405618;
(*--------*)
data={38.5067, 41.4713, 41.1064, 40.9871, 39.5986, 38.1438, 38.532, 42.0503, 41.0691, 38.7054, 41.6451, 39.277, 36.8355, 42.0871, 37.8223, 36.8135, 39.7378, 39.9089, 40.5374, 41.2779, 37.5145, 39.1242, 39.3721, 36.6005, 37.8529, 37.5053, 37.1185, 39.6404, 38.3154, 39.7156, 40.8973, 37.302, 36.9231, 38.2089, 37.2115, 41.757, 40.6076, 38.3102, 37.9702, 41.0416, 41.2277, 39.3828, 38.8531, 38.0217, 41.543, 37.4477, 42.8655, 35.2627, 40.8143, 43.0879, 36.5068};