name="jSO CEC17";
dim=30;
bound=5;
testID=14;
(*--------*)
min=20.0736;
max=24.7775;
median=22.0531;
mean=22.009100000000004;
std=1.109886428964694;
(*--------*)
data={20.2237, 22.0056, 20.5772, 22.1122, 20.4286, 21.2893, 22.118, 21.1108, 22.3668, 23.0288, 22.0852, 22.3179, 20.0736, 22.3203, 24.6075, 22.5394, 22.5551, 22.7007, 23.0063, 23.5993, 21.266, 21.4292, 20.0812, 23.2663, 21.4701, 23.4992, 21.1649, 22.1392, 21.0763, 24.7775, 21.2468, 21.6322, 21.4023, 23.1168, 24.1171, 22.3679, 21.0199, 21.9049, 21.2091, 21.096, 22.4009, 21.1706, 22.7119, 23.0368, 22.0531, 21.3048, 21.0608, 21.1654, 21.1283, 22.2262, 23.8561};