name="jSO CEC17";
dim=30;
bound=0;
testID=25;
(*--------*)
min=386.688;
max=386.72;
median=386.693;
mean=386.69625490196074;
std=0.0070479589591822996;
(*--------*)
data={386.693, 386.693, 386.696, 386.695, 386.691, 386.691, 386.693, 386.691, 386.712, 386.701, 386.704, 386.693, 386.701, 386.688, 386.691, 386.696, 386.706, 386.707, 386.693, 386.691, 386.688, 386.693, 386.696, 386.705, 386.693, 386.692, 386.688, 386.695, 386.693, 386.693, 386.693, 386.694, 386.691, 386.688, 386.699, 386.7, 386.704, 386.695, 386.695, 386.688, 386.716, 386.702, 386.691, 386.694, 386.693, 386.704, 386.693, 386.699, 386.72, 386.695, 386.693};