name="jSO CEC17";
dim=30;
bound=2;
testID=19;
(*--------*)
min=2.25058;
max=11.9827;
median=4.22002;
mean=4.33110705882353;
std=1.7674041452540434;
(*--------*)
data={3.04303, 6.64597, 3.62023, 2.90698, 11.9827, 3.08152, 3.35282, 2.98396, 4.90239, 4.53976, 4.83616, 4.7342, 6.42281, 4.34386, 3.60064, 2.99379, 3.18096, 4.95893, 3.14504, 8.35225, 4.40757, 4.78313, 2.92848, 4.74813, 6.32761, 4.26222, 2.99554, 4.59508, 5.00585, 5.16301, 3.21319, 3.58903, 2.97131, 2.9908, 5.0609, 6.56045, 4.76953, 3.34435, 2.4896, 2.33864, 3.09433, 3.0753, 2.25058, 2.81144, 3.44037, 5.39861, 4.22002, 4.26468, 3.32848, 4.575, 8.25523};