name="jSO CEC17";
dim=30;
bound=3;
testID=6;
(*--------*)
min=0;
max=1.36904*^-7;
median=0;
mean=1.073800588235294*^-8;
std=3.3176236245761284*^-8;
(*--------*)
data={0, 0, 0, 0, 0, 0, 0, 0, 0, 0, 0, 0, 0, 0, 1.36899*^-7, 0, 0, 0, 0, 0, 0, 0, 0, 3.42326*^-8, 0, 0, 0, 0, 0, 0, 1.36901*^-7, 1.36904*^-7, 3.42326*^-8, 0, 0, 0, 0, 0, 0, 0, 0, 3.42365*^-8, 0, 0, 0, 3.42326*^-8, 0, 0, 0, 0, 0};