name="jSO CEC17";
dim=30;
bound=1;
testID=18;
(*--------*)
min=20.5158;
max=21.9536;
median=20.6732;
mean=20.789647058823533;
std=0.351549390187462;
(*--------*)
data={20.5258, 20.5713, 20.5158, 20.5744, 20.6321, 20.6934, 20.625, 20.727, 20.7722, 21.6741, 20.5324, 20.6764, 20.5261, 20.7946, 21.515, 20.6975, 20.5702, 20.6641, 20.5823, 20.5413, 20.7167, 21.563, 20.6766, 20.6732, 20.767, 20.6946, 21.7413, 21.7562, 20.6169, 20.8211, 20.739, 20.6695, 20.6484, 20.6401, 20.7442, 20.6024, 20.8046, 20.6504, 20.6867, 20.6222, 20.978, 20.7788, 20.779, 20.5909, 20.6275, 20.6329, 20.6342, 20.5942, 20.8431, 21.9536, 20.6147};