name="jSO CEC17";
dim=30;
bound=1;
testID=30;
(*--------*)
min=1941.41;
max=2086.7;
median=1957.22;
mean=1963.5186274509801;
std=23.183693495179554;
(*--------*)
data={1967.83, 1997.41, 1955.94, 1970.73, 1970.82, 1955.73, 1955.62, 1941.56, 1941.85, 1970.45, 1971.16, 1955.68, 1941.96, 1941.59, 1970.7, 1955.23, 1967.62, 1941.41, 1970.61, 1955.58, 1971.01, 1967.68, 1970.57, 1956.6, 1941.59, 1957.22, 1970.51, 1956.02, 1971.38, 1955.14, 2002.38, 1970.46, 1941.47, 1954.92, 1941.83, 1955.28, 1970.55, 1941.64, 1969.72, 1970.88, 1941.7, 1941.52, 1955.1, 1969.84, 1970.47, 1967.62, 1941.5, 1955.79, 2086.7, 2002.34, 1970.54};