name="jSO CEC17";
dim=30;
bound=2;
testID=17;
(*--------*)
min=13.1409;
max=46.4428;
median=33.0995;
mean=32.40241176470588;
std=7.304153285868174;
(*--------*)
data={21.9267, 38.2933, 36.8273, 38.1038, 27.4119, 34.0596, 29.8737, 35.5156, 25.0595, 35.9273, 39.6007, 43.5786, 26.3178, 44.3258, 46.4428, 28.7633, 31.5864, 29.9177, 33.0995, 29.6675, 26.2222, 39.3416, 27.8519, 38.6927, 35.3992, 36.5473, 17.3451, 30.2833, 31.8112, 35.7159, 24.6739, 16.2818, 42.0738, 38.6236, 37.0862, 39.259, 33.0282, 35.9254, 26.9153, 13.1409, 18.2105, 29.164, 34.9329, 37.2605, 36.7734, 36.714, 31.2445, 32.4568, 28.0481, 40.657, 24.544};