name="jSO CEC17";
dim=30;
bound=3;
testID=15;
(*--------*)
min=0.362711;
max=2.99947;
median=0.627906;
mean=1.0479057647058823;
std=0.7275504685482538;
(*--------*)
data={0.555819, 1.46617, 1.53581, 0.507583, 0.592859, 1.55082, 0.464668, 0.437154, 0.483342, 0.481837, 1.53838, 1.40847, 0.627906, 0.471333, 0.362711, 0.461221, 1.42561, 2.97934, 1.70974, 2.21246, 1.36388, 1.47358, 0.465097, 1.40778, 2.99947, 0.461604, 0.465326, 0.424875, 1.47245, 0.46596, 0.459041, 0.483711, 0.690079, 2.5234, 1.66094, 0.387824, 1.13334, 0.491767, 1.7059, 0.385702, 0.871499, 0.670627, 2.65383, 0.598245, 0.417608, 0.434699, 1.55202, 0.422813, 0.499404, 1.45891, 1.66858};