name="jSO CEC17";
dim=30;
bound=3;
testID=13;
(*--------*)
min=0.000223149;
max=19.2812;
median=15.9539;
mean=13.020592233705882;
std=6.5318499624244275;
(*--------*)
data={15.8096, 16.7501, 0.0578515, 19.2812, 16.0445, 15.218, 17.3366, 18.6502, 16.3066, 14.1513, 15.8819, 15.9523, 16.4098, 15.5232, 15.9881, 17.7672, 16.4886, 16.575, 14.2915, 16.5636, 3.98386, 0.00465027, 2.98495, 15.3758, 2.98522, 16.2921, 15.4523, 1.34162, 1.03553, 19.2138, 0.994959, 18.5104, 1.98992, 17.9555, 15.7192, 16.4106, 0.000223149, 1.47483, 15.9539, 1.99169, 16.4849, 15.4529, 17.9875, 18.2328, 16.734, 17.504, 16.8365, 14.8958, 17.3756, 15.6434, 16.1846};