name="jSO CEC17";
dim=30;
bound=3;
testID=27;
(*--------*)
min=465.981;
max=490.421;
median=475.152;
mean=477.49913725490177;
std=6.092348791786654;
(*--------*)
data={484.744, 474.831, 482.642, 466.581, 477.805, 474.692, 474.831, 478.966, 484.275, 477.185, 467.406, 488.029, 473.365, 483.738, 476.432, 474.04, 481.278, 473.385, 483.755, 483.197, 474.831, 474.04, 480.471, 469.955, 475.152, 474.566, 478.622, 487.73, 471.354, 488.448, 476.811, 465.981, 468.736, 478.114, 474.831, 474.831, 482.072, 468.138, 480.467, 472.657, 486.793, 474.04, 474.831, 488.457, 479.647, 472.981, 490.421, 474.831, 474.831, 473.756, 482.884};