name="jSO CEC17";
dim=30;
bound=5;
testID=24;
(*--------*)
min=419.645;
max=430.819;
median=426.385;
mean=426.0649607843136;
std=2.4736205768935915;
(*--------*)
data={426.086, 419.645, 427.315, 427.882, 426.619, 422.807, 425.284, 427.117, 427.089, 423.458, 424.144, 427.43, 426.833, 426.309, 424.089, 427.028, 426.385, 424.218, 420.097, 430.145, 426.435, 423.774, 427.986, 428.046, 424.046, 424.695, 426.761, 427.233, 424.313, 430.148, 423.608, 427.158, 424.499, 428.999, 428.469, 427.024, 423.857, 425.751, 423.362, 428.839, 425.925, 425.217, 428.353, 424.369, 428.712, 425.192, 425.474, 428.21, 430.819, 421.399, 430.66};