name="jSO CEC17";
dim=30;
bound=3;
testID=12;
(*--------*)
min=0.367625;
max=229.261;
median=11.5333;
mean=58.02185303921569;
std=61.98086478944083;
(*--------*)
data={122.98, 6.9971, 130.676, 7.65813, 123.114, 119.951, 127.144, 2.25978, 16.7719, 126.669, 18.6961, 3.98632, 122.71, 4.37155, 119.246, 3.91603, 7.66909, 122.511, 129.822, 7.72753, 18.038, 119.612, 126.166, 7.55892, 7.72753, 7.79837, 11.5333, 3.21803, 126.028, 126.167, 11.2493, 6.01084, 124.354, 4.0964, 118.689, 7.65814, 119.124, 7.72755, 7.58874, 129.752, 11.3138, 10.679, 7.76818, 229.261, 122.443, 7.73282, 3.8816, 17.0076, 126.027, 7.65923, 0.367625};