name="jSO CEC17";
dim=30;
bound=3;
testID=24;
(*--------*)
min=415.803;
max=430.912;
median=422.162;
mean=422.1586666666666;
std=3.1796279384020143;
(*--------*)
data={421.137, 423.505, 422.748, 424.702, 422.297, 420.065, 421.426, 416.7, 416.706, 427.386, 422.322, 415.909, 420.878, 423.812, 427.537, 422.22, 420.635, 422.132, 421.37, 422.13, 422.329, 430.912, 415.803, 418.071, 424.673, 417.223, 421.224, 423.13, 424.688, 425.943, 425.155, 420.066, 423.134, 421.949, 418.651, 423.114, 420.335, 420.225, 429.229, 425.155, 420.979, 420.73, 420.831, 425.91, 422.491, 422.855, 425.383, 422.162, 421.088, 422.9, 418.137};