name="jSO CEC17";
dim=30;
bound=1;
testID=15;
(*--------*)
min=0.373654;
max=3.5866;
median=0.659286;
mean=1.1104577843137253;
std=0.7425339067421317;
(*--------*)
data={1.31826, 3.5866, 0.714061, 0.383474, 0.578046, 0.450606, 0.502041, 0.465404, 0.687344, 0.47813, 1.52056, 0.436825, 0.373654, 0.658726, 0.48161, 0.629029, 0.508568, 1.42569, 1.51342, 1.60557, 1.60666, 0.424066, 2.81668, 2.55905, 1.58419, 0.488421, 0.575258, 0.497909, 0.603644, 0.433119, 1.45752, 1.57126, 1.65681, 0.42144, 0.540754, 0.571935, 0.58863, 0.659286, 0.602203, 0.522492, 0.579492, 1.69021, 1.87553, 1.94339, 1.74557, 1.94979, 1.48723, 1.48562, 2.07611, 2.1189, 1.18256};