name="jSO CEC17";
dim=30;
bound=4;
testID=7;
(*--------*)
min=35.8537;
max=42.2871;
median=38.4323;
mean=38.71383137254903;
std=1.491523310912732;
(*--------*)
data={36.9381, 39.1963, 38.0195, 38.5378, 41.9821, 36.6168, 40.3174, 38.4323, 38.5338, 40.7672, 38.1118, 40.0935, 39.3353, 39.1726, 37.6818, 39.8709, 36.238, 37.8561, 42.2871, 38.1951, 36.7012, 38.1863, 35.8537, 37.887, 41.4881, 39.8916, 37.5943, 39.9335, 40.1968, 40.7145, 37.874, 38.3273, 36.6053, 36.1251, 40.0649, 37.9267, 39.7891, 37.5568, 38.055, 39.1759, 39.1631, 37.697, 37.8818, 37.4114, 40.7007, 39.789, 38.4232, 37.4916, 39.3814, 38.8423, 39.4933};