name="jSO CEC17";
dim=30;
bound=4;
testID=10;
(*--------*)
min=1012.17;
max=2006.45;
median=1582.72;
mean=1528.3949019607837;
std=271.32211097050345;
(*--------*)
data={1924.67, 1451.73, 1691.39, 1728.76, 1277.38, 1738.36, 1329.2, 1953.59, 1788.12, 1416.23, 1622.12, 1153.01, 1621.73, 1591.81, 1843.47, 1148.72, 1157.79, 1115.58, 1761.05, 1908.13, 1716.21, 1372.63, 1111.45, 1065.95, 1442.45, 1515.44, 1582.72, 1759.48, 1500.79, 1012.17, 1081.08, 1292.34, 1874.85, 1608.5, 1415.03, 1338.33, 2000.59, 1568.73, 1041.13, 1597.59, 1597.64, 2006.45, 1325.07, 1475.34, 1673.98, 1751.26, 1759.72, 1416.23, 1619.15, 1497.09, 1705.91};