name="jSO CEC17";
dim=30;
bound=0;
testID=26;
(*--------*)
min=845.576;
max=1052.72;
median=929.571;
mean=933.1463137254901;
std=42.79355953387856;
(*--------*)
data={939.594, 927.225, 895.846, 984.257, 955.736, 941.803, 929.571, 1008.2, 934.987, 879.753, 966.461, 982.801, 971.056, 860.404, 989.264, 886.351, 890.754, 892.235, 922.27, 954.175, 920.827, 966.103, 925.525, 929.571, 886.9, 978.468, 857.345, 960.2, 845.576, 959.867, 888.863, 924.158, 895.22, 953.11, 988.492, 959.892, 920.72, 907.967, 981.128, 982.513, 937.023, 952.741, 910.874, 955.96, 874.467, 954.206, 923.382, 1052.72, 871.058, 916.392, 896.451};