name="jSO CEC17";
dim=30;
bound=1;
testID=26;
(*--------*)
min=895.665;
max=1084.62;
median=979.853;
mean=981.2544705882353;
std=42.18944509393453;
(*--------*)
data={949.891, 1000.37, 938.582, 961.609, 965.839, 935.661, 984.647, 897.923, 1025.51, 1084.62, 955.686, 1038.02, 1059.04, 997.35, 967.917, 1038.14, 1003.62, 992.931, 977.353, 1001.5, 1019.55, 1002.94, 983.541, 975.588, 1001.75, 942.435, 974.486, 1037.59, 951.451, 907.63, 933.596, 935.508, 1024.5, 940.39, 983.715, 927.086, 895.665, 969.831, 1016.93, 1039.45, 979.853, 987.838, 951.476, 960.698, 932.914, 959.314, 1016.39, 964.925, 1007.17, 1059.5, 984.059};