name="jSO CEC17";
dim=30;
bound=2;
testID=23;
(*--------*)
min=337.965;
max=351.511;
median=345.509;
mean=345.3054117647059;
std=3.0882202782604184;
(*--------*)
data={345.509, 343.532, 347.345, 346.635, 346.056, 349.285, 341.279, 341.411, 342.577, 350.547, 338.33, 346.743, 344.734, 344.195, 337.965, 345.856, 344.721, 345.792, 346.325, 344.007, 350.635, 344.223, 348.805, 346.904, 347.713, 340.37, 344.87, 341.948, 345.594, 342.157, 349.717, 347.557, 349.019, 346.666, 342.799, 343.245, 347.668, 347.009, 348.328, 342.71, 343.354, 350.196, 351.511, 344.797, 347.823, 346.516, 341.218, 343.413, 344.593, 342.908, 343.466};