name="jSO CEC17";
dim=30;
bound=3;
testID=26;
(*--------*)
min=839.458;
max=1034.32;
median=913.755;
mean=914.7925490196083;
std=38.00924731131292;
(*--------*)
data={914.96, 864.244, 922.914, 894.75, 926.013, 902.23, 927.95, 902.23, 938.932, 889.267, 870.064, 839.458, 864.244, 961.216, 925.789, 913.755, 870.064, 911.111, 936.696, 902.23, 906.452, 923.516, 946.479, 845.729, 874.317, 946.799, 905.411, 908.846, 916.196, 919.052, 982.847, 877.075, 919.483, 977.106, 880.775, 908.846, 934.247, 902.23, 1034.32, 950.307, 889.871, 916.199, 938.956, 948.364, 999.94, 908.317, 943.053, 905.055, 839.458, 908.846, 918.211};