name="jSO CEC17";
dim=30;
bound=5;
testID=18;
(*--------*)
min=0.474442;
max=21.7749;
median=20.6558;
mean=19.994257862745094;
std=3.981115560763069;
(*--------*)
data={21.5841, 20.558, 0.631409, 20.6022, 20.6914, 20.6535, 20.6558, 20.596, 21.0508, 20.5847, 20.6685, 20.5944, 20.5915, 20.7507, 20.6347, 20.6513, 20.6028, 20.6092, 21.6243, 20.7819, 20.6406, 0.474442, 20.7524, 20.8167, 20.6189, 20.7574, 20.6694, 20.6974, 20.7406, 21.7665, 20.5946, 20.6168, 20.5757, 20.6192, 21.7749, 20.5961, 20.727, 20.6618, 20.6673, 20.7537, 20.5251, 20.6975, 20.6222, 20.6177, 20.7291, 21.6607, 20.583, 20.555, 20.7317, 21.5835, 20.763};