name="jSO CEC17";
dim=30;
bound=3;
testID=16;
(*--------*)
min=3.3213;
max=468.608;
median=246.777;
mean=231.84820372549018;
std=126.31000187294843;
(*--------*)
data={126.227, 383.314, 255.691, 3.62678, 227.988, 158.14, 266.307, 144.017, 7.89401, 351.068, 123.213, 227.82, 176.917, 381.289, 382.103, 344.673, 241.718, 139.148, 245.266, 360.955, 241.327, 370.481, 271.719, 153.301, 3.3213, 277.44, 390.151, 407.366, 136.562, 448.566, 141.095, 266.112, 347.103, 248.619, 127.916, 447.284, 260.923, 361.183, 138.696, 253.755, 246.777, 31.1093, 157.243, 253.965, 17.3492, 19.8427, 224.696, 36.2131, 468.608, 268.399, 259.761};