name="jSO CEC17";
dim=30;
bound=3;
testID=18;
(*--------*)
min=0.480554;
max=21.8451;
median=20.678;
mean=20.371916745098044;
std=2.859111707007669;
(*--------*)
data={20.64, 20.7973, 20.5322, 20.6655, 21.6076, 20.5316, 21.802, 20.668, 20.5246, 20.7372, 21.5973, 20.6553, 20.595, 20.7826, 20.7601, 20.6478, 20.7047, 21.8451, 0.480554, 20.5731, 21.6598, 20.6156, 20.6004, 20.7161, 20.6081, 20.7069, 20.74, 20.6858, 20.6822, 20.7258, 20.6915, 20.678, 20.7949, 20.5716, 20.8123, 20.6979, 20.778, 20.5773, 20.5368, 20.5983, 20.723, 20.7396, 20.6536, 20.5914, 20.754, 20.6361, 20.704, 20.6094, 20.6747, 20.6344, 20.6227};