name="jSO CEC17";
dim=30;
bound=1;
testID=7;
(*--------*)
min=36.3736;
max=42.0874;
median=38.6706;
mean=38.735962745098035;
std=1.4580379528614176;
(*--------*)
data={38.7673, 38.7326, 36.6483, 37.8066, 36.3736, 37.6741, 39.1639, 39.387, 38.2998, 37.89, 39.8475, 37.4963, 38.0297, 38.4251, 38.2073, 39.1463, 38.8346, 38.1511, 40.4125, 41.3679, 40.577, 37.0226, 39.2328, 36.6855, 36.7129, 38.0919, 42.0874, 38.5703, 36.9337, 37.7329, 40.1428, 40.5512, 39.1229, 40.3818, 39.7882, 40.1785, 39.8129, 41.3146, 38.3343, 39.7832, 37.6116, 39.5403, 37.7421, 36.4379, 40.2815, 41.3937, 36.4268, 38.6706, 36.6345, 38.9223, 38.1539};