name="jSO CEC17";
dim=30;
bound=4;
testID=15;
(*--------*)
min=0.362901;
max=3.73599;
median=1.08284;
mean=1.2725481372549015;
std=0.7795581788275723;
(*--------*)
data={0.527499, 0.681285, 1.66626, 0.677622, 0.644181, 0.507736, 1.81, 0.502094, 0.910336, 0.578992, 0.54748, 1.84104, 1.56739, 1.44451, 1.92905, 0.891955, 0.419989, 1.47279, 0.403916, 1.79421, 1.89653, 1.82774, 1.51942, 0.637355, 1.53225, 3.16094, 2.44707, 1.98639, 2.01322, 0.412118, 0.533621, 0.463715, 2.51045, 1.08284, 1.55182, 1.53248, 3.73599, 0.724596, 0.589622, 2.77616, 1.53524, 0.701205, 0.929939, 0.362901, 1.61065, 0.826857, 1.58262, 0.436118, 1.67542, 0.802872, 0.683471};