name="jSO CEC17";
dim=30;
bound=2;
testID=29;
(*--------*)
min=422.142;
max=460.059;
median=434.773;
mean=437.7509607843138;
std=9.101812410637312;
(*--------*)
data={426.836, 440.582, 439.336, 438.864, 450.764, 455.025, 444.998, 432.068, 424.075, 435.165, 434.773, 450.389, 433.763, 440.588, 429.808, 423.627, 431.247, 430.413, 446.487, 444.28, 433.494, 445.51, 422.142, 431.308, 426.787, 426.783, 437.053, 438.08, 445.175, 450.893, 460.059, 449.05, 434.008, 432, 434.758, 431.27, 432.548, 430.095, 445.229, 446.244, 442.217, 431.359, 434.579, 427.508, 449.562, 452.095, 439.024, 433.189, 429.718, 430.115, 450.359};