name="jSO CEC17";
dim=30;
bound=5;
testID=15;
(*--------*)
min=0.303;
max=3.97774;
median=0.660567;
mean=1.0077742156862746;
std=0.6952552670837759;
(*--------*)
data={1.61688, 0.770308, 0.967966, 1.02139, 0.303, 1.97971, 0.653563, 0.654653, 0.553588, 0.523529, 1.78338, 0.543633, 1.45535, 0.868663, 0.384746, 0.537565, 3.97774, 0.901454, 1.49932, 1.49018, 1.64793, 1.8483, 0.403406, 0.430731, 1.0281, 0.493061, 1.5764, 0.579507, 0.546694, 1.77207, 0.596397, 1.39712, 1.72997, 1.47764, 0.660567, 0.395591, 0.495432, 1.79297, 0.420927, 0.481512, 0.56884, 0.566475, 0.497668, 0.407939, 0.818799, 1.47845, 0.525852, 0.976254, 0.45538, 0.402535, 2.43735};