name="jSO CEC17";
dim=30;
bound=5;
testID=20;
(*--------*)
min=12.6988;
max=39.9992;
median=30.6707;
mean=29.613213725490205;
std=4.934212649289433;
(*--------*)
data={34.0521, 26.4844, 30.7882, 25.1802, 12.6988, 24.6802, 22.8995, 28.3042, 26.6025, 29.5521, 29.7405, 29.3353, 33.6368, 36.3177, 30.5619, 25.7131, 33.563, 25.5197, 26.1828, 30.8302, 28.6112, 34.123, 24.577, 32.668, 33.1148, 26.0036, 30.876, 31.0327, 39.9992, 31.4125, 30.5673, 33.2277, 25.8474, 30.6707, 32.3202, 36.7535, 33.2298, 28.0411, 35.6753, 35.0284, 34.1428, 30.9892, 28.806, 25.4945, 32.9516, 31.2046, 24.0797, 26.3423, 31.5971, 15.3743, 32.8692};