name="jSO CEC17";
dim=30;
bound=2;
testID=16;
(*--------*)
min=4.47606;
max=451.245;
median=143.535;
mean=194.729341372549;
std=112.8342034385888;
(*--------*)
data={259.802, 135.919, 142.924, 451.245, 52.2559, 241.158, 403.676, 130.04, 4.47606, 6.46944, 227.674, 264.83, 37.3192, 341.779, 122.691, 253.517, 39.8206, 136.584, 232.545, 255.505, 355.602, 140.339, 8.39291, 142.719, 227.717, 134.1, 127.527, 357.973, 131.497, 26.6136, 267.703, 261.558, 353.476, 135.956, 227.068, 231.449, 135.482, 361.62, 238.378, 340.97, 135.979, 268.985, 377.912, 136.917, 245.879, 137.292, 143.535, 253.78, 25.7987, 130.058, 128.69};