name="jSO CEC17";
dim=30;
bound=1;
testID=13;
(*--------*)
min=2.4465;
max=23.6845;
median=16.8269;
mean=17.088386274509805;
std=4.206152421263861;
(*--------*)
data={21.0189, 14.4087, 22.5323, 14.9176, 15.1885, 16.8269, 18.1996, 15.2278, 18.022, 16.3819, 22.5195, 15.4831, 15.3871, 2.4465, 19.8417, 18.201, 15.5028, 16.4477, 22.9515, 21.1849, 14.2953, 16.0222, 21.1867, 16.4405, 22.0976, 16.852, 14.1554, 17.4938, 15.7508, 23.6348, 6.27422, 18.9981, 16.5007, 13.6916, 16.928, 17.0919, 16.7975, 17.4679, 16.0007, 23.0892, 20.1042, 15.9065, 23.6845, 21.4592, 17.566, 18.9802, 14.9894, 16.2176, 18.0302, 16.1524, 4.95858};