name="jSO CEC17";
dim=30;
bound=2;
testID=27;
(*--------*)
min=470.581;
max=503.295;
median=484.701;
mean=484.6644705882354;
std=7.380057656557813;
(*--------*)
data={500.006, 491.327, 488.151, 490.472, 484.701, 493.837, 484.768, 477.744, 482.317, 475.997, 488.338, 484.605, 484.646, 488.312, 484.701, 491.411, 477.744, 477.744, 475.652, 486.538, 491.5, 490.129, 503.295, 487.315, 470.581, 480.434, 475.19, 497.892, 475.355, 475.997, 485.75, 483.694, 483.694, 481.427, 472.386, 475.05, 493.119, 479.604, 473.181, 488.521, 484.162, 477.744, 487.589, 488.291, 492.897, 474.9, 487.107, 492.58, 483.717, 492.059, 483.717};