name="jSO CEC17";
dim=30;
bound=5;
testID=11;
(*--------*)
min=0;
max=60.9741;
median=1.6662;
mean=4.80823730785772;
std=11.685961934882055;
(*--------*)
data={10.0604, 1.6662, 0.247435, 4.17986, 5.389, 1.57975, 1.98992, 4.98158, 2.49797*^-8, 1.44797, 0.994959, 0.994959, 0.994959, 6.38288, 1.06989, 6.28612, 0.994959, 5.11013, 6.9715, 0.994959, 1.15287, 1.98992, 5.11964*^-7, 0.343866, 1.50024, 4.04188, 0, 0.0101126, 0.994959, 0.35167, 1.98992, 0.994959, 60.9741, 5.6342, 0.994959, 0.994959, 2.71391, 1.47387, 2.98488, 5.03243, 0.0000240428, 0.000874521, 4.98255, 0.994959, 5.97737, 5.04927, 3.98662, 1.98992, 1.7684, 2.98488, 60.9741};