name="jSO CEC17";
dim=30;
bound=0;
testID=14;
(*--------*)
min=2.58107;
max=25.3856;
median=21.4824;
mean=21.377938627450977;
std=2.9031022922825303;
(*--------*)
data={24.352, 21.2383, 22.3458, 21.2251, 21.5051, 20.0672, 22.2036, 21.0631, 21.2538, 25.3856, 20.0895, 21.6578, 20.1166, 22.4847, 21.227, 22.0903, 22.2781, 20.2517, 23.1546, 21.1975, 23.2197, 20.2832, 21.1112, 22.0875, 21.4824, 21.2356, 22.8282, 21.2504, 22.4258, 22.5506, 23.1452, 21.0203, 2.58107, 22.142, 20.207, 21.0641, 21.0282, 20.1741, 21.2153, 22.3027, 22.2502, 21.3067, 22.1536, 22.7309, 22.0799, 20.3667, 21.1818, 21.0562, 22.477, 23.1243, 23.0056};