name="jSO CEC17";
dim=30;
bound=5;
testID=12;
(*--------*)
min=0.216978;
max=609.457;
median=135.81;
mean=181.51679447058825;
std=125.9139669758206;
(*--------*)
data={237.733, 13.1438, 0.216978, 237.664, 609.457, 142.688, 16.9382, 367.131, 248.19, 126.235, 135.81, 253.884, 135.377, 122.302, 133.546, 122.58, 248.19, 362.904, 244.535, 122.51, 129.891, 14.9693, 257.401, 329.705, 125.958, 129.752, 122.304, 248.693, 138.824, 122.441, 135.087, 248.26, 344.28, 244.465, 125.958, 252.279, 11.4525, 137.916, 126.166, 540.572, 237.587, 14.8999, 129.752, 130.255, 138.893, 7.51934, 300.179, 11.4525, 248.121, 244.829, 126.46};