name="jSO CEC17";
dim=30;
bound=0;
testID=24;
(*--------*)
min=422.043;
max=431.255;
median=426.696;
mean=426.30603921568627;
std=2.1648883570363124;
(*--------*)
data={428.135, 426.088, 428.711, 427.427, 423.371, 426.696, 425.533, 429.274, 424.404, 427.614, 428.716, 426.365, 431.255, 427.1, 426.564, 427.887, 427.782, 429.251, 427.176, 425.342, 424.668, 423.313, 429.117, 423.111, 427.157, 426.852, 428.198, 424.455, 422.043, 427.779, 425.731, 422.204, 429.771, 424.061, 426.92, 424.571, 425.558, 426.973, 426.732, 425.658, 425.522, 422.241, 429.18, 423.575, 425.991, 425.855, 423.131, 423.633, 427.96, 426.712, 428.245};