name="jSO CEC17";
dim=30;
bound=4;
testID=5;
(*--------*)
min=3.09861;
max=11.9786;
median=8.95486;
mean=8.49641470588235;
std=1.8652620536550386;
(*--------*)
data={3.97984, 10.9455, 5.96976, 7.96592, 5.97176, 10.9446, 9.95123, 8.95478, 8.9567, 9.94961, 9.94962, 9.95557, 8.97698, 10.043, 6.97552, 6.96487, 9.98011, 6.96472, 6.96495, 3.09861, 7.95968, 9.96056, 9.96307, 9.95075, 11.9507, 5.97822, 5.04637, 7.15193, 8.95486, 8.95463, 8.95889, 8.9761, 6.96947, 8.95512, 8.95464, 7.98831, 7.99635, 9.94981, 6.96689, 10.2161, 6.96486, 7.95968, 8.96902, 9.94963, 9.95076, 7.9597, 6.96473, 10.4379, 11.9786, 7.95982, 8.95635};