name="jSO CEC17";
dim=30;
bound=4;
testID=14;
(*--------*)
min=20.0107;
max=25.2211;
median=22.1413;
mean=22.16139215686275;
std=1.406247581024499;
(*--------*)
data={23.1024, 25.2211, 20.0423, 22.3249, 22.3304, 21.4062, 20.0107, 24.7477, 22.161, 24.0173, 22.2272, 22.9813, 21.1247, 24.7339, 23.1124, 23.4852, 22.1413, 22.1517, 21.41, 24.091, 21.3269, 21.2317, 20.1878, 20.8138, 21.0465, 22.0804, 23.2608, 20.1618, 21.1614, 20.3806, 20.4694, 21.453, 22.128, 22.0342, 23.2639, 20.1018, 22.1737, 21.1641, 22.0405, 23.6548, 24.1252, 20.2008, 21.4298, 22.6854, 22.024, 22.469, 22.1554, 23.3349, 20.3376, 25.0811, 23.43};