name="jSO CEC17";
dim=30;
bound=1;
testID=16;
(*--------*)
min=13.0134;
max=251.687;
median=31.2932;
mean=64.23954901960782;
std=66.94531429589789;
(*--------*)
data={16.0474, 17.9044, 13.0134, 34.9033, 20.8644, 148.74, 22.1886, 31.2932, 18.5928, 21.0148, 13.2802, 71.5721, 135.661, 21.4875, 142.708, 30.0897, 36.1307, 21.4212, 47.3787, 16.0561, 143.441, 243.659, 23.4219, 76.3133, 44.3953, 35.1372, 36.0422, 14.4784, 30.2107, 251.687, 22.2403, 17.77, 156.302, 13.0213, 146.504, 245.847, 40.0783, 136.566, 38.4697, 149.357, 17.6444, 28.0051, 30.6372, 45.8439, 31.6816, 140.711, 14.5665, 27.5391, 18.1554, 157.566, 18.5777};