name="jSO CEC17";
dim=30;
bound=5;
testID=26;
(*--------*)
min=870.064;
max=1004.37;
median=929.254;
mean=929.2873333333333;
std=31.995046472019176;
(*--------*)
data={970.004, 927.504, 887.458, 913.486, 914.859, 1004.03, 936.79, 970.197, 917.46, 870.064, 914.388, 967.824, 882.741, 924.756, 870.064, 911.97, 975.028, 912.496, 934.134, 912.214, 929.994, 927.982, 889.871, 915.715, 915.216, 967.951, 929.254, 918.114, 943.773, 931.343, 899.523, 966.116, 957.675, 945.603, 903.248, 906.682, 946.291, 933.693, 964.823, 880.065, 945.881, 956.037, 965.131, 890.233, 953.795, 880.367, 932.691, 1004.37, 898.523, 929.57, 946.657};