name="jSO CEC17";
dim=30;
bound=3;
testID=30;
(*--------*)
min=1955.18;
max=2053.08;
median=1988.27;
mean=1989.1788235294116;
std=21.226501703960423;
(*--------*)
data={1970.39, 1992.72, 1989.66, 1988.27, 1994.77, 2016.49, 1989.04, 1960.83, 1981.77, 2017.25, 2032.4, 1956.4, 2019.37, 1985.76, 1982.72, 1990.45, 1973.34, 1970.5, 1982.48, 1989.95, 1989.28, 1967.99, 1971.09, 1968.35, 1988.46, 2017.07, 1989.33, 1994.15, 1996.75, 1968.45, 1981.43, 1989.31, 1988.25, 1982.98, 1985.59, 1957.58, 2038.25, 1988.26, 1986.52, 1982.17, 1988.66, 1955.18, 1988.27, 2053.08, 1988.44, 1981.63, 2006.09, 2038.36, 1988.35, 1955.96, 1988.28};