name="jSO CEC17";
dim=30;
bound=5;
testID=21;
(*--------*)
min=205.175;
max=213.413;
median=209.309;
mean=209.0883725490196;
std=1.8718491922244624;
(*--------*)
data={208.237, 205.734, 208.669, 207.557, 207.43, 209.902, 209.684, 210.269, 209.183, 208.125, 209.51, 209.284, 205.175, 208.43, 211.215, 205.51, 205.231, 210.176, 210.033, 207.551, 211.159, 211.23, 209.571, 209.712, 208.305, 210.653, 208.488, 207.379, 209.613, 210.945, 209.481, 211.548, 209.948, 208.183, 207.922, 207.025, 209.57, 208.871, 211.153, 210.776, 213.413, 210.224, 212.273, 212.174, 206.418, 208.445, 209.309, 206.447, 207.771, 210.972, 207.624};