name="jSO CEC17";
dim=30;
bound=2;
testID=5;
(*--------*)
min=4.97597;
max=13.9295;
median=9.94959;
mean=9.744721960784316;
std=2.035674771125309;
(*--------*)
data={9.94964, 8.95494, 11.9865, 7.0019, 5.96984, 7.96652, 12.9345, 9.04313, 7.95967, 10.9496, 4.97597, 10.9473, 9.94959, 11.1036, 9.95036, 6.97065, 11.9395, 13.4377, 9.94962, 8.95472, 7.95977, 8.95495, 13.0333, 8.9558, 10.9451, 8.97871, 7.95967, 8.95582, 7.96071, 8.95634, 9.9686, 9.95037, 10.9446, 11.9395, 9.9738, 11.9396, 10.0249, 10.0132, 12.9347, 7.96069, 8.9577, 10.9596, 5.96976, 6.96471, 8.95463, 12.9345, 13.9295, 8.97127, 8.95508, 9.23239, 11.9463};