name="jSO CEC17";
dim=30;
bound=0;
testID=19;
(*--------*)
min=2.4849;
max=10.0795;
median=3.47871;
mean=4.312751568627451;
std=1.7958755264955;
(*--------*)
data={3.18947, 3.52407, 7.30928, 3.3229, 4.8611, 3.9926, 10.0795, 7.75279, 4.87234, 3.39719, 2.9089, 2.9125, 2.4849, 3.28233, 7.89877, 3.47871, 3.12383, 3.02049, 2.91288, 5.00957, 5.76748, 5.00565, 2.67998, 2.96042, 2.99175, 5.95484, 2.53224, 3.44598, 2.69165, 8.68307, 6.84222, 3.87723, 3.4752, 2.54148, 3.29755, 4.82243, 3.87823, 5.78832, 3.15954, 5.76585, 3.459, 3.43318, 2.49238, 3.33376, 2.80266, 4.84313, 7.06202, 3.82988, 3.50519, 3.56314, 6.13076};