name="jSO CEC17";
dim=30;
bound=3;
testID=17;
(*--------*)
min=19.4976;
max=47.7521;
median=34.8223;
mean=34.814674509803915;
std=6.374133589338809;
(*--------*)
data={41.7145, 30.682, 26.1185, 32.9917, 34.8223, 33.592, 37.3616, 41.5869, 32.7051, 38.318, 39.2017, 35.2987, 25.0998, 32.9369, 23.8273, 23.7383, 39.2909, 35.0343, 23.3109, 33.6267, 31.6622, 38.5759, 32.0494, 23.1528, 19.4976, 32.7324, 33.6172, 34.9484, 31.1792, 36.4761, 38.9172, 37.8363, 34.9665, 47.7521, 33.9598, 31.1947, 39.7063, 40.6535, 31.6499, 43.6405, 34.8206, 37.0202, 44.9234, 40.8794, 32.0728, 46.1259, 37.6121, 26.9613, 46.6995, 40.355, 32.6521};