name="jSO CEC17";
dim=30;
bound=2;
testID=8;
(*--------*)
min=6.96472;
max=14.9245;
median=9.95518;
mean=10.20358862745098;
std=1.804914389304955;
(*--------*)
data={12.0203, 12.9528, 13.9294, 10.9447, 6.96472, 9.9572, 6.96502, 9.96758, 8.95483, 8.98806, 7.95969, 10.9477, 10.9445, 13.9295, 9.96353, 9.95518, 10.9446, 11.9408, 10.0566, 8.96255, 11.9417, 8.9551, 9.94962, 9.94968, 9.95209, 9.96821, 9.00322, 8.95463, 10.0903, 9.95004, 14.1277, 9.94975, 10.9453, 9.94968, 9.95967, 8.95482, 9.95273, 7.96625, 10.9468, 8.95512, 9.96745, 12.9521, 6.96818, 8.05096, 14.9245, 7.97888, 11.9527, 9.95243, 11.0548, 9.95352, 8.95583};