name="jSO CEC17";
dim=30;
bound=0;
testID=23;
(*--------*)
min=343.186;
max=357.927;
median=351.226;
mean=350.7410196078431;
std=3.363850338467493;
(*--------*)
data={353.231, 344.692, 347.175, 355.533, 354.498, 355.43, 357.927, 353.174, 348.843, 355.453, 352.567, 356.429, 348.126, 353.36, 355.588, 351.605, 349.735, 346.748, 351.357, 345.948, 343.98, 347.036, 348.739, 348.654, 351.526, 351.527, 351.853, 349.71, 350.703, 347.917, 351.874, 350.802, 352.689, 348.796, 353.497, 352.127, 351.952, 346.4, 351.611, 354.788, 349.669, 351.226, 352.292, 350.577, 347.022, 347.758, 347.229, 355.358, 350.254, 349.621, 343.186};