name="jSO CEC17";
dim=30;
bound=4;
testID=12;
(*--------*)
min=7.58873;
max=461.605;
median=135.238;
mean=162.90170098039215;
std=106.6468177117267;
(*--------*)
data={253.676, 122.805, 33.3906, 248.554, 122.371, 122.51, 130.255, 249.951, 240.949, 240.879, 366.629, 148.173, 139.327, 237.154, 461.605, 422.134, 143.052, 122.944, 133.477, 118.716, 350.547, 14.9693, 11.3137, 250.535, 133.477, 257.54, 20.5657, 142.757, 20.5244, 122.58, 135.238, 129.821, 20.5244, 118.855, 133.546, 126.166, 129.752, 142.688, 251.915, 29.8044, 129.752, 251.846, 363.718, 144.518, 122.441, 7.58873, 138.963, 139.465, 248.26, 7.72752, 152.037};