name="jSO CEC17";
dim=30;
bound=0;
testID=5;
(*--------*)
min=4.97623;
max=12.9391;
median=8.95746;
mean=9.278003137254899;
std=1.5955121905751646;
(*--------*)
data={8.95698, 9.95215, 12.2604, 7.95967, 11.9614, 9.12271, 8.17737, 7.96101, 8.95463, 8.95683, 7.95987, 11.9396, 8.95468, 6.96791, 7.95984, 8.96595, 9.99603, 8.95466, 8.95476, 8.95463, 9.94968, 7.96205, 8.95587, 9.00037, 10.9469, 9.04763, 4.97633, 8.98327, 8.95746, 10.1624, 12.9391, 4.97623, 7.95974, 10.1219, 9.94959, 8.95468, 10.8323, 10.4207, 7.97283, 8.95545, 6.96471, 9.96361, 9.95445, 8.95552, 11.4498, 9.95024, 8.95555, 8.13872, 11.9395, 11.0605, 9.95};