name="jSO CEC17";
dim=30;
bound=4;
testID=27;
(*--------*)
min=466.038;
max=512.053;
median=492.88;
mean=492.54223529411746;
std=9.396564862944835;
(*--------*)
data={498.731, 474.121, 484.458, 502.277, 502.795, 504.091, 499.682, 504.544, 479.376, 495.447, 492.929, 489.236, 489.934, 493.229, 493.253, 492.662, 491.262, 498.511, 474.171, 494.797, 494.961, 499.374, 499.499, 482.952, 492.88, 468.505, 491.574, 492.051, 495.261, 492.291, 491.065, 484.076, 508.672, 493.798, 492.207, 492.634, 499.569, 496.01, 512.053, 502.238, 487.278, 491.355, 502.457, 486.536, 489.209, 497.951, 501.569, 477.705, 490.938, 466.038, 491.442};