name="jSO CEC17";
dim=30;
bound=1;
testID=27;
(*--------*)
min=487.485;
max=507.506;
median=496.039;
mean=496.0073921568627;
std=4.9666913617756885;
(*--------*)
data={488.164, 506.508, 499.995, 499.348, 493.175, 494.817, 493.533, 496.117, 494.064, 507.506, 496.259, 493.43, 500.093, 499.789, 498.758, 491.319, 504.069, 501.722, 494.406, 494.306, 488.405, 495.219, 502.805, 496.439, 489.843, 488.48, 487.485, 496.039, 488.186, 493.345, 490.99, 495.341, 490.396, 500.011, 501.951, 498.091, 488.247, 499.494, 492.583, 499.172, 497.767, 501.568, 493.402, 492.303, 491.147, 497.625, 501.196, 497.886, 492.638, 499.268, 501.677};