name="jSO CEC17";
dim=30;
bound=1;
testID=14;
(*--------*)
min=6.52933;
max=24.3836;
median=21.4276;
mean=21.396692745098036;
std=2.3797680555643055;
(*--------*)
data={22.226, 21.2701, 20.0178, 22.6643, 21.0435, 20.0458, 22.3125, 21.416, 21.3336, 22.1286, 20.1266, 24.0324, 23.1708, 21.1337, 20.1981, 21.1308, 22.4643, 21.7215, 20.2439, 21.3613, 23.8496, 21.0608, 22.0954, 21.2386, 21.2356, 23.1782, 20.1451, 22.3877, 22.1349, 22.3057, 22.2107, 23.0554, 20.0402, 22.3101, 21.1733, 22.2556, 22.1303, 21.4228, 22.825, 21.1778, 22.1114, 20.243, 21.2663, 20.053, 21.7513, 22.2995, 20.4639, 22.428, 24.3836, 21.4276, 6.52933};