name="jSO CEC17";
dim=30;
bound=3;
testID=11;
(*--------*)
min=0.748859;
max=9.95638;
median=2.99706;
mean=3.5211926666666673;
std=2.043853068644032;
(*--------*)
data={1.23273, 2.37175, 4.97482, 0.994959, 3.98662, 5.97662, 1.98992, 5.29151, 1.32329, 3.98667, 2.98488, 4.98158, 0.748859, 2.98488, 3.98672, 5.89224, 5.64155, 6.18295, 3.44596, 4.33466, 5.39964, 9.95638, 3.03976, 1.69483, 1.98992, 4.98359, 1.17019, 4.98158, 1.98992, 1.67604, 1.72241, 1.69739, 2.98488, 1.38603, 5.05752, 6.86857, 0.994959, 2.39298, 5.34638, 1.98992, 5.97654, 3.97984, 6.97299, 1.98992, 2.98488, 1.82483, 4.98158, 5.47508, 0.994959, 2.99706, 0.76709};