name="jSO CEC17";
dim=30;
bound=5;
testID=13;
(*--------*)
min=0.00166299;
max=23.111;
median=16.9505;
mean=15.218487254117647;
std=5.7813103454642;
(*--------*)
data={17.5281, 17.9613, 23.111, 18.0915, 20.2041, 18.7835, 2.89235, 15.1805, 17.1546, 19.2128, 16.2007, 17.9532, 18.3812, 16.334, 14.5867, 14.2268, 18.4243, 0.00166299, 18.866, 15.7875, 16.9505, 17.7519, 16.1326, 1.1846, 18.7432, 17.0748, 15.8395, 13.9798, 15.9754, 14.9291, 16.8918, 19.5408, 1.6998, 17.464, 16.0728, 3.33769, 0.00449697, 16.4793, 18.7459, 16.9827, 16.8571, 21.1435, 16.8449, 17.8772, 18.9379, 17.1653, 19.1646, 1.56455, 15.4716, 16.4036, 18.0501};