name="jSO CEC17";
dim=30;
bound=2;
testID=25;
(*--------*)
min=386.688;
max=386.749;
median=386.703;
mean=386.7035098039216;
std=0.012923424544639768;
(*--------*)
data={386.749, 386.701, 386.703, 386.713, 386.705, 386.715, 386.707, 386.7, 386.696, 386.712, 386.688, 386.704, 386.718, 386.694, 386.693, 386.72, 386.705, 386.693, 386.707, 386.693, 386.691, 386.712, 386.707, 386.691, 386.693, 386.704, 386.693, 386.706, 386.705, 386.707, 386.693, 386.688, 386.691, 386.691, 386.693, 386.712, 386.691, 386.715, 386.691, 386.718, 386.723, 386.726, 386.701, 386.696, 386.691, 386.737, 386.712, 386.692, 386.693, 386.696, 386.704};