name="jSO CEC17";
dim=30;
bound=3;
testID=7;
(*--------*)
min=35.713;
max=44.0051;
median=39.3596;
mean=39.40527647058824;
std=1.6868130493434341;
(*--------*)
data={38.2749, 38.9572, 38.8054, 40.6687, 39.5274, 39.6079, 39.0104, 41.8021, 40.9644, 40.7779, 35.713, 36.3354, 37.0395, 41.942, 38.9715, 38.101, 40.7104, 37.3085, 39.178, 39.6157, 39.3596, 41.7578, 37.1744, 41.3317, 38.6217, 40.8937, 40.6688, 38.9733, 39.1692, 41.4397, 39.2506, 37.3442, 40.2287, 40.2248, 44.0051, 37.9252, 40.8957, 41.7583, 37.2997, 38.6022, 39.5398, 40.6954, 39.4142, 39.4142, 39.0185, 36.0576, 39.3737, 38.5993, 38.7634, 37.4878, 41.0695};