name="jSO CEC17";
dim=30;
bound=2;
testID=24;
(*--------*)
min=415.669;
max=425.78;
median=421.606;
mean=421.73431372549044;
std=2.464528526839939;
(*--------*)
data={421.055, 415.669, 415.963, 420.777, 420.108, 424.266, 425.128, 419.482, 424.476, 420.968, 420.141, 424.482, 420.877, 421.382, 425.247, 422.021, 424.499, 421.854, 421.606, 422.215, 423.11, 424.185, 418.223, 423.681, 421.384, 420.727, 421.428, 423.13, 422.19, 420.881, 421.66, 425.096, 418.561, 425.78, 421.241, 425.541, 420.101, 422.307, 419.284, 424.9, 425.072, 422.115, 418.096, 420.9, 421.718, 424.573, 423.292, 421.519, 419.181, 418.272, 418.086};