name="jSO CEC17";
dim=30;
bound=5;
testID=27;
(*--------*)
min=476.708;
max=509.37;
median=494.991;
mean=495.35600000000005;
std=7.465472660187028;
(*--------*)
data={486.261, 496.074, 507.823, 493.209, 476.708, 496.745, 495.447, 487.129, 490.485, 491.307, 500.549, 499.57, 502.14, 482.637, 502.14, 496.658, 487.3, 493.808, 492.394, 493.017, 493.145, 485.092, 506.374, 494.91, 500.571, 502.685, 502.805, 485.953, 486.212, 498.422, 495.897, 508.471, 500.029, 507.022, 500.759, 506.9, 497.838, 494.93, 495.469, 505.467, 494.064, 501.463, 488.775, 489.627, 494.991, 493.385, 485.599, 489.629, 509.37, 487.894, 488.007};