name="jSO CEC17";
dim=30;
bound=2;
testID=18;
(*--------*)
min=20.4484;
max=21.7778;
median=20.6604;
mean=20.82935490196078;
std=0.40555136065052244;
(*--------*)
data={21.7104, 20.6868, 20.6261, 20.7774, 20.5703, 20.716, 20.6155, 20.5818, 20.6682, 20.6977, 20.6119, 20.6255, 20.8743, 20.6653, 20.6629, 21.6497, 20.6339, 20.5242, 21.6229, 20.5935, 20.7837, 20.5933, 20.6169, 20.6604, 20.6179, 21.7715, 20.6336, 20.7671, 20.6308, 20.765, 20.6125, 21.6336, 21.6406, 20.6335, 20.6375, 20.6022, 20.7126, 20.5889, 20.7364, 20.553, 21.7354, 20.6609, 20.6286, 20.4484, 20.6039, 20.7051, 21.5851, 20.6433, 21.7778, 20.7085, 20.4948};