name="jSO CEC17";
dim=30;
bound=0;
testID=11;
(*--------*)
min=0;
max=60.9741;
median=1.99001;
mean=3.5741435841972544;
std=8.461289446654106;
(*--------*)
data={4.11631, 6.00224, 2.06656, 9.23856, 3.98662, 4.98158, 2.98488, 0.270683, 1.39995, 2.42171, 0.0310684, 1.81511, 4.98158, 0.994959, 3.98662, 3.98662, 2.48638*^-6, 0, 4.98158, 0.262213, 0.0264552, 0.994959, 5.29765, 3.98665, 0.994959, 0.995284, 2.35567, 1.99, 0.994959, 3.98662, 5.31002, 2.29871, 60.9741, 6.43491, 0, 1.28055, 1.50313, 1.01982, 4.98158, 1.99717, 2.35139, 2.04306, 4.99002, 1.99001, 0.994959, 0, 0.994959, 3.70768*^-6, 0.994959, 0, 1.98992};