name="jSO CEC17";
dim=30;
bound=5;
testID=29;
(*--------*)
min=373.085;
max=455.11;
median=435.284;
mean=434.78437254901945;
std=11.745073271735322;
(*--------*)
data={432.574, 446.366, 443.547, 448.391, 433.866, 445.612, 454.047, 427.448, 437.659, 449.773, 431.714, 424.18, 434.97, 433.773, 436.433, 434.407, 433.703, 437.089, 438.837, 435.992, 425.481, 435.284, 428.305, 433.324, 443.593, 435.4, 442.478, 444.432, 425.462, 373.085, 432.131, 429.783, 422.017, 436.251, 430.394, 428.886, 438.22, 429.685, 427.567, 433.439, 437.448, 433.03, 435.366, 420.711, 435.421, 449.205, 437.94, 440.248, 455.11, 443.787, 430.139};