name="jSO CEC17";
dim=30;
bound=2;
testID=26;
(*--------*)
min=200;
max=984.979;
median=906.676;
mean=894.7248627450981;
std=105.22195497651992;
(*--------*)
data={954.249, 200, 908.846, 900.702, 933.794, 953.073, 880.065, 871.624, 902.23, 899.426, 889.871, 969.343, 889.871, 870.064, 870.064, 931.7, 871.702, 887.335, 922.457, 902.23, 906.676, 878.925, 873.127, 916.289, 927.982, 914.859, 942.424, 895.284, 946.557, 922.457, 960.367, 946.78, 900.129, 907.672, 952.695, 933.794, 884.132, 873.191, 828.184, 957.901, 943.53, 925.789, 870.064, 847.468, 922.457, 935.46, 880.775, 870.064, 933.165, 839.146, 984.979};