name="jSO CEC17";
dim=30;
bound=4;
testID=30;
(*--------*)
min=1955.01;
max=2002.4;
median=1970.54;
mean=1969.697450980392;
std=11.502136817676481;
(*--------*)
data={1970.54, 1955.39, 1970.72, 1971.57, 1955.38, 1970.59, 2002.4, 1988.1, 1955.01, 1970.53, 1970.37, 1988.12, 1955.23, 1955.3, 1970.54, 1970.97, 1981.15, 1967.06, 1989.41, 1956.06, 1970.63, 1970.56, 1955.31, 1980.93, 1970.62, 1967.44, 1988.04, 1971.01, 1970.42, 1970.53, 1970.09, 2002.25, 1970.4, 1970.76, 1955.63, 1967.67, 1970.63, 1967.27, 1970.64, 1955.68, 1955.69, 1970.57, 1955.67, 1955.09, 1970.74, 1955.48, 1967.08, 1970.59, 1970.83, 1970.54, 1981.34};