name="jSO CEC17";
dim=30;
bound=1;
testID=23;
(*--------*)
min=346.409;
max=361.524;
median=352.21;
mean=352.6348627450981;
std=3.4549702170618377;
(*--------*)
data={347.235, 347.077, 352.015, 352.425, 352.078, 351.112, 352.21, 352.241, 349.676, 352.425, 351.771, 352.084, 356.25, 348.176, 350.467, 349.985, 361.524, 355.574, 348.138, 350.805, 351.342, 347.178, 354.315, 351.252, 360.11, 354.481, 354.992, 351.18, 351.777, 349.302, 354.945, 356.454, 346.409, 352.914, 352.162, 347.715, 360.356, 353.134, 351.458, 348.535, 355.338, 355.301, 357.323, 357.979, 353.84, 356.232, 352.71, 353.076, 350.673, 353.221, 355.406};