name="jSO CEC17";
dim=30;
bound=4;
testID=25;
(*--------*)
min=386.688;
max=386.72;
median=386.698;
mean=386.6993333333331;
std=0.007827302643108573;
(*--------*)
data={386.691, 386.696, 386.701, 386.693, 386.701, 386.71, 386.706, 386.694, 386.701, 386.691, 386.693, 386.712, 386.704, 386.691, 386.712, 386.698, 386.708, 386.706, 386.706, 386.691, 386.688, 386.704, 386.712, 386.695, 386.693, 386.704, 386.713, 386.72, 386.693, 386.704, 386.688, 386.693, 386.701, 386.701, 386.693, 386.693, 386.693, 386.693, 386.701, 386.696, 386.691, 386.704, 386.692, 386.712, 386.691, 386.706, 386.706, 386.693, 386.693, 386.694, 386.701};