name="jSO CEC17";
dim=30;
bound=1;
testID=24;
(*--------*)
min=424.139;
max=433.452;
median=428.443;
mean=428.1635294117647;
std=2.010093075983705;
(*--------*)
data={426.632, 429.059, 425.634, 425.572, 429.355, 429.025, 428.016, 429.379, 424.761, 430.388, 427.824, 428.994, 432.913, 424.955, 424.732, 429.873, 428.246, 427.079, 429.719, 429.263, 425.108, 427.098, 429.591, 427.637, 427.06, 431.04, 429.576, 424.139, 430.159, 429.104, 426.653, 433.452, 428.443, 428.276, 427.91, 426.598, 428.765, 426.31, 424.648, 430.472, 428.933, 429.354, 427.354, 428.797, 427.356, 430.589, 429.077, 428.543, 426.912, 427.473, 428.494};