name="jSO CEC17";
dim=30;
bound=0;
testID=17;
(*--------*)
min=5.54471;
max=47.3217;
median=34.4808;
mean=33.64002176470587;
std=7.541640556112365;
(*--------*)
data={34.3285, 35.4094, 31.6632, 47.3217, 27.0382, 38.5969, 20.7232, 39.9617, 16.9543, 35.3447, 32.4857, 34.0757, 29.9834, 33.6475, 32.1976, 27.3384, 40.6651, 33.669, 38.6391, 35.4446, 36.1387, 39.7206, 23.6173, 27.1605, 34.9079, 33.5296, 38.233, 36.6056, 39.2275, 31.382, 29.2943, 30.7231, 5.54471, 39.3051, 22.7499, 35.6967, 34.4871, 43.4204, 32.1052, 22.456, 34.4808, 33.5289, 31.7033, 43.6479, 26.6305, 43.575, 44.4823, 40.9822, 41.3868, 34.8789, 38.5514};