name="jSO CEC17";
dim=30;
bound=0;
testID=21;
(*--------*)
min=206.233;
max=213.042;
median=209.364;
mean=209.4174509803922;
std=1.736169453869355;
(*--------*)
data={210.292, 208.564, 206.834, 207.633, 208.383, 210.292, 208.413, 208.999, 210.538, 207.843, 211.337, 210.525, 209.185, 206.465, 211.39, 213.042, 210.956, 212.776, 207.755, 208.094, 207.813, 210.367, 208.466, 206.233, 206.327, 206.598, 208.775, 209.04, 210.482, 210.194, 212.473, 211.04, 210.228, 210.259, 207.603, 209.679, 211.351, 208.603, 210.141, 209.176, 210.804, 209.415, 209.364, 211.582, 209.336, 209.297, 206.663, 211.191, 207.158, 211.706, 209.61};