name="jSO CEC17";
dim=30;
bound=3;
testID=5;
(*--------*)
min=5.96976;
max=13.9295;
median=9.9496;
mean=9.920325098039218;
std=1.8062607046064783;
(*--------*)
data={6.96471, 9.95022, 8.95558, 7.9999, 12.9388, 9.95077, 10.2684, 8.95481, 8.95511, 7.96305, 8.95466, 9.95015, 12.9345, 9.9496, 10.9468, 12.9458, 8.95485, 11.9666, 11.9581, 8.95488, 9.94959, 11.9798, 10.9445, 9.94967, 10.9719, 8.03868, 13.1711, 7.95968, 5.97002, 9.95043, 5.96976, 8.95463, 11.9407, 9.9496, 8.95464, 9.94976, 11.9395, 7.95987, 7.95979, 8.95688, 11.9395, 10.9635, 13.9295, 9.01699, 7.96135, 11.1906, 9.94959, 10.1474, 9.10122, 10.9445, 8.95464};