name="jSO CEC17";
dim=30;
bound=3;
testID=21;
(*--------*)
min=204.343;
max=213.222;
median=209.583;
mean=209.38425490196073;
std=1.7137970106536815;
(*--------*)
data={206.677, 209.184, 209.123, 209.418, 210.675, 208.755, 208.923, 209.304, 212.594, 207.873, 211.063, 210.286, 206.981, 208.337, 210.653, 210.445, 206.628, 209.595, 210.203, 209.583, 210.043, 207.949, 206.852, 209.444, 211.257, 209.04, 204.343, 210.67, 208.305, 207.155, 212.619, 210.831, 209.659, 208.395, 206.642, 209.293, 210.883, 211.156, 209.932, 208.628, 210.565, 207.694, 207.6, 211.767, 208.753, 209.759, 209.736, 209.891, 210.209, 213.222, 210.005};