name="jSO CEC17";
dim=30;
bound=4;
testID=18;
(*--------*)
min=20.4489;
max=21.6832;
median=20.636;
mean=20.77898823529412;
std=0.3567527158394502;
(*--------*)
data={20.8973, 20.7331, 20.6114, 20.5923, 20.793, 20.69, 21.6302, 20.6067, 21.6079, 21.6832, 20.5508, 20.7651, 20.5316, 20.6429, 20.6317, 20.5867, 20.6112, 20.6189, 20.5563, 20.6332, 21.4374, 20.5023, 20.5843, 20.8613, 21.5753, 20.5767, 20.6444, 20.4489, 20.7032, 20.6731, 20.7243, 20.5954, 20.7089, 20.6435, 20.5996, 20.636, 20.5942, 20.5046, 21.4894, 20.6937, 20.5558, 20.6005, 21.622, 20.5051, 21.526, 20.6473, 20.6565, 20.5485, 20.6141, 20.5451, 20.7375};