name="jSO CEC17";
dim=30;
bound=2;
testID=13;
(*--------*)
min=0.0559568;
max=24.4131;
median=15.9057;
mean=14.574447741176469;
std=5.443668534101165;
(*--------*)
data={15.3586, 0.996585, 15.5077, 16.1443, 0.995116, 17.0317, 16.2361, 21.1186, 14.1671, 16.118, 24.4131, 15.055, 17.5809, 16.2766, 18.6866, 18.0543, 16.3994, 1.08515, 15.4786, 17.1845, 15.9057, 17.6946, 14.0339, 5.08292, 15.6456, 15.1103, 15.4301, 17.9069, 16.7484, 15.7436, 15.2373, 16.8153, 0.0559568, 16.4092, 15.6458, 0.115317, 13.8403, 14.1941, 20.0095, 17.8231, 14.3345, 5.49829, 17.7614, 15.6672, 17.1273, 18.6097, 16.9747, 16.7786, 15.5551, 16.4294, 15.2248};