name="jSO CEC17";
dim=30;
bound=2;
testID=20;
(*--------*)
min=6.54479;
max=47.3694;
median=31.4719;
mean=32.50503901960785;
std=8.287669468561655;
(*--------*)
data={37.39, 34.6554, 27.2011, 35.2114, 36.8022, 31.0575, 37.8191, 31.7173, 30.4641, 43.6706, 27.6312, 36.3681, 27.7316, 29.8958, 23.6447, 31.4719, 30.8472, 27.6037, 41.7771, 30.4843, 37.5777, 19.0572, 38.0674, 33.039, 13.4468, 46.3468, 27.7353, 43.0255, 29.2998, 29.5856, 29.6506, 30.0905, 14.5931, 24.6138, 45.2085, 40.3118, 32.5345, 27.2901, 30.6338, 43.0359, 27.3218, 43.0604, 47.3694, 38.5349, 30.67, 32.4285, 28.0153, 6.54479, 36.9947, 35.8764, 42.3528};