name="jSO CEC17";
dim=30;
bound=5;
testID=19;
(*--------*)
min=2.29147;
max=10.9444;
median=4.10841;
mean=4.554472745098041;
std=1.8721654754567805;
(*--------*)
data={10.9444, 4.31713, 3.47781, 3.10789, 4.59178, 6.51563, 2.77654, 3.27929, 5.28419, 4.89903, 3.29155, 2.91684, 3.08241, 3.14279, 4.99896, 7.82587, 3.41683, 5.64397, 2.51707, 3.42991, 7.13653, 3.86084, 2.96489, 3.92054, 5.90351, 3.25644, 7.23653, 2.8653, 2.82335, 4.75332, 2.29147, 5.36776, 4.41821, 5.36942, 9.99992, 3.40654, 2.99283, 3.26355, 4.10841, 4.60229, 3.24413, 6.39262, 6.03098, 8.01712, 4.32067, 5.64882, 4.53392, 3.42214, 3.17562, 4.51121, 2.97934};