name="jSO CEC17";
dim=30;
bound=4;
testID=23;
(*--------*)
min=342.001;
max=362.398;
median=350.598;
mean=350.8166078431373;
std=3.804825205332997;
(*--------*)
data={346.928, 342.926, 350.575, 351.963, 352.042, 349.317, 348.397, 350.309, 352.438, 349.927, 352.846, 351.26, 354.803, 352.367, 352.423, 350.824, 357.057, 349.469, 352.155, 345.311, 348.412, 350.146, 347.923, 349.155, 346.681, 351.587, 352.386, 358.212, 347.314, 352.83, 346.635, 350.322, 347.532, 351.504, 353.583, 348.101, 349.786, 352.182, 352.08, 350.598, 354.35, 354.448, 343.646, 353.309, 342.001, 348.575, 349.512, 358.674, 362.398, 354.347, 350.081};