name="jSO CEC17";
dim=30;
bound=1;
testID=17;
(*--------*)
min=10.1392;
max=54.6166;
median=36.6452;
mean=36.0039156862745;
std=9.022532708998568;
(*--------*)
data={36.6111, 28.851, 49.0294, 40.0903, 40.8099, 41.1306, 31.3309, 19.9841, 32.7183, 27.6283, 27.6626, 50.5207, 34.0288, 24.4699, 36.6049, 22.4546, 35.7587, 32.7789, 39.3493, 39.7266, 36.6452, 30.3145, 54.6166, 38.2977, 39.5989, 44.5236, 43.5727, 38.3962, 42.0863, 36.5347, 34.6308, 39.8514, 45.4271, 34.8378, 28.4533, 10.1392, 40.7769, 47.988, 40.2438, 17.2439, 41.7091, 38.8268, 13.7661, 35.0774, 45.5291, 39.8591, 47.2316, 28.7891, 33.4862, 40.6259, 35.5818};