name="jSO CEC17";
dim=30;
bound=0;
testID=18;
(*--------*)
min=20.4988;
max=21.6816;
median=20.6683;
mean=20.792074509803918;
std=0.35485829219176357;
(*--------*)
data={21.6731, 20.5768, 20.6066, 20.5961, 20.7781, 20.6528, 20.7013, 20.899, 20.7001, 20.7437, 20.6702, 20.6752, 20.6871, 20.6607, 21.6816, 20.7113, 20.5893, 20.6759, 21.6433, 20.4988, 20.7033, 21.6748, 20.7178, 20.5195, 20.6859, 20.6845, 20.5316, 20.5988, 20.5973, 20.6011, 20.6989, 20.6455, 20.6683, 21.6665, 20.577, 21.5912, 20.7039, 20.6419, 20.6604, 20.6364, 20.6508, 20.5921, 20.5624, 20.6588, 20.5943, 21.6597, 20.6161, 20.776, 20.6511, 20.6497, 20.7592};