name="jSO CEC17";
dim=30;
bound=5;
testID=10;
(*--------*)
min=911.51;
max=2016.18;
median=1575.61;
mean=1569.269450980392;
std=245.0288414423342;
(*--------*)
data={1431.79, 1675.93, 1448.54, 1260.32, 1732.91, 1331.03, 1430.59, 1558.34, 1638.69, 1455.65, 1880.07, 1629.92, 1413.09, 1662.68, 1421.12, 1623.12, 1461.08, 1341.1, 1864.13, 1811.14, 1673.09, 1879.28, 1704.17, 1439.86, 911.51, 1352.14, 1503, 1406.45, 947.332, 1575.61, 1672.32, 1489.35, 1568.98, 1900.58, 2016.18, 1644.24, 1980.58, 1717.53, 1543.5, 1778.86, 1533.96, 1568.11, 1649.64, 1920.21, 1233.35, 1625.19, 932.58, 1772.5, 1795.33, 1707.63, 1518.44};