name="jSO CEC17";
dim=30;
bound=5;
testID=5;
(*--------*)
min=5.00615;
max=12.9381;
median=8.95472;
mean=8.671896470588235;
std=1.7817613288718817;
(*--------*)
data={9.9496, 8.95463, 8.12865, 5.96984, 8.95561, 5.96981, 8.95475, 10.9448, 8.96372, 6.96471, 6.97364, 6.98885, 7.95982, 9.94959, 9.94976, 7.95969, 8.96772, 9.95642, 7.96241, 10.9446, 5.97195, 8.95463, 11.9706, 12.9345, 7.96009, 5.96975, 8.95475, 9.0875, 9.95155, 8.95472, 9.94961, 8.9728, 5.9698, 9.94959, 9.9499, 5.9699, 8.95477, 7.97143, 12.9381, 7.96115, 7.9597, 7.95968, 6.96863, 8.95503, 7.97582, 11.9395, 9.95524, 7.95979, 8.95561, 5.00615, 7.96586};