name="jSO CEC17";
dim=30;
bound=5;
testID=17;
(*--------*)
min=13.7636;
max=51.0774;
median=36.2872;
mean=34.209729411764705;
std=7.778518768564981;
(*--------*)
data={38.8022, 27.1324, 41.5569, 45.0561, 17.5324, 28.8866, 38.4536, 35.7248, 30.5976, 41.6871, 34.3805, 13.7636, 35.6879, 28.2103, 13.8634, 30.8548, 20.7713, 36.2872, 39.2562, 35.6946, 30.6508, 37.0004, 23.9255, 51.0774, 41.2438, 38.9218, 39.9131, 20.1714, 39.5804, 37.8985, 40.3992, 34.3335, 38.2015, 39.0008, 30.8085, 22.0821, 43.3123, 36.4481, 41.3189, 38.6454, 33.9386, 29.8222, 38.4411, 31.6468, 34.5909, 37.5838, 38.5567, 39.3542, 28.7674, 37.8591, 35.0025};