name="jSO CEC17";
dim=30;
bound=3;
testID=20;
(*--------*)
min=12.2912;
max=150.619;
median=36.6455;
mean=38.12659215686274;
std=18.431002413638204;
(*--------*)
data={28.5656, 46.1965, 34.9378, 32.091, 35.9374, 36.6455, 40.1887, 27.0531, 31.7195, 12.2912, 25.6784, 150.619, 32.7532, 39.6308, 45.3977, 29.6233, 42.0119, 42.7744, 23.1468, 30.5708, 41.3153, 37.1313, 18.844, 44.5669, 29.763, 55.67, 39.8736, 37.4488, 31.4979, 33.6123, 40.9952, 22.2011, 36.883, 51.4096, 36.4736, 37.6752, 57.9862, 42.5709, 41.6097, 21.7301, 35.2251, 36.8353, 35.4493, 16.0647, 39.4029, 36.5957, 31.6218, 35.7063, 43.3321, 45.1906, 41.9421};