name="jSO CEC17";
dim=30;
bound=2;
testID=30;
(*--------*)
min=1955.44;
max=2067.28;
median=1986.36;
mean=1985.9113725490201;
std=19.457924865679587;
(*--------*)
data={1988.57, 1981.97, 2067.28, 1988.26, 1956.04, 1985.11, 1981.16, 2017.06, 1989.7, 1955.74, 1988.02, 1982.05, 1972.58, 2019.83, 1981.84, 1988.34, 1988.3, 1983.78, 1990.97, 1981.87, 1988.33, 1988.52, 1982.59, 1969.93, 1985.07, 1988.23, 1988.36, 1955.7, 1981.32, 1988.39, 1988.3, 1981.07, 2015.92, 1955.77, 1981.22, 1988.73, 1955.55, 1986.36, 1988.31, 1955.44, 1981.76, 1981.94, 1988.05, 1988.66, 1994.97, 2016.05, 1955.78, 1982.82, 1982.08, 1988.42, 2019.37};