name="jSO CEC17";
dim=30;
bound=0;
testID=10;
(*--------*)
min=848.862;
max=1991.1;
median=1488.16;
mean=1480.8943529411765;
std=250.1003973094664;
(*--------*)
data={1136.13, 1488.16, 1292, 1419.48, 1127.49, 1623.76, 1464.2, 1713.22, 1459.31, 1094.25, 1638.37, 1232.47, 1126.67, 848.862, 1670.26, 1809.24, 1673.07, 1809.91, 1324.98, 1664.28, 1626.36, 1365.51, 1233.62, 1682.29, 1365.73, 1065.19, 1208.08, 1618.15, 1656.76, 1361.08, 1772.63, 1795.52, 1410.73, 1284.65, 1632.62, 1590.25, 1804.13, 1436.61, 1574.99, 1577.95, 1182.34, 1422.06, 1687.32, 1523.68, 1769.37, 1991.1, 1126.77, 1764.9, 1250.12, 1392.04, 1736.95};