name="jSO CEC17";
dim=30;
bound=4;
testID=21;
(*--------*)
min=204.451;
max=214.578;
median=209.582;
mean=209.62949019607842;
std=1.6701921371213442;
(*--------*)
data={209.288, 209.678, 208.467, 209.512, 208.65, 209.839, 209.326, 208.699, 209.387, 209.582, 209.216, 214.578, 212.246, 210.283, 212.393, 209.96, 212.002, 210.412, 204.451, 207.813, 208.031, 206.953, 210.179, 209.308, 211.209, 211.442, 209.309, 210.17, 209.585, 208.38, 211.042, 208.904, 208.691, 207.621, 210.213, 209.879, 210.042, 211.118, 210.365, 206.347, 210.269, 208.852, 209.132, 210.163, 211.675, 211.919, 209.304, 210.237, 209.358, 208.91, 206.715};