name="jSO CEC17";
dim=30;
bound=5;
testID=25;
(*--------*)
min=386.688;
max=386.726;
median=386.695;
mean=386.69860784313715;
std=0.009009058622023407;
(*--------*)
data={386.704, 386.696, 386.691, 386.691, 386.692, 386.691, 386.695, 386.718, 386.691, 386.712, 386.704, 386.693, 386.704, 386.704, 386.691, 386.693, 386.701, 386.691, 386.691, 386.707, 386.699, 386.692, 386.707, 386.708, 386.691, 386.691, 386.712, 386.688, 386.693, 386.704, 386.695, 386.691, 386.696, 386.703, 386.693, 386.693, 386.718, 386.693, 386.691, 386.688, 386.706, 386.701, 386.726, 386.712, 386.693, 386.702, 386.688, 386.693, 386.71, 386.701, 386.691};