name="jSO CEC17";
dim=30;
bound=3;
testID=10;
(*--------*)
min=1226.25;
max=2119.59;
median=1731.07;
mean=1726.1494117647064;
std=199.9410981605509;
(*--------*)
data={1388.17, 1403.52, 2005.94, 1510.23, 1520.14, 1570.43, 1475.85, 1760.71, 1715.34, 2086.36, 1666.28, 1789.1, 1705.25, 1457.75, 2119.59, 1992.34, 1565.56, 1439.72, 1660.09, 1226.25, 1707.02, 1830.23, 1759.76, 1751.54, 1860.14, 1968.19, 2083.93, 1689.22, 2024.91, 1591.09, 1902.67, 1731.07, 1589.2, 1904.82, 1818.44, 1906.4, 1608.97, 1624.7, 1786.84, 1772.96, 1905.66, 1805.96, 1922.75, 1614.41, 1832.53, 1789.28, 1497.51, 1558.75, 1914.26, 1633.21, 1588.58};