name="jSO CEC17";
dim=30;
bound=3;
testID=14;
(*--------*)
min=2.87266;
max=25.1495;
median=22.4024;
mean=22.19135607843137;
std=3.008762124127515;
(*--------*)
data={23.353, 22.0188, 22.3188, 23.1881, 22.4857, 21.4158, 21.4437, 23.1261, 25.1495, 24.2174, 24.5449, 22.3095, 23.1808, 21.2141, 21.3341, 23.0902, 23.099, 21.1722, 23.5837, 22.0563, 22.305, 21.4464, 2.87266, 22.3558, 20.8953, 23.5348, 21.1459, 22.0644, 22.9174, 20.0745, 22.4024, 22.0249, 21.1007, 23.5361, 23.0873, 24.0786, 22.5997, 21.214, 24.04, 24.3911, 21.9562, 23.3172, 23.1029, 24.2802, 23.1581, 21.3613, 22.1786, 20.1574, 21.5179, 25.0737, 23.267};