name="jSO CEC17";
dim=30;
bound=5;
testID=8;
(*--------*)
min=4.97499;
max=14.042;
median=9.95035;
mean=9.524194117647056;
std=1.9853375907207078;
(*--------*)
data={9.94961, 9.95192, 7.95998, 7.01367, 14.042, 11.9406, 12.1713, 9.95817, 11.3189, 11.9395, 10.9499, 5.97663, 5.96975, 11.9781, 10.9446, 6.97047, 9.9506, 10.9474, 6.97211, 9.95699, 10.9473, 9.94959, 9.95039, 10.9474, 6.96471, 8.95463, 9.94963, 9.12289, 9.95825, 11.5449, 8.95515, 8.98417, 6.96573, 7.98434, 9.95035, 13.9299, 10.9517, 6.96495, 7.95968, 7.95968, 8.95466, 11.0694, 7.95974, 10.9446, 8.96048, 4.97499, 9.96202, 10.9677, 8.96238, 7.23484, 9.98555};