name="jSO CEC17";
dim=30;
bound=1;
testID=29;
(*--------*)
min=334.487;
max=459.534;
median=433.528;
mean=428.79309803921575;
std=23.23376498482749;
(*--------*)
data={425.484, 437.064, 442.326, 438.764, 432.083, 353.855, 422.951, 437.626, 434.924, 429.2, 451.742, 425.95, 438.01, 425.793, 441.858, 456.338, 446.307, 447.477, 360.861, 428.855, 438.221, 433.528, 434.672, 444.307, 426.312, 439, 444.748, 434.479, 420.017, 442.769, 400.809, 441.863, 445.036, 429.614, 413.102, 444.69, 423.922, 445.857, 334.487, 417.927, 433.023, 459.534, 437.6, 426.438, 424.402, 401.622, 427.807, 426.082, 438.449, 427.744, 432.919};