name="jSO CEC17";
dim=30;
bound=1;
testID=21;
(*--------*)
min=203.415;
max=214.809;
median=208.81;
mean=208.5342352941176;
std=2.1133530191450314;
(*--------*)
data={203.415, 210.457, 214.809, 208.206, 211.454, 207.907, 209.794, 208.81, 209.337, 206.814, 210.326, 205.941, 210.699, 210.387, 209.26, 206.304, 210.971, 205.651, 209.796, 209.561, 205.414, 207.187, 206.388, 208.247, 210.604, 209.447, 210.845, 208.863, 208.946, 206.822, 205.384, 209.467, 208.432, 206.64, 209.731, 206.355, 207.56, 209.609, 209.974, 211.502, 210.186, 208.512, 204.963, 208.704, 205.032, 206.559, 209.535, 209.934, 208.659, 207.462, 208.384};