name="jSO CEC17";
dim=30;
bound=3;
testID=4;
(*--------*)
min=58.5616;
max=67.8974;
median=58.5616;
mean=60.05190196078432;
std=2.6240774709211774;
(*--------*)
data={64.1174, 58.5616, 58.5616, 58.5616, 58.5616, 58.5616, 58.5616, 58.5616, 64.1174, 64.1174, 58.5616, 58.5616, 64.1174, 58.5616, 58.5616, 58.5616, 64.1174, 58.5616, 64.1174, 64.1174, 58.5616, 58.5616, 58.5616, 58.5616, 64.1174, 58.5616, 58.5616, 58.5616, 58.5616, 58.5616, 64.1174, 64.1174, 58.5616, 58.5616, 67.8974, 64.1174, 58.5616, 58.5616, 64.1174, 58.5616, 58.5616, 58.5616, 58.5616, 58.5616, 58.5616, 58.5616, 58.5616, 58.5616, 58.5616, 58.5616, 58.5616};