name="jSO CEC17";
dim=30;
bound=0;
testID=27;
(*--------*)
min=480.644;
max=508.639;
median=493.666;
mean=495.0376078431371;
std=7.196442863188538;
(*--------*)
data={490.919, 491.748, 486.732, 493.666, 493.24, 484.066, 493.364, 505.731, 502.713, 491.511, 502.965, 480.644, 492.85, 488.341, 502.848, 495.89, 507.795, 506.93, 484.639, 505.931, 491.491, 490.802, 488.96, 505.693, 508.639, 494.066, 491.379, 488.289, 501.131, 497.583, 493.725, 497.286, 482.226, 502.224, 491.415, 501.121, 490.05, 493.938, 492.264, 495.741, 508.433, 496.033, 502.258, 489.602, 494.77, 486.513, 492.906, 502.566, 493.035, 494.689, 485.567};