name="jSO CEC17";
dim=30;
bound=0;
testID=7;
(*--------*)
min=35.067;
max=42.7681;
median=38.851;
mean=38.594794117647055;
std=1.6119313984672874;
(*--------*)
data={39.3186, 37.9411, 35.9627, 41.7948, 37.7402, 36.9104, 37.379, 39.2057, 39.4417, 39.4102, 40.5528, 37.8449, 40.7459, 40.4998, 37.9128, 42.7681, 39.4546, 38.1883, 39.3033, 37.1837, 38.4429, 38.2958, 39.21, 36.8824, 39.3509, 37.2746, 35.677, 38.5456, 38.851, 39.1056, 37.2707, 35.067, 40.2024, 38.8532, 37.1539, 39.4047, 39.7276, 39.1486, 37.0491, 39.6493, 36.0427, 37.003, 36.7924, 39.2029, 38.7235, 37.4912, 37.1883, 40.0693, 41.8265, 40.3928, 38.881};