name="jSO CEC17";
dim=30;
bound=4;
testID=24;
(*--------*)
min=422.124;
max=433.668;
median=425.789;
mean=425.94823529411764;
std=2.2605455765211637;
(*--------*)
data={423.344, 424.422, 425.789, 427.014, 426.657, 429.261, 422.957, 426.771, 424.536, 425.813, 423.392, 426.082, 425.3, 427.401, 425.133, 427.827, 425.835, 424.103, 423.532, 425.929, 428.628, 427.709, 426.084, 423.462, 424.374, 423.247, 426.608, 422.124, 433.668, 425.753, 427.558, 426.258, 424.391, 425.66, 424.981, 422.171, 423.715, 425.632, 422.975, 428.674, 424.165, 425.717, 426.841, 425.498, 427.647, 430.056, 430.301, 429.152, 426.676, 427.481, 425.056};