name="jSO CEC17";
dim=30;
bound=1;
testID=11;
(*--------*)
min=0;
max=61.9918;
median=3.98662;
mean=14.507344982023039;
std=23.31626208820731;
(*--------*)
data={59.9791, 2.52548, 2.98488, 4.98158, 6.05883, 0, 61.9695, 3.98662, 61.9918, 6.54652, 5.313, 3.98662, 1.98992, 3.43494, 4.98158, 0.994959, 60.9741, 3.98662, 0.994959, 3.83175*^-7, 1.04339, 3.90955, 4.01434, 2.15367, 6.00587, 3.97984, 6.01229, 1.98992, 1.9901, 1.98992, 2.26351, 5.97654, 3.04003, 60.9741, 59.9791, 0, 60.9741, 3.97984, 0.994999, 60.9741, 0.0488967, 5.97659, 60.9744, 0, 61.9692, 7.81463, 3.98662, 0.994959, 0.997521, 7.18556, 0};