name="jSO CEC17";
dim=30;
bound=0;
testID=12;
(*--------*)
min=3.93315;
max=448.005;
median=135.307;
mean=173.54470176470585;
std=122.04177743305978;
(*--------*)
data={7.79691, 244.465, 320.425, 126.096, 343.167, 135.377, 135.377, 129.829, 144.882, 7.65813, 448.005, 362.765, 355.593, 138.963, 130.116, 353.935, 422.134, 16.8688, 139.101, 126.027, 133.477, 138.963, 126.599, 133.408, 126.305, 224.728, 350.547, 138.963, 244.968, 126.166, 3.93315, 7.65813, 240.879, 142.688, 133.477, 4.07194, 251.915, 248.19, 11.3137, 245.037, 126.096, 367.062, 126.166, 130.324, 126.166, 14.9693, 129.909, 135.307, 431.414, 7.58873, 133.91};