name="jSO CEC17";
dim=30;
bound=3;
testID=8;
(*--------*)
min=7.95967;
max=15.0837;
median=10.4238;
mean=10.425088823529412;
std=1.7567244374729318;
(*--------*)
data={7.9609, 9.97821, 10.4238, 8.95469, 10.9446, 10.9446, 9.97882, 9.95004, 9.32044, 8.09155, 8.95499, 10.9448, 12.9723, 10.0213, 12.9345, 10.9446, 13.1557, 8.95465, 8.95463, 10.9927, 10.9586, 10.9459, 9.9538, 9.99739, 7.95967, 10.9475, 9.96735, 8.95471, 9.96062, 10.9452, 15.0837, 14.3576, 8.95471, 10.9446, 9.95378, 7.96575, 10.9569, 7.96418, 10.9572, 10.9588, 7.97019, 10.9448, 12.9347, 10.9466, 7.95976, 14.0754, 11.9529, 11.9728, 8.95469, 11.9422, 7.95971};