name="jSO CEC17";
dim=30;
bound=3;
testID=25;
(*--------*)
min=386.688;
max=386.747;
median=386.698;
mean=386.7011960784314;
std=0.012041627145607213;
(*--------*)
data={386.707, 386.698, 386.727, 386.691, 386.688, 386.704, 386.701, 386.727, 386.693, 386.699, 386.695, 386.712, 386.704, 386.696, 386.701, 386.712, 386.694, 386.688, 386.701, 386.704, 386.719, 386.696, 386.693, 386.691, 386.707, 386.691, 386.695, 386.693, 386.691, 386.704, 386.691, 386.688, 386.699, 386.712, 386.706, 386.72, 386.704, 386.696, 386.691, 386.693, 386.699, 386.712, 386.693, 386.723, 386.701, 386.695, 386.692, 386.747, 386.693, 386.693, 386.691};