name="jSO CEC17";
dim=30;
bound=2;
testID=7;
(*--------*)
min=34.4459;
max=43.4177;
median=38.7191;
mean=38.61624705882352;
std=2.0988656068793863;
(*--------*)
data={39.7781, 35.7536, 35.8349, 38.7191, 37.5462, 38.3821, 37.4102, 37.2955, 37.8287, 40.0545, 36.3395, 35.1224, 39.2839, 36.9209, 38.2425, 40.5805, 37.165, 39.4768, 38.7832, 39.0105, 41.3231, 36.0399, 38.6592, 40.0624, 40.0684, 39.1747, 41.0171, 42.703, 36.2711, 35.5235, 38.9307, 35.9992, 35.0916, 40.1262, 39.5733, 40.9845, 39.2122, 34.4459, 41.1923, 42.6804, 37.5565, 39.3615, 40.5115, 37.9237, 41.8035, 37.3761, 37.5908, 39.2495, 38.4543, 37.5767, 43.4177};