name="jSO CEC17";
dim=30;
bound=4;
testID=13;
(*--------*)
min=1.00296;
max=24.2977;
median=16.974;
mean=16.356317843137262;
std=5.117980761734578;
(*--------*)
data={17.097, 24.0605, 24.2977, 17.7358, 4.57364, 16.7173, 15.9591, 1.651, 19.9957, 16.6072, 2.64518, 18.0346, 18.4804, 23.2512, 15.0915, 19.9679, 20.8507, 15.6885, 16.974, 16.9722, 16.6906, 17.6365, 16.8495, 16.176, 16.2386, 17.2944, 17.6, 18.034, 14.5676, 17.4204, 15.5042, 17.6901, 19.1082, 18.4278, 15.8645, 18.5886, 15.9279, 15.1734, 19.0135, 22.6093, 16.6069, 18.99, 19.7082, 15.0991, 13.7177, 16.8704, 19.3265, 3.29873, 1.00296, 16.1131, 20.3724};