name="jSO CEC17";
dim=30;
bound=5;
testID=30;
(*--------*)
min=1954.94;
max=2001.42;
median=1970.61;
mean=1971.6099999999997;
std=10.655976539013219;
(*--------*)
data={1970.99, 1971.58, 1956.29, 1970.69, 1955.6, 1967.7, 1970.37, 1954.94, 1971.31, 1970.68, 1970.89, 1970.69, 1970.48, 1970.78, 1970.42, 1970.61, 1988.81, 1970.99, 1987.93, 1955.74, 1970.71, 1970.53, 1970.57, 2001.42, 1967.33, 1970.89, 1970.63, 1970.66, 1970.55, 1970.48, 1981.1, 1955.06, 1955.59, 1955.5, 1970.47, 1970.4, 1969.42, 1955.27, 1988.07, 1988.42, 1970.8, 1987.98, 1970.5, 1969.63, 1970.66, 1970.76, 2001.08, 1970.39, 1988.88, 1970.36, 1970.51};