name="jSO CEC17";
dim=30;
bound=2;
testID=21;
(*--------*)
min=205.237;
max=213.9;
median=210.398;
mean=210.10721568627451;
std=1.804520238885954;
(*--------*)
data={210.586, 207.636, 211.717, 209.901, 211.204, 208.595, 212.023, 211.11, 207.008, 210.31, 211.344, 205.237, 211.054, 208.76, 211.582, 210.635, 210.398, 210.955, 208.806, 208.173, 213.55, 211.039, 210.259, 210.372, 209.276, 213.9, 209.101, 207.552, 208.468, 210.694, 212.579, 212.702, 211.986, 207.797, 210.905, 207.627, 209.202, 212.378, 209.402, 211.706, 210.716, 206.859, 209.748, 208.789, 212.28, 208.714, 210.941, 210.777, 208.608, 210.757, 209.75};