name="jSO CEC17";
dim=30;
bound=1;
testID=10;
(*--------*)
min=835.809;
max=2098.75;
median=1582.36;
mean=1579.2207647058822;
std=280.52864239471796;
(*--------*)
data={1536.65, 1643.6, 1591.94, 1450.72, 1266.95, 1661.88, 1994.67, 1390.28, 1871.33, 1145.26, 1680.87, 1819.42, 1463.74, 1945.2, 1473.81, 1376.58, 1915.97, 2098.75, 1515.41, 1189.66, 1602.04, 1448.97, 1914.13, 1809.54, 1617.62, 1329.05, 1973.92, 1910.43, 1724.64, 1545.78, 1815.7, 1500.88, 1995.64, 1042.07, 1888.58, 1582.36, 1373.37, 1469.28, 1349.55, 1395.51, 1656.26, 1705.48, 1208, 1305.15, 1776.93, 1171.96, 1392.8, 835.809, 1734.87, 1975.91, 1455.34};