name="jSO CEC17";
dim=30;
bound=3;
testID=19;
(*--------*)
min=2.10316;
max=11.7232;
median=3.37571;
mean=3.9303547058823525;
std=1.826468801889978;
(*--------*)
data={4.90688, 2.94784, 3.32641, 3.10586, 5.28896, 2.7113, 3.38273, 3.04151, 4.84549, 4.91356, 2.16958, 3.67029, 4.01187, 3.3116, 2.47799, 2.95922, 4.3825, 2.72728, 3.56024, 6.0952, 3.44733, 11.7232, 5.35737, 2.75099, 2.81983, 2.45701, 3.24865, 4.41858, 3.07788, 2.65106, 4.98594, 2.26378, 3.37571, 3.82844, 2.86139, 9.02096, 3.49477, 7.86752, 2.90498, 3.63869, 4.79092, 4.3153, 2.95493, 2.29912, 2.64194, 2.3736, 3.23197, 7.49843, 3.67495, 4.53338, 2.10316};