name="jSO CEC17";
dim=30;
bound=1;
testID=19;
(*--------*)
min=2.2654;
max=9.22794;
median=4.07383;
mean=4.5359766666666665;
std=1.6567822890418245;
(*--------*)
data={3.66105, 3.52029, 3.89414, 4.33958, 2.93923, 7.8342, 6.05508, 4.07383, 6.92003, 2.2654, 5.37672, 3.01126, 5.12359, 6.20507, 4.92553, 5.91256, 5.79743, 2.47752, 2.41597, 4.91879, 3.68458, 3.16128, 3.83607, 4.91161, 8.82102, 2.93115, 5.59575, 8.79606, 4.16446, 3.43883, 3.51001, 3.11474, 3.35547, 5.85735, 4.79798, 2.71952, 3.48584, 2.97884, 3.88255, 4.71243, 3.66964, 5.21336, 3.11679, 3.89488, 4.37522, 3.91627, 9.22794, 6.11484, 4.95828, 2.97652, 4.44826};