name="jSO CEC17";
dim=30;
bound=4;
testID=11;
(*--------*)
min=0;
max=60.9783;
median=1.98992;
mean=4.785640909803922;
std=11.541108687294273;
(*--------*)
data={60.9783, 3.98662, 0.994959, 1.98992, 0.0373574, 0, 59.9791, 0.421805, 3.97984, 2.07424, 0.994959, 4.98158, 0.994959, 4.98158, 1.49632, 4.39132, 4.98158, 3.42075, 1.98992, 0.994959, 2.98488, 4.98158, 1.98992, 1.87799, 1.07695, 1.98992, 1.25958, 0.997502, 0.469168, 1.98992, 5.51128, 5.00734, 1.98992, 0.32511, 0, 0.425045, 4.10317, 1.19672, 0.99513, 3.25787, 0.978296, 0.580082, 7.31948, 0, 0.487345, 4.98158, 5.7389, 5.97668, 2.02994, 2.47444, 7.40188};