name="jSO CEC17";
dim=30;
bound=4;
testID=17;
(*--------*)
min=11.8103;
max=50.0964;
median=34.8415;
mean=34.75718627450981;
std=6.838477859963271;
(*--------*)
data={37.5244, 34.1729, 38.4922, 27.5677, 33.9703, 26.0845, 34.1241, 33.2496, 42.9628, 36.2413, 37.6562, 34.0434, 40.9008, 31.8586, 35.6819, 24.8676, 34.9909, 28.6968, 22.387, 29.2452, 50.0964, 32.7011, 43.1513, 37.7144, 31.7087, 30.3793, 36.3944, 38.0272, 11.8103, 34.4494, 40.9463, 35.1778, 34.5695, 43.1958, 24.8588, 32.0983, 37.9056, 31.4164, 29.4798, 40.7167, 40.3682, 41.2152, 38.7405, 34.8415, 30.1483, 22.3037, 34.411, 35.6506, 44.4599, 46.3068, 42.6551};