name="jSO CEC17";
dim=30;
bound=0;
testID=30;
(*--------*)
min=1954.93;
max=2024.54;
median=1970.42;
mean=1969.0031372549017;
std=14.38214552703401;
(*--------*)
data={1967.58, 1967.28, 1970.87, 1970.81, 1969.41, 1955.77, 1955.88, 2024.54, 2002.4, 1970.72, 1970.84, 1987.88, 1970.66, 1955.79, 1967.43, 1970.47, 2002.27, 1955.71, 1970.74, 1970.77, 1970.82, 1955.61, 1955.92, 2002.42, 1955.56, 1972.78, 1955.81, 1955.62, 1970.57, 1954.98, 1969.65, 1970.35, 1967.46, 1970.33, 1970.59, 1970.96, 1971.24, 1955.72, 1989.15, 1955.15, 1970.44, 1970.49, 1955.38, 1955.23, 1956.04, 1971.01, 1954.93, 1970.62, 1955.49, 1970.6, 1970.42};