name="jSO CEC17";
dim=30;
bound=2;
testID=11;
(*--------*)
min=0;
max=6.81074;
median=1.78935;
mean=2.4181842437843137;
std=2.0471306750218656;
(*--------*)
data={2.92947, 0.000217833, 3.98662, 2.30311, 1.01299, 5.57639, 5.97654, 6.17786, 2.68607, 1.67761, 0.0417696, 5.79998, 1.4568, 1.35227, 1.02048, 2.52819, 1.44567, 1.78935, 0.994959, 6.81074, 1.98992, 5.38071, 0.232818, 5.87044, 5.97654, 0.994959, 0, 4.10127, 2.00672, 5.97654, 1.17287, 0.375557, 0.133725, 1.99646, 0.994959, 3.9914, 0.994539, 2.98493, 0.094379, 4.98158, 0, 1.98992, 1.1856, 0.246986, 2.65677, 1.45591, 0.994959, 1.01339, 1.98992, 0.994959, 4.98158};