name="jSO CEC17";
dim=30;
bound=0;
testID=15;
(*--------*)
min=0.335601;
max=3.48049;
median=0.8041;
mean=1.1661076862745097;
std=0.7828419250965674;
(*--------*)
data={2.5517, 0.8041, 2.36408, 1.53215, 0.682184, 0.809531, 0.423346, 1.5772, 1.80154, 1.66645, 1.75664, 0.66194, 2.45564, 1.38603, 0.552816, 0.842212, 0.455438, 2.03425, 0.493239, 1.50516, 2.12036, 0.732094, 0.572421, 0.356431, 0.476494, 1.40849, 1.98883, 2.63278, 0.469576, 0.878379, 0.607491, 0.413464, 2.60613, 1.53263, 1.55659, 0.760307, 1.45128, 0.522843, 0.335601, 3.48049, 0.43986, 0.713794, 0.651989, 0.440866, 0.586663, 0.917773, 2.25909, 0.744544, 0.473224, 0.454413, 0.530949};