name="jSO CEC17";
dim=30;
bound=0;
testID=16;
(*--------*)
min=8.038;
max=352.082;
median=24.5274;
mean=67.9614505882353;
std=86.44234599754103;
(*--------*)
data={237.047, 18.2811, 137.056, 129.347, 240.569, 25.8338, 232.246, 16.7057, 27.9339, 144.746, 13.8463, 22.1974, 143.919, 25.6478, 21.4405, 14.0444, 8.038, 31.0307, 17.7942, 17.6982, 24.5274, 14.4167, 24.7277, 240.389, 162.883, 33.2782, 13.7935, 11.2373, 36.9149, 25.4489, 18.0366, 38.0265, 352.082, 154.001, 13.9002, 56.6589, 14.6643, 15.9852, 21.8345, 17.8715, 30.7273, 234.738, 30.5403, 14.5424, 21.3766, 8.95488, 21.1022, 18.1806, 16.4002, 16.8962, 236.476};