name="jSO CEC17";
dim=30;
bound=4;
testID=20;
(*--------*)
min=9.09749;
max=47.5552;
median=29.9596;
mean=29.53838019607843;
std=8.070586553452108;
(*--------*)
data={30.416, 32.6678, 36.686, 19.1463, 33.793, 31.8256, 11.6764, 33.4701, 44.2901, 15.0486, 27.7276, 12.6065, 31.9063, 36.5097, 35.0018, 27.5837, 24.3784, 31.5664, 38.6192, 28.8237, 19.174, 29.7722, 25.9274, 29.9596, 9.09749, 36.4017, 28.2853, 23.3659, 23.0476, 28.5009, 38.8836, 40.4306, 20.5746, 28.7822, 33.568, 28.257, 17.4894, 31.086, 34.3326, 35.9187, 31.046, 29.8843, 42.8165, 26.5302, 29.8711, 35.7373, 30.5373, 22.4608, 47.5552, 29.0508, 34.3699};