name="jSO CEC17";
dim=30;
bound=5;
testID=16;
(*--------*)
min=8.19502;
max=271.495;
median=21.8294;
mean=66.41308470588237;
std=78.47062705147395;
(*--------*)
data={30.3417, 30.8133, 156.923, 139.691, 22.2426, 14.2307, 14.3394, 18.1566, 25.2027, 18.0171, 14.8992, 153.042, 20.1848, 13.8857, 20.076, 17.4578, 26.0948, 29.2974, 21.6926, 38.7482, 243.579, 21.9098, 34.2223, 271.495, 8.19502, 123.508, 12.539, 15.3809, 18.148, 248.349, 21.8294, 8.81947, 14.6719, 21.5449, 231.305, 21.3577, 137.01, 18.2042, 17.8096, 24.8605, 135.262, 236.3, 164.685, 17.5677, 16.4472, 8.47117, 153.494, 149.116, 9.12296, 143.398, 13.128};