name="jSO CEC17";
dim=30;
bound=0;
testID=8;
(*--------*)
min=4.97486;
max=12.9706;
median=8.95723;
mean=9.224399999999997;
std=1.7448686613381534;
(*--------*)
data={8.95489, 10.9454, 6.98509, 10.0083, 9.96101, 6.96473, 12.9706, 8.95488, 8.95467, 5.97661, 10.9446, 7.95989, 7.97289, 7.9635, 10.9477, 12.9346, 8.05993, 11.9405, 9.9517, 8.95463, 8.95466, 7.96153, 10.9667, 9.03254, 11.9395, 10.0338, 10.9448, 9.36867, 9.01794, 8.95465, 8.95466, 7.96249, 5.9908, 7.95968, 6.96486, 11.004, 9.58376, 8.99962, 7.96067, 10.9938, 11.9752, 10.9446, 8.95723, 6.96499, 9.97213, 8.95463, 8.9769, 9.94959, 8.95466, 4.97486, 7.96436};