name="jSO CEC17";
dim=30;
bound=5;
testID=23;
(*--------*)
min=344.116;
max=358.01;
median=349.495;
mean=350.12350980392154;
std=3.382687602321848;
(*--------*)
data={354.186, 346.214, 349.411, 347.286, 344.116, 350.419, 347.146, 347.991, 353.058, 349.495, 350.505, 348.383, 354.59, 348.761, 350.375, 348.37, 345.809, 357.686, 350.722, 349.455, 352.072, 344.521, 353.384, 351.979, 352.975, 353.348, 348.254, 349.44, 345.019, 345.069, 345.806, 348.335, 349.529, 351.483, 354.759, 352.452, 348.461, 352.209, 351.421, 349.283, 346.769, 345.898, 353.383, 354.713, 352.334, 356.75, 349.968, 347.762, 358.01, 349.409, 347.526};