name="jSO CEC17";
dim=30;
bound=2;
testID=15;
(*--------*)
min=0.406716;
max=2.45391;
median=1.40304;
mean=1.1919076666666664;
std=0.636032805059194;
(*--------*)
data={1.71072, 0.582624, 0.603467, 0.511454, 1.94155, 0.477509, 1.48218, 2.45391, 2.28082, 1.83151, 1.39984, 0.431942, 0.814997, 0.515914, 1.54686, 1.57095, 1.40304, 1.68018, 1.59634, 0.446305, 1.45188, 0.430593, 1.511, 0.426307, 2.27142, 2.35098, 0.535652, 2.19053, 0.741436, 0.46716, 0.418047, 0.453268, 0.473943, 1.54994, 1.52148, 1.81565, 0.518942, 1.52717, 1.38904, 0.466929, 1.56297, 1.50961, 0.406716, 0.565848, 1.47663, 0.630851, 1.90401, 1.09289, 0.805187, 1.54729, 1.49181};