name="jSO CEC17";
dim=30;
bound=1;
testID=8;
(*--------*)
min=5.96975;
max=13.9388;
median=8.95478;
mean=8.703439999999999;
std=1.851786764651913;
(*--------*)
data={7.95968, 7.95976, 10.9461, 9.94959, 5.9705, 6.06118, 9.95325, 5.96975, 7.96001, 11.9566, 6.96492, 5.9698, 13.9388, 5.98521, 8.95466, 8.9575, 8.9556, 6.96473, 8.95467, 9.22548, 10.0696, 9.95004, 10.9474, 10.9447, 6.96474, 7.95968, 8.95559, 10.9446, 8.95527, 6.96472, 11.0303, 5.96995, 7.95975, 9.95446, 8.97611, 5.97447, 5.97474, 9.09854, 8.95472, 8.95478, 7.9909, 7.96567, 6.97317, 10.0576, 9.9496, 6.96471, 9.09689, 11.9518, 9.94959, 9.95094, 7.96262};