name="jSO CEC17";
dim=30;
bound=3;
testID=23;
(*--------*)
min=340.861;
max=355.991;
median=347.559;
mean=347.69654901960786;
std=3.503464698344914;
(*--------*)
data={348.323, 345.697, 348.424, 348.865, 351.61, 351.407, 345.685, 345.719, 348.491, 343.206, 346.309, 346.318, 348.598, 349.285, 355.991, 354.186, 340.95, 343.724, 349.797, 351.085, 345.162, 348.587, 348.581, 340.861, 350.847, 342.401, 350.179, 343.834, 348.535, 346.562, 351.237, 345.555, 352.205, 346.905, 355.016, 343.978, 346.373, 348.028, 343.095, 350.3, 349.28, 344.913, 345.691, 347.103, 344.943, 345.652, 352.021, 347.559, 343.984, 345.486, 353.981};