name="jSO CEC17";
dim=30;
bound=2;
testID=10;
(*--------*)
min=955.209;
max=2173.81;
median=1612.39;
mean=1605.8284117647058;
std=286.1511059671919;
(*--------*)
data={1528.99, 1713.46, 1954.96, 1999.7, 1687.3, 1498.94, 1388.68, 1612.39, 1400.14, 1254.84, 955.209, 1968.43, 1550.81, 1807.01, 1293.86, 2059.59, 1623.22, 1030.48, 1746.64, 1212.61, 1404.9, 1763.94, 1445.56, 1244.26, 2008.8, 1907.06, 1781.49, 1693.56, 1495.95, 1937.57, 1814.28, 1696.69, 1060.54, 1506.16, 1928.19, 1649.36, 1543.72, 1951.92, 1451.56, 2173.81, 1490, 1474.14, 1406.01, 1980.65, 1542.72, 1591.07, 1668.74, 1367.89, 1676.09, 1104.6, 1848.76};