name="jSO CEC17";
dim=30;
bound=1;
testID=5;
(*--------*)
min=3.97984;
max=12.9351;
median=8.95463;
mean=8.590192549019608;
std=1.865454255859246;
(*--------*)
data={6.96473, 7.00661, 9.95204, 8.98506, 5.97049, 11.9529, 9.9874, 9.97814, 7.99188, 6.0139, 10.9493, 5.97018, 8.9547, 3.97984, 4.97552, 9.46263, 9.95738, 6.96472, 7.95967, 8.95487, 9.94984, 6.96585, 11.9395, 7.95967, 6.96479, 8.05039, 8.95473, 12.0252, 5.97009, 7.01139, 12.9351, 10.0556, 9.94982, 9.99759, 7.95968, 8.95463, 8.96279, 6.96622, 7.95967, 7.96073, 8.96651, 7.95987, 7.95976, 7.96542, 6.97489, 9.95131, 9.96971, 7.97996, 8.97495, 10.9456, 10.0266};