name="jSO CEC17";
dim=30;
bound=4;
testID=8;
(*--------*)
min=2.98488;
max=13.2107;
median=8.95683;
mean=9.028549411764708;
std=2.2292107568979764;
(*--------*)
data={8.05794, 5.97008, 11.9395, 7.96079, 10.0584, 9.95082, 7.95967, 7.96175, 7.96166, 10.1625, 10.9462, 5.96986, 6.96471, 2.98488, 9.94961, 8.95464, 10.9446, 7.96004, 13.2107, 8.95605, 6.96505, 8.95683, 11.2165, 7.96926, 4.97532, 8.99965, 10.9455, 11.9403, 8.96888, 9.94959, 12.9345, 7.95972, 6.96719, 6.96536, 13.0745, 10.9779, 6.97384, 10.9458, 4.97496, 9.9549, 8.95503, 10.0864, 6.96503, 10.9588, 11.0946, 9.94994, 7.95971, 12.1407, 9.95142, 5.99821, 8.95623};