name="jSO CEC17";
dim=30;
bound=0;
testID=29;
(*--------*)
min=363.235;
max=457.743;
median=438.251;
mean=435.00613725490194;
std=15.254750402441344;
(*--------*)
data={447.1, 443.039, 429.406, 440.68, 440.467, 441.728, 442.776, 428.66, 427.884, 452.845, 408.915, 447.319, 433.005, 424.987, 429.104, 437.199, 438.54, 426.82, 438.938, 446.151, 423.58, 436.108, 451.761, 412.795, 447.796, 430.93, 450.059, 438.251, 427.439, 429.231, 448.211, 444.313, 363.235, 406.508, 449.852, 431.87, 457.743, 451.431, 447.656, 434.461, 434.762, 440.07, 442.584, 441.458, 440.159, 435.414, 417.417, 442.885, 424.466, 435.392, 421.913};