name="jSO CEC17";
dim=30;
bound=4;
testID=29;
(*--------*)
min=361.816;
max=457.672;
median=433.774;
mean=431.0213529411763;
std=17.174743398168758;
(*--------*)
data={434.965, 446.336, 423.709, 432.968, 457.672, 434.701, 428.113, 428.728, 442.49, 409.234, 444.467, 430.614, 440.6, 447.546, 405.744, 426.653, 420.693, 374.271, 417.846, 437.65, 421.425, 422.686, 439.571, 419.215, 413.107, 450.968, 428.136, 433.774, 435.088, 426.813, 428.345, 438.483, 453.572, 424.448, 413.556, 449.033, 433.216, 446.395, 437.096, 436.536, 436.479, 432.118, 436.634, 440.176, 448.819, 432.298, 433.48, 439.181, 361.816, 448.301, 436.324};