name="jSO CEC17";
dim=30;
bound=4;
testID=26;
(*--------*)
min=839.458;
max=1001.33;
median=915.715;
mean=917.1615686274508;
std=39.646296467264094;
(*--------*)
data={847.468, 941.521, 839.458, 1001.33, 906.361, 922.312, 883.591, 850.607, 968.834, 914.346, 915.715, 933.628, 890.754, 952.657, 839.458, 870.616, 931.572, 908.377, 979.011, 930.051, 909.328, 939.724, 914.859, 942.257, 947.219, 928.049, 993.202, 954.183, 886.9, 891.366, 972.447, 901.604, 876.49, 839.458, 902.23, 899.388, 961.363, 896.863, 927.88, 901.676, 895.665, 936.497, 885.03, 936.935, 923.755, 983.265, 867.523, 930.948, 926.413, 910.354, 964.702};