name="jSO CEC17";
dim=30;
bound=1;
testID=12;
(*--------*)
min=4.00255;
max=684.202;
median=130.255;
mean=157.50333333333333;
std=129.31470157757502;
(*--------*)
data={4.07194, 133.91, 29.735, 126.097, 135.307, 143.052, 684.202, 248.19, 38.9457, 126.53, 245.401, 234.078, 4.00255, 129.821, 133.477, 126.166, 135.377, 122.874, 131.652, 241.746, 4.00258, 142.688, 130.255, 126.027, 135.517, 27.9743, 132.085, 372.548, 126.235, 431.986, 122.649, 11.3137, 122.874, 138.963, 151.76, 129.754, 130.185, 130.185, 7.79691, 126.46, 16.8688, 368.961, 126.391, 240.879, 254.179, 131.513, 261.559, 491.088, 131.652, 7.72752, 125.958};