name="jSO CEC17";
dim=30;
bound=1;
testID=20;
(*--------*)
min=8.55937;
max=43.857;
median=32.674;
mean=32.43628568627451;
std=5.719708199890009;
(*--------*)
data={33.0152, 33.6704, 35.0604, 42.8582, 29.3882, 32.3195, 38.3259, 35.8666, 34.623, 38.7529, 34.1716, 32.7421, 30.2577, 25.221, 43.857, 24.0108, 36.5275, 28.5762, 39.1687, 30.7591, 8.55937, 35.1926, 26.6726, 40.0151, 31.2372, 38.3762, 30.439, 30.8633, 33.6821, 33.5434, 36.8366, 36.5316, 40.1979, 30.7417, 27.8767, 32.7711, 39.8739, 32.674, 28.5741, 32.2918, 27.0235, 27.5771, 35.2722, 31.4442, 30.1544, 28.723, 35.172, 25.2942, 29.0074, 29.6265, 28.8338};