name="jSO CEC17";
dim=30;
bound=3;
testID=29;
(*--------*)
min=417.983;
max=454.564;
median=439.266;
mean=438.20033333333333;
std=8.73758319140177;
(*--------*)
data={445.997, 427.774, 454.564, 445.7, 433.305, 433.008, 452.982, 428.892, 450.288, 421.405, 421.906, 442.202, 431.025, 440.666, 433.346, 417.983, 437.061, 444.806, 441.584, 433.212, 447.976, 446.081, 439.184, 431.233, 440.856, 441.411, 431.624, 439.664, 452.368, 427.197, 429.104, 444.7, 436.689, 442.245, 434.281, 442.861, 433.358, 442.096, 439.266, 418.051, 434.064, 446.431, 439.554, 446.677, 438.696, 445.716, 450.685, 437.482, 431.698, 434.601, 444.662};