name="jSO CEC17";
dim=30;
bound=4;
testID=16;
(*--------*)
min=4.81125;
max=356.269;
median=22.6896;
mean=68.90664215686273;
std=83.35021170960775;
(*--------*)
data={14.5834, 17.9706, 160.129, 21.4094, 143.228, 21.5783, 263.15, 21.9535, 22.0533, 22.6171, 17.5743, 25.6483, 25.3768, 232.993, 14.6077, 4.81125, 16.9802, 30.8554, 238.338, 18.6118, 37.8861, 146.31, 13.3212, 22.6896, 21.8722, 34.7311, 162.147, 17.7675, 144.355, 13.0643, 14.9672, 29.7337, 79.5442, 152.421, 15.0472, 26.9339, 14.3256, 17.7342, 17.9849, 15.1727, 15.9367, 21.2028, 149.863, 151.799, 31.2405, 145.902, 18.0812, 25.5578, 356.269, 231.421, 34.4878};