name="jSO CEC17";
dim=30;
bound=2;
testID=12;
(*--------*)
min=3.93316;
max=346.822;
median=126.305;
mean=118.72475392156866;
std=72.97363784024718;
(*--------*)
data={11.3831, 11.3144, 129.891, 131.212, 131.513, 133.477, 139.101, 7.72755, 346.822, 144.448, 126.166, 126.027, 133.338, 139.032, 122.441, 122.441, 126.599, 240.879, 122.163, 13.4851, 3.93316, 126.53, 129.752, 122.51, 126.166, 244.465, 4.19232, 240.881, 143.19, 122.371, 7.65916, 7.65813, 244.535, 244.899, 126.027, 122.51, 139.032, 122.441, 11.4526, 139.101, 126.305, 126.166, 7.58873, 126.46, 16.9382, 118.8, 126.462, 139.032, 129.752, 126.46, 122.233};