name="DEsPA CEC15";
dim=50;
bound=0;
testID=7;
(*--------*)
min=42.759092150838114;
max=43.76968669673704;
median=43.29351998768209;
mean=43.319167653205184;
std=0.23746077130038287;
(*--------*)
data={43.201329236619245, 42.85908344977963, 43.38292528256079, 43.29805117582771, 43.288004949156516, 43.14105185747633, 43.09263230944998, 43.17329470170819, 43.63542129455709, 43.643893946093044, 43.76968669673704, 43.635685739369706, 43.30491165688943, 43.69748198881189, 43.32134125706398, 42.9886954564746, 43.36712007467895, 42.759092150838114, 43.62182994070679, 43.71427786343702, 43.55043753819132, 43.29780648305939, 43.452081445254294, 43.38257778412299, 43.502120220364304, 42.9826471303727, 43.37734867645963, 43.11862221902686, 43.06655791955143, 43.2161643799775, 43.28743688402176, 43.637951743562326, 43.090874156574046, 43.71111674728422, 43.45488658131592, 43.5659564360102, 43.420776002960224, 43.23726503748253, 43.29140135378361, 43.26879215743429, 43.22762385543808, 43.25109120335003, 43.286688077879944, 43.24519902753707, 43.46453388168334, 43.00194241781753, 43.29351998768209, 42.80738973867153, 43.251317663890745, 43.353453868738825, 43.286158665728976};