name="DEsPA CEC15";
dim=50;
bound=5;
testID=7;
(*--------*)
min=42.63456857045378;
max=45.159712403084995;
median=43.354402481778834;
mean=43.386171385430636;
std=0.36324291358971067;
(*--------*)
data={43.387259224875834, 43.33629192583817, 43.62716598929444, 43.68779763491273, 43.5539956300471, 43.56375799451996, 43.18733412820927, 43.12525809136332, 43.02522271440341, 43.41948139214469, 43.17831052471195, 43.20923517204881, 43.32797530308085, 43.04642028451224, 43.68091391104781, 43.470010930986405, 43.32325257157595, 43.24859851830183, 43.59590899687828, 43.58226116898197, 43.82086351486771, 43.53425673190782, 43.21775347188668, 43.354402481778834, 43.45065986162092, 43.157033324332815, 43.30041290159886, 42.93487886509433, 43.26657369995473, 43.271803651229675, 43.54651418472031, 43.29158650633485, 43.48294643305667, 43.29575037111158, 43.37334114806572, 45.159712403084995, 43.15375740446018, 42.991517351878656, 42.70204098675117, 43.900177673290045, 43.493668192926975, 43.87101403226052, 43.494812137908866, 43.2649373749141, 42.63456857045378, 43.45849667520008, 43.036827463746135, 43.484945922517454, 43.434433949087975, 43.594417573613896, 43.14418368957172};