name="DEsPA CEC15";
dim=50;
bound=3;
testID=8;
(*--------*)
min=2134.6740487071156;
max=3582.0315722415326;
median=2883.251090482759;
mean=2869.4759283866124;
std=366.02167177366215;
(*--------*)
data={2773.7237321933826, 2718.3452186355835, 3491.025998131281, 2491.762188816166, 3158.5957512921186, 3100.472206638755, 2799.5251507840057, 2972.3059819313753, 2923.557315319097, 2134.6740487071156, 2890.2478140029816, 2873.16827756846, 2956.284804909128, 2441.2158404645097, 3314.6015623999156, 3159.0548550501117, 2687.8103375505702, 2712.3311830196308, 2893.813220443613, 3106.3495756765737, 2811.8491409301323, 2168.4008729893567, 3061.534736698361, 2874.502406186987, 2624.834045839831, 3086.168837550251, 2212.362331613911, 2773.612904245122, 2958.5637170702516, 2357.297199040291, 3056.769437351484, 2431.401790502258, 3009.7795371647762, 3582.0315722415326, 3196.9642432016403, 2744.649665479854, 3459.9713203609535, 3051.1439211155393, 2706.613116109976, 3470.76056524665, 3228.760205557098, 2726.713747380911, 3468.378924740651, 2883.251090482759, 2554.726073082173, 2401.484332111491, 3501.594782058517, 2186.305597063955, 2970.9760678990538, 2581.8378605893627, 2601.1672422776855};