name="DEsPA CEC15";
dim=50;
bound=1;
testID=11;
(*--------*)
min=357.6679615302801;
max=590.0906807778679;
median=456.6156653499065;
mean=455.68586114557746;
std=55.34835524071675;
(*--------*)
data={511.27581293664934, 431.5661988955951, 391.27151301695176, 530.9236274508039, 451.54021034567495, 440.84642519980616, 496.7062509921375, 399.9881692690785, 451.8161502732173, 543.1205903286268, 379.85144396612486, 456.6156653499065, 438.2004354050898, 460.30473591049395, 437.6172936337957, 505.69389209326846, 430.40330325435707, 385.47191028182783, 486.5784806083875, 507.6791414225513, 537.2680061298211, 393.6751787185349, 368.4262504464348, 410.7936344283228, 497.3268837634505, 552.2996749476533, 490.2504270649374, 411.1143226586239, 419.3923642258417, 517.2610346428773, 495.91052438987253, 452.8286627340203, 480.11802716940474, 402.8750404815328, 408.46848481123106, 403.8687713047011, 425.4512732391281, 465.0076553740523, 501.3045279293299, 549.2049645390439, 378.0657872148654, 379.9079590910319, 357.6679615302801, 590.0906807778679, 470.43731085822856, 471.52606684727243, 461.09966063390584, 379.4594236139774, 494.72715135882004, 463.88665405733127, 472.79330280770773};