name="DEsPA CEC15";
dim=50;
bound=3;
testID=5;
(*--------*)
min=14851.916528766782;
max=16950.688984769866;
median=16273.540243090898;
mean=16165.678770440225;
std=446.91615177101477;
(*--------*)
data={16347.799525937484, 15798.066551495638, 15458.738847908604, 16191.642080736878, 15718.876255374133, 16317.928941332353, 15418.415982625638, 16149.802337114743, 15797.580306936909, 16950.688984769866, 15993.080045845505, 16457.90919439268, 16273.540243090898, 16140.116391780328, 16379.919161862854, 16367.92573977507, 16500.228286292877, 16760.039242697054, 15793.144264484168, 16287.609233055999, 16354.458085684968, 15817.327234655346, 16295.363918093888, 16373.441968445462, 16449.26483920059, 16251.948443371406, 16193.262537926988, 16576.52943388546, 16275.319104637852, 15672.872497186196, 16718.155936547482, 16676.00038827813, 16117.060175262865, 16945.66047163637, 15947.574069337512, 16321.453076912407, 15970.747150927287, 16563.76517765503, 15996.82993986163, 15999.978435089928, 15697.401618171423, 15903.217055488287, 16361.410523214348, 15527.702746916177, 16582.188434709788, 16587.909763894513, 15940.059238770064, 15027.320687410785, 16526.115586543725, 14851.916528766782, 16824.310606459087};