name="DEsPA CEC15";
dim=50;
bound=2;
testID=11;
(*--------*)
min=308.09966757590246;
max=412.07251128468397;
median=330.80136856768695;
mean=334.99765079806093;
std=21.46573127501232;
(*--------*)
data={342.5117575795689, 338.79816367546937, 311.83989139333653, 308.09966757590246, 325.69422818362773, 393.30354582328846, 341.3264721627752, 329.18391179028595, 311.09809096968684, 318.03240666996385, 350.76524347071995, 334.2513372428134, 325.1920835508288, 333.28022578145556, 353.4403529924632, 342.3736461704939, 308.9436565016208, 342.4576405026537, 365.8782482872691, 330.476940554865, 309.49187055724224, 332.17948546734124, 352.42163720016356, 339.0150574258282, 317.88179461070695, 337.6776346178233, 320.2490184087326, 308.5646895060993, 324.95817762355205, 412.07251128468397, 326.3701260351197, 313.86206331080166, 381.8662460461319, 317.72310475320205, 312.8579977619461, 353.2847180445076, 363.0126323659447, 329.23850209715556, 316.20689748718223, 339.3144080888069, 330.80136856768695, 347.7893288745918, 311.47284986824434, 329.5530433649624, 325.0075722395309, 320.6957917533273, 325.45180947567724, 342.81231283377156, 347.7637295300283, 347.2853024751814, 341.05099814604};