name="DEsPA CEC15";
dim=50;
bound=5;
testID=2;
(*--------*)
min=489.9258820746966;
max=44932.0228124284;
median=9957.649871808331;
mean=13462.661451594473;
std=11425.059418868821;
(*--------*)
data={12027.200255710068, 32059.53527581706, 597.2726934667157, 5043.081651623055, 14715.475318686988, 5462.685601635591, 7875.727236405573, 24662.234343803553, 10656.486315116303, 27711.16648958821, 6121.2879369287475, 2353.155413046008, 9038.873735323292, 4814.048059049475, 2529.8403707524035, 1241.8451151201732, 11937.844388297077, 9810.812216193126, 15486.41612707965, 12285.077629880661, 5232.82317036885, 10816.57851243132, 29717.813165992306, 7777.002891299544, 2437.175260194671, 1563.651879553561, 7462.619240466297, 9957.649871808331, 36121.78954539269, 17242.89422470149, 828.6881584854959, 2729.660358976635, 28761.45953870339, 33773.291923353354, 22809.707952458735, 1730.099614156573, 17598.616225553968, 5117.469273820571, 489.9258820746966, 17166.4674220382, 44932.0228124284, 24310.568569044728, 26241.31936356361, 4158.669508421682, 28180.14889946208, 35389.0575832069, 1921.2602698534251, 17337.2261586193, 16277.831429877322, 5634.2660281417775, 6447.913123344373};