name="DEsPA CEC15";
dim=50;
bound=0;
testID=11;
(*--------*)
min=318.06452364336747;
max=494.5469230166407;
median=383.76914395212816;
mean=392.60842895175347;
std=37.67193608499305;
(*--------*)
data={427.6058627485904, 418.292733939149, 318.06452364336747, 389.6303317099523, 437.56445165850187, 403.22429336537243, 408.31269755586936, 361.9408889514589, 373.7782672061917, 385.970626217641, 390.59822652341086, 330.7216145182947, 378.6698096257371, 381.3939234887073, 361.9026515597625, 387.74776676025886, 473.921169460418, 366.03396187538215, 383.14271653828564, 411.3509723494626, 416.9591518838813, 451.8973635722018, 375.9195036642302, 363.9569873308526, 373.08980715154416, 376.7425920849362, 369.6729534656961, 392.60549064485554, 383.76914395212816, 338.8071743192213, 378.6438607717196, 436.45122454525153, 362.64905220662695, 490.7903065353976, 355.7335075459598, 430.2775505228333, 367.7621481388878, 403.14317921984866, 412.8138722319229, 421.1971481705855, 431.3249165013415, 365.9995606106545, 356.6362289085332, 396.8605260509257, 350.66588644671674, 429.76907378749775, 368.68771371994444, 494.5469230166407, 414.36140050445897, 355.56129003227375, 365.8668493060459};