name="DEsPA CEC15";
dim=50;
bound=2;
testID=1;
(*--------*)
min=20480.06870493504;
max=142630.14007441935;
median=53443.35494795329;
mean=60321.671007551435;
std=27900.89447470459;
(*--------*)
data={31138.899794633206, 20480.06870493504, 75015.61243926887, 51827.34627812957, 45435.82819764052, 129705.5043224859, 76553.15094238329, 46733.56074672696, 40364.95662157855, 81918.35873034019, 34670.27816649933, 47409.850097289745, 125955.72142422853, 39438.32376497306, 53443.35494795329, 42762.69635783699, 61325.81182641006, 26731.90243357333, 62195.105809783105, 38625.23105796552, 62632.329621493474, 50352.05827330593, 65109.846781355576, 25170.76950005304, 82414.55295204882, 81091.32617705663, 89908.75567988525, 63066.22940213023, 62878.51493969415, 35100.513833775396, 47875.97419052551, 50462.72395322599, 46489.46458498015, 99976.27424028046, 60260.19701461181, 59820.59468424759, 28672.77664059045, 55954.69499372713, 142630.14007441935, 75665.03992139996, 58579.14020046592, 69560.78256620995, 46068.31868039606, 24580.36683907921, 45768.419237005066, 27496.986269036413, 36398.34157120175, 84767.60871764485, 113523.36999068545, 99667.83616579758, 52729.7110241598};