name="DEsPA CEC15";
dim=50;
bound=1;
testID=15;
(*--------*)
min=283.77737021669805;
max=284.64945147552953;
median=284.22141589780085;
mean=284.22861288760095;
std=0.21552743351925985;
(*--------*)
data={284.3858882908539, 284.31988919710057, 284.4736780841422, 283.8334861652154, 284.06082346539415, 284.4170145758492, 284.4660733290507, 284.0315007750228, 284.386242113947, 284.6004868005002, 284.4598133795471, 284.44752300297023, 284.4307597834511, 284.1637784453844, 284.3520812679194, 284.38506603554765, 284.20862098024736, 284.110676111085, 284.06324324654474, 283.9988450406843, 284.00669578696215, 284.0929570698663, 284.4235110550894, 284.1245443793139, 284.54900271342376, 283.97206613534263, 283.77737021669805, 283.9140512832439, 284.569571802243, 284.64945147552953, 284.23740914742643, 284.3455513468948, 284.02462297690045, 284.4113752191545, 284.14611352548536, 284.14572096679285, 284.14230903843554, 284.259718262864, 284.46536729663876, 284.3214952220462, 284.03885176681047, 284.0815406742206, 284.412008943106, 284.00577536197534, 284.4438203707341, 283.9923944949405, 284.2713148006346, 283.92781751177586, 284.22141589780085, 284.12067617625894, 283.9692462585881};