name="DEsPA CEC15";
dim=50;
bound=3;
testID=10;
(*--------*)
min=1709.347697277086;
max=3178.485435985609;
median=2426.212499830891;
mean=2457.0300140446416;
std=335.5893341645724;
(*--------*)
data={2069.0735929081284, 1709.347697277086, 2504.514296440907, 2168.1759038281684, 2173.2872814306993, 2878.8603622241344, 2323.0807176821068, 2681.5647703850627, 2117.395961788782, 2869.018858296506, 2744.2932043103165, 2639.5588124451956, 2797.820841564254, 2032.7513385294542, 2716.579059104506, 2966.6626077421897, 1775.3532814257328, 2266.5013894026274, 2317.658099928484, 2423.930643347843, 2850.142067865083, 2848.4166846976113, 2216.3567628302303, 2461.1313410261946, 2183.8968768645186, 2749.5108700204987, 2201.5188645751696, 1767.7117714736187, 3178.485435985609, 2874.443162070626, 2298.9148324939056, 2323.3443187736607, 2681.5937105203293, 2736.533437805772, 2365.741776489036, 2325.360797757503, 2501.306272514011, 2605.2462666403, 2380.0740569819372, 2289.9418557759445, 2048.222066814915, 2426.212499830891, 2320.4776464928855, 2787.1368479113016, 3127.024647515853, 2433.4693224601187, 2568.893319659842, 2574.9217201414303, 2550.0458842685025, 2405.7298855176555, 2051.2969924395866};