name="DEsPA CEC15";
dim=50;
bound=3;
testID=11;
(*--------*)
min=311.4920696537531;
max=424.6898611071979;
median=355.1230771333853;
mean=356.8890402978999;
std=32.08451530139895;
(*--------*)
data={319.2154030697866, 376.9703062376709, 341.0592437715493, 339.25344392132683, 319.4311370722344, 355.1403377053125, 311.4920696537531, 376.7551557347804, 370.82541572839136, 405.6098585973655, 410.34141114696445, 359.02762584459197, 421.74540366546057, 358.37425048981004, 405.26487344073485, 365.4474770591464, 351.3932971095221, 391.63378450122786, 373.96424421578877, 391.58260200979794, 322.74297456287013, 397.37131585097177, 346.19013545163625, 368.05187913974305, 415.40636964482087, 424.6898611071979, 385.1679585366919, 348.9712609289111, 355.1230771333853, 334.2187700383199, 313.29410279802846, 338.29178634894606, 313.48099169769534, 323.3603522628805, 368.2181080888138, 359.23115283211564, 325.43724274105784, 325.7648897986876, 370.22065875396356, 326.8630218781436, 318.25396289116793, 370.96382771705066, 319.37399079336205, 352.12882789601554, 332.0368841270481, 404.3408823827465, 316.73042904263, 339.31411331643517, 371.11419415989894, 319.13676604528746, 351.32392625115676};