name="DEsPA CEC15";
dim=50;
bound=5;
testID=8;
(*--------*)
min=2070.593379999708;
max=3634.2277862363408;
median=2917.1272188047724;
mean=2934.1536618163113;
std=398.7802318764719;
(*--------*)
data={2791.0022826063228, 2455.1382535166554, 2894.8454388212363, 2934.273138190791, 2690.044909049519, 3180.785870737442, 2586.8109154643835, 3369.719387955315, 3035.8189412029637, 3221.471748952948, 3105.1951679351596, 3506.624799881696, 3451.6384662023966, 2671.084999380462, 3634.2277862363408, 2839.773404500026, 3216.9269681034993, 2361.1330127572014, 2521.929196941396, 2453.1448129006444, 3234.647620924612, 3305.019205595192, 2365.76301604732, 3387.7036307478747, 2404.606129654269, 2552.5770018631297, 3151.2557656333734, 3208.5448442315583, 3344.524934719904, 2794.490788602822, 2922.007236731906, 3438.922735413091, 2575.109840781997, 2181.8075674293223, 2733.778549418188, 2889.4949321776453, 2913.928168263276, 3620.140771082828, 2643.4973263811926, 2370.3394788273085, 2619.778707787321, 3599.9801369712877, 2703.950375168385, 2888.3598875445628, 2917.1272188047724, 2070.593379999708, 3258.917112976417, 3496.8384673538567, 2992.418149475625, 2992.574747304042, 3141.549523382676};