name="DEsPA CEC15";
dim=50;
bound=2;
testID=8;
(*--------*)
min=1763.8293704992166;
max=3690.4761947737297;
median=2872.0279980763585;
mean=2864.9447873405356;
std=410.5669897817431;
(*--------*)
data={2626.4557385284324, 2678.771579997432, 2718.980377371145, 2794.227750097353, 2769.4144653803687, 3208.7988821066183, 2764.061157310429, 3690.4761947737297, 2827.9749264274083, 2627.854317001567, 3508.10225223411, 3329.9270586551993, 3509.5678997557825, 2872.0279980763585, 2929.851181348436, 2289.255665521199, 3090.8410906035556, 2434.9114475113483, 2888.307458655183, 3049.78264063451, 2921.7430499828815, 3056.04934750394, 2942.4362667421947, 2625.732373525228, 3032.825643239392, 2882.0297700461124, 2493.6923602385345, 3213.040596974995, 2828.3089103900775, 2585.47274745579, 1989.084090461427, 3202.307957913515, 2509.8077758868226, 3175.6294056291713, 2339.8808474111634, 3010.95513082133, 3325.0484629786897, 2251.2049459207024, 2749.4851054085193, 1763.8293704992166, 2376.034138153978, 2665.9351579247873, 3680.2048738642525, 3214.3999398284714, 2486.9384621848876, 3361.668119443384, 3154.1120745845474, 3202.186695250304, 2572.294733521345, 2528.888905684822, 3361.366812906682};