name="DEsPA CEC15";
dim=50;
bound=2;
testID=7;
(*--------*)
min=42.682468227836125;
max=43.864020674208746;
median=43.368806746786845;
mean=43.35152827981533;
std=0.26883493848379064;
(*--------*)
data={43.24327764135103, 42.915904149933795, 43.18152017378077, 43.15084374467892, 43.11885372797701, 43.49890371786421, 43.34492200922989, 43.50021090378323, 43.434479480339746, 43.368806746786845, 42.907429159074354, 42.83983561483444, 43.238242250843996, 43.645768672625536, 43.612413331685275, 43.83160807343825, 43.477870635081786, 43.594815859323035, 43.46811274427603, 43.47069063847721, 42.76231328284371, 43.46697418749977, 43.29038379360327, 43.5644052522382, 43.335141387366434, 43.553785640767046, 43.631082061204324, 43.34985317967676, 43.455699733662186, 43.815319254843416, 43.374426046134204, 43.034513600744276, 43.120330691347704, 42.821732288648036, 42.682468227836125, 43.24796229602259, 43.35414598800742, 43.74329399757028, 43.28641671036985, 43.50658505237493, 43.612319843563796, 43.338749103843384, 43.23294233856541, 43.864020674208746, 43.24128497909442, 43.45323740081153, 43.30468819947873, 43.4246095802763, 43.40294995046986, 43.22672953794711, 43.58506871417637};