name="DEsPA CEC15";
dim=50;
bound=3;
testID=3;
(*--------*)
min=21.27390527928577;
max=21.49953538013972;
median=21.40554998869254;
mean=21.398465998092387;
std=0.04967484912196982;
(*--------*)
data={21.434767891700233, 21.32591266496081, 21.41983124245121, 21.42297829261088, 21.372371199203315, 21.457724911896776, 21.441351539233494, 21.432714084862823, 21.338680284009456, 21.398245579375953, 21.377337119160984, 21.349938942748736, 21.471842241985144, 21.418422512880625, 21.402158620722844, 21.364307677967588, 21.31107517010065, 21.42659363142286, 21.40615024313422, 21.377411451022397, 21.405974346637777, 21.357144527256423, 21.424110323253444, 21.388053827583917, 21.41303303547977, 21.387121480396786, 21.46422643088556, 21.461233379206362, 21.472634423723832, 21.400263255864104, 21.414346583723898, 21.367336100983835, 21.413528057478743, 21.464743086729186, 21.305781869649593, 21.401748273982662, 21.385820800237582, 21.424090642115402, 21.329408242373177, 21.46124833011362, 21.440387918549334, 21.42899356475897, 21.40554998869254, 21.49953538013972, 21.38686219313155, 21.413860087371688, 21.40193354685971, 21.34188324037524, 21.27390527928577, 21.29804293055554, 21.33914945386516};