name="DEsPA CEC15";
dim=50;
bound=0;
testID=4;
(*--------*)
min=321.78189939687127;
max=454.5109663321773;
median=374.33444993318903;
mean=375.1491040611537;
std=27.253356121872468;
(*--------*)
data={369.6484015242662, 400.05742215117937, 374.33444993318903, 373.1996330539498, 360.39886187786556, 368.9934255650903, 359.51732297157537, 389.06277995369726, 375.1386199410465, 347.908586151058, 368.7290917748642, 381.9979356086228, 427.47609404418154, 392.6843763942952, 340.6318584389363, 350.1924130595405, 384.2712940185761, 376.7201383491065, 387.6415166049626, 454.5109663321773, 406.17319074663374, 410.90058891646686, 391.8037261771898, 337.26215879522636, 395.27118855069045, 393.1802363089646, 371.2222725115862, 345.75150395024446, 321.78189939687127, 401.62690798772724, 330.0885311189601, 353.61090617234083, 395.84137502285625, 412.73462633760073, 348.64535144479805, 365.5130994104984, 378.1237198702149, 375.634857808132, 402.2148154178914, 393.79001526374486, 362.20220411375703, 328.9055076717676, 345.4816862441162, 345.94672061963956, 369.4597950461332, 368.6287074884426, 335.9923684015322, 404.4891221520978, 364.7884319732341, 415.24002711779394, 377.183577333504};