name="DEsPA CEC15";
dim=50;
bound=0;
testID=15;
(*--------*)
min=283.93224383659594;
max=284.7769837157052;
median=284.3727754951856;
mean=284.30583516352954;
std=0.22000082526708412;
(*--------*)
data={284.4419859871973, 284.37558372259673, 284.1794313608136, 284.555611099873, 284.5623624616751, 284.5162674970536, 284.10418271810977, 284.0760204666233, 284.5397142937195, 283.9627621728314, 284.0571286347895, 284.4220151758277, 284.00923040726343, 284.04933864393047, 284.7769837157052, 284.51731905976044, 283.93224383659594, 284.47682244419957, 284.0226533438931, 283.98754826530103, 284.0493906764864, 284.0124922198547, 284.24196989934853, 283.985015559115, 284.48014831896376, 284.2158286577692, 284.44429352752104, 284.4687610135866, 284.01728399944955, 284.52605789472864, 284.57321768005477, 284.12056451368244, 284.1570871802337, 284.15807736137594, 284.3727754951856, 284.0817747370065, 284.348407476552, 284.7417847520419, 284.40410108165656, 284.3311609702989, 284.6076887716497, 284.4507526886914, 284.3923185337144, 284.48850290594623, 284.43388163223926, 284.156700252129, 284.40365208899243, 284.3824499185696, 284.3387449684319, 284.3784755034428, 284.2690277535255};