name="DEsPA CEC15";
dim=50;
bound=3;
testID=2;
(*--------*)
min=1488.213532298495;
max=37703.31512143818;
median=8025.147005660945;
mean=8586.83714503942;
std=5517.5322642479605;
(*--------*)
data={8152.0273793752385, 5214.860944386353, 4426.285345274812, 5132.560987034406, 8606.462596601705, 9882.33531145072, 8138.622857219263, 3756.9431500204805, 3415.8995484912757, 9830.58506658819, 6285.6918640532995, 5560.117226421132, 8025.147005660945, 9781.569523111837, 1488.213532298495, 5161.998413793989, 3223.925965381183, 4280.576271430933, 7898.925202228783, 6231.883429636336, 4473.281592172905, 3126.017740884642, 10315.525533867261, 11419.819765400629, 37703.31512143818, 17738.808848663193, 12796.44727155324, 8459.287415207227, 7852.574614832879, 4845.575342087025, 12384.92965215151, 7066.257966640251, 9645.760189650464, 13772.455177555566, 10526.606308185583, 7934.258882356939, 5082.841204087417, 10943.710558424065, 7757.419829819449, 4429.916983567844, 13841.189255797544, 9431.213981675754, 12416.48941117169, 9513.202397132593, 10287.77038835033, 16464.067450424413, 2321.166108070965, 10270.15861717454, 7542.321776097978, 10378.927278051115, 2692.7461140579676};