name="DEsPA CEC15";
dim=50;
bound=2;
testID=15;
(*--------*)
min=283.8459482953999;
max=284.76554457964994;
median=284.43713226880345;
mean=284.3799868750095;
std=0.1821616633008757;
(*--------*)
data={283.99018737007304, 284.02363795450606, 284.43598616620034, 284.47441237144494, 284.014909097516, 284.6324100043705, 284.3374386899145, 284.5461041800504, 284.20174809827904, 284.3831022420868, 284.44642813370456, 284.76554457964994, 284.4603817514253, 284.34724469738353, 284.4487377006162, 284.4709453809155, 284.52707486042164, 284.53238901173427, 283.8459482953999, 284.46706855885395, 284.51775705557293, 284.2980293825624, 284.07944505225896, 284.3883880340827, 284.2347729942669, 284.38586991375746, 284.3358244105559, 284.44867545841635, 284.4794763359878, 284.06905732485075, 284.4724319814311, 284.3556998078493, 284.3980098726274, 284.49807577586785, 284.4595765611043, 284.51151075235566, 284.465525076414, 284.4534352107951, 284.56993357691636, 284.39870462524436, 284.4756995836776, 284.43713226880345, 284.4051950386531, 283.98115635853355, 284.5301940641514, 284.3528767568348, 284.5599789409148, 284.45471397079154, 284.4163013530447, 284.25451229614123, 284.3396716464699};