name="DEsPA CEC15";
dim=50;
bound=4;
testID=5;
(*--------*)
min=14050.031353447059;
max=16893.37584974853;
median=15939.623776496795;
mean=15894.428353679132;
std=578.0717965328249;
(*--------*)
data={14050.031353447059, 16349.343510290866, 15735.04015120783, 16308.961291703283, 16498.497988419695, 14810.091415442294, 16742.466785794168, 15880.032286233974, 15551.019275290624, 16110.4178960313, 15020.730587162381, 16852.88346273944, 16494.677857468225, 16273.680814832478, 15873.549531474768, 16169.751827018761, 15955.272769781921, 16320.9270224651, 15306.010144737946, 16106.403203607948, 15914.413880191249, 15848.333191111033, 16893.37584974853, 14882.3602094036, 16244.203086888087, 15813.96458171988, 16496.910359367, 14886.987923118118, 14635.296423596867, 15520.634806499484, 16428.072427577932, 15913.301493727973, 15816.433784172932, 16190.137354553339, 15913.391867262584, 15815.38419231787, 15499.031537237763, 16350.19793225408, 16124.53910150323, 16019.333650390388, 15569.551684546974, 15939.623776496795, 15721.551562733588, 15825.032208742768, 15799.981026315389, 16743.114230490602, 15142.677758440212, 16026.222955946701, 16016.701178969466, 16153.893409020406, 16061.403418140624};