name="DEsPA CEC15";
dim=50;
bound=1;
testID=5;
(*--------*)
min=14526.765859533218;
max=16916.396837412154;
median=16056.012008648162;
mean=15935.54974897006;
std=498.44129047100097;
(*--------*)
data={16731.85897013498, 14526.765859533218, 15705.538003915302, 15050.800912585875, 16154.098253118525, 16089.135140490194, 16112.493514103357, 16101.407972881458, 15978.51451582272, 15869.455414893651, 16151.00966570761, 15241.117674322119, 16574.882798722734, 16408.955099883882, 16449.582813397978, 14921.13074068179, 16164.453730795303, 16259.248156855316, 16026.585990856467, 16243.409148257539, 15444.841349108854, 15869.197208785341, 15477.320472961928, 16128.64458957515, 16422.436848776983, 15964.004495777604, 15995.90072659378, 16056.012008648162, 16446.481117785617, 16348.482938741286, 15383.793772081452, 16304.493290549144, 15819.798998325028, 16916.396837412154, 16189.130054562262, 16790.476648280488, 16196.189097365514, 16268.649551752944, 15533.40599669234, 15711.181842309983, 15945.095368509712, 16083.748950222609, 15325.226314843425, 15316.43946064864, 15327.251401483567, 15438.877474034709, 15083.208094029666, 16111.34446006524, 16022.010065929542, 15731.993677335402, 16300.559707324333};