name="DEsPA CEC15";
dim=50;
bound=5;
testID=5;
(*--------*)
min=14688.030846327149;
max=16769.882825732777;
median=15838.584655600453;
mean=15788.26977897132;
std=512.239635938264;
(*--------*)
data={14754.969996503984, 14688.030846327149, 15650.24618992328, 15719.557788990009, 16462.2540726646, 15224.236697260729, 15421.550599920713, 16204.161095244533, 14979.67343829292, 15238.65474060695, 15575.524236591898, 15557.263333655228, 16264.005216468024, 15427.015195586471, 15998.899664109955, 16404.145806987384, 16091.720428526889, 14836.535628617716, 16255.047778823813, 16005.855603093063, 16231.912733083169, 15772.947424209582, 16084.442529142947, 16245.791742349997, 16240.606770615577, 16499.349527322433, 16769.882825732777, 15652.400574978958, 15451.151527673293, 16047.073145082948, 15624.389139869345, 16276.212311481031, 15579.127216254921, 15247.908969486682, 16054.760420797873, 16075.712134745561, 16023.812349111118, 15838.584655600453, 15895.556692022546, 15915.433232013595, 15453.350990051746, 15801.901383503413, 15044.177741855605, 16697.295497338022, 15781.735330879595, 14754.374561177217, 16060.071285469934, 15477.679476056532, 16137.433481849923, 16387.682428244865, 15319.652271340208};