name="DEsPA CEC15";
dim=50;
bound=0;
testID=12;
(*--------*)
min=110.71847652673114;
max=115.556631206053;
median=113.82030245669216;
mean=113.59833337737271;
std=1.2904196266709322;
(*--------*)
data={113.36996646659145, 112.55356942953699, 112.64761972250426, 113.02732083781507, 115.12024565095294, 114.01539492592292, 113.71246739360686, 113.39810080796929, 113.60239116918842, 112.44512776820989, 112.04663188178438, 111.8280695163046, 114.62913256068146, 113.86261652248936, 115.52527483361541, 114.4100245756224, 114.4229924987776, 112.49768149779493, 113.97565691442878, 112.74015705951501, 113.88273484049137, 111.74756429488434, 114.67996928805587, 111.38823561420281, 114.80856164553688, 115.07774880204511, 114.75335039345487, 113.82030245669216, 114.92752077651335, 115.22831824643777, 113.95904793642171, 110.71847652673114, 114.65343371396557, 113.40826109015643, 115.19178442614975, 114.41131492311547, 113.66051145775668, 113.84685111939461, 111.97157915898151, 111.39840639691397, 113.28054044542341, 111.24607005827238, 111.82140964882842, 112.5613124619831, 112.20510261830236, 113.51742539119027, 114.89564059384838, 114.62407039619416, 115.53612383962832, 115.556631206053, 114.90626044507349};