name="DEsPA CEC15";
dim=50;
bound=1;
testID=3;
(*--------*)
min=21.322757140455224;
max=21.487099270694216;
median=21.39669520861179;
mean=21.396689688880787;
std=0.04088384054404265;
(*--------*)
data={21.39669520861179, 21.34425344738628, 21.386084397507148, 21.432793785605554, 21.326312230614917, 21.440584170249906, 21.389471637635666, 21.38549086065916, 21.446395549179215, 21.446580312311426, 21.44966928909605, 21.418213931004345, 21.3895745474955, 21.357158284731554, 21.37888881032825, 21.453359594170138, 21.33723381654812, 21.356818673585792, 21.392161497383825, 21.487099270694216, 21.399795983796537, 21.3572874946542, 21.405504261681017, 21.437130552589338, 21.37884300858542, 21.43224943126893, 21.363910537591437, 21.436968008327995, 21.460553811799116, 21.35319328217821, 21.40183811566095, 21.422780059889362, 21.36026061804307, 21.32352908321917, 21.43187169004949, 21.36984006349695, 21.353978360819383, 21.42042236711626, 21.39890924104293, 21.390856174753992, 21.33520246836821, 21.386781830592497, 21.3635859883384, 21.402448631712048, 21.423434782814354, 21.44970214397108, 21.44633879927136, 21.435306915269734, 21.34803325080958, 21.403020719955123, 21.322757140455224};