name="DEsPA CEC15";
dim=50;
bound=2;
testID=10;
(*--------*)
min=980.9140187530375;
max=3142.4233247996226;
median=2420.7243124744045;
mean=2365.350369940412;
std=451.7157738104621;
(*--------*)
data={1667.2669510055389, 1948.7867988013913, 2578.301412717486, 1867.8630645590629, 2246.7325419062163, 2804.5428745102718, 1982.4189538539285, 2884.4365241547853, 2920.5510533657334, 2162.2204936284966, 1848.2986746618776, 1826.7248485359332, 2557.188361721886, 2226.1312217280524, 2496.5128361361876, 2454.1193563351567, 2976.9173574526135, 980.9140187530375, 3101.365066177471, 2687.0299122500055, 2905.579889624367, 2473.48685101732, 2543.671445695964, 3142.4233247996226, 2983.4478383012956, 2192.6728404119754, 2368.257550789277, 2800.9926437918557, 2310.5791504515078, 2481.871280121731, 2754.358787988552, 2687.4270253550653, 2441.967448858782, 1329.5821147116585, 2530.7345747844643, 2774.243071823051, 2275.1876340287718, 1994.6761305906493, 2334.845028713131, 3040.9676816960673, 1959.8966096121057, 2066.565979787378, 2127.347096202934, 1652.6549230733995, 2420.7243124744045, 2119.3049131476064, 2472.930691721311, 2224.6189140794895, 2588.4886779460103, 2212.441735798665, 2202.6003773074754};