name="DEsPA CEC15";
dim=50;
bound=4;
testID=4;
(*--------*)
min=303.2526918455426;
max=455.0824263202878;
median=372.4609248315488;
mean=373.06964467889196;
std=30.754335219437536;
(*--------*)
data={380.7426739303455, 380.2525804009292, 397.6428794621122, 389.53533814887874, 367.04668744582045, 389.6927345316001, 368.75392390748675, 364.26418382951965, 390.391533434925, 383.4516410838212, 389.0704073349275, 320.7218438294101, 347.71484365160927, 386.4957710176317, 426.5478596172136, 320.73339927155075, 382.48775529482805, 385.29833672818813, 368.9374493203927, 362.3674825610151, 403.828889794288, 372.4609248315488, 394.47742188522693, 352.5750325786938, 343.04579371925956, 359.8829092220876, 383.7715076273872, 455.0824263202878, 331.316521286288, 406.6615937941124, 366.6498170936193, 375.55057493377024, 339.5642922928946, 351.5499743206283, 412.08707180334454, 412.1996620717031, 364.2349406878452, 303.2526918455426, 354.51839153432843, 329.9674161972184, 447.4334218048251, 343.19744626078773, 383.24938264282287, 320.4609236828186, 383.35609897332097, 372.13873234060384, 346.96277938306173, 364.13737564747487, 369.4039757447142, 375.66890857042847, 405.7156549303545};