name="DEsPA CEC15";
dim=50;
bound=1;
testID=13;
(*--------*)
min=220.3426075886107;
max=240.4030912430867;
median=233.3223518523705;
mean=233.21523573991973;
std=4.242976499658837;
(*--------*)
data={233.29565314317983, 233.3223518523705, 220.3426075886107, 231.67187727478245, 236.81936810096977, 235.9512917231009, 233.87997153062133, 234.69520216196952, 237.06734223450485, 231.91872933656418, 234.4604585171876, 230.06220076577142, 236.35541531826016, 235.5258303550777, 232.42737227550515, 231.42139959741917, 234.28028434777434, 239.96965713751206, 226.52803962626672, 233.93972854921913, 235.37747355954752, 229.5031680213433, 239.74954632985464, 240.07638080498396, 228.14968017642764, 232.84676313651448, 240.4030912430867, 238.4284331755025, 226.0025402901474, 234.02796421957146, 231.96067039807008, 228.11342648514642, 233.87097548305155, 236.29507919780144, 236.71852938679604, 222.69763287860587, 230.85926024244168, 232.41757821848842, 233.18866993135225, 233.242397516344, 237.55118356635126, 232.41692516610192, 229.1244881214991, 233.67287380078892, 235.6703936553904, 236.49062809095813, 232.4063358516953, 228.3553228903429, 239.17502432273614, 228.2392572315389, 233.0105479067563};