name="DEsPA CEC15";
dim=50;
bound=4;
testID=7;
(*--------*)
min=42.67638452305198;
max=43.869060845154536;
median=43.2811098499991;
mean=43.306844337601525;
std=0.25755926424829345;
(*--------*)
data={43.80991460372161, 42.95780537560586, 43.2811098499991, 43.30379353539877, 43.16840362234734, 43.53004780802701, 43.38659609301669, 43.68193451074865, 43.258938732874185, 43.46664983038488, 43.05965846480797, 43.30191854097541, 43.102948147135976, 43.1111746617338, 43.2505795313233, 43.00799006676186, 43.43188805304317, 43.27867229401102, 43.71579666930347, 43.39688925874532, 43.42012838041751, 43.51492025946527, 43.2270572267596, 42.843786827446024, 43.41028709722082, 43.57750432661646, 43.203843041160894, 42.67638452305198, 42.993574350450785, 43.53138931139631, 43.08717565273071, 43.17917844879082, 43.11682260203804, 43.19642837523463, 43.6132544085375, 43.59094989212872, 43.27069736838712, 42.979229792384444, 43.81092088744458, 43.30785844580191, 43.13758695914805, 43.03733435901097, 43.58087973795034, 43.43446310151694, 43.869060845154536, 43.31866967499275, 43.54288468265531, 43.30113643213292, 42.98205814373637, 43.12657203400909, 43.26431437994029};