name="DEsPA CEC15";
dim=50;
bound=3;
testID=14;
(*--------*)
min=29878.32851610951;
max=65377.5813673605;
median=30199.881651252963;
mean=31687.353498592096;
std=5195.297267584967;
(*--------*)
data={30331.639902469004, 29937.511717021804, 31511.97959328044, 29917.902138920297, 30407.486550335445, 30889.615826572695, 29878.32851610951, 65377.5813673605, 29997.286619810173, 30099.777812857577, 30016.316577311027, 29898.943454450364, 32621.46978710385, 30074.055877022176, 31289.70294962449, 30199.881651252963, 38364.41436453089, 29931.903264133216, 30598.72604116755, 30245.89710870782, 30205.094858666507, 30379.733701631332, 30787.741889041074, 29945.22451644401, 31552.265567064955, 29954.98728845464, 29927.069260221, 30085.852020425067, 30909.055199251463, 31701.37932186907, 35910.70402845621, 30059.35717170735, 29938.61771276145, 31001.3668567919, 29951.35047166094, 30081.491409622642, 30104.07634664803, 30024.90013406833, 30250.372924077546, 29935.03745800794, 30029.38422824877, 30133.926293276825, 30017.628738608517, 30810.02815918741, 33740.64928294073, 30298.050215910353, 34471.775240228, 29940.776931836124, 29914.806143531634, 34445.42500584835, 37956.47893166725};