name="DEsPA CEC15";
dim=50;
bound=0;
testID=2;
(*--------*)
min=22.100689724408056;
max=42597.12840669904;
median=8874.331525635027;
mean=12499.635887105915;
std=11652.908516332704;
(*--------*)
data={22.100689724408056, 33249.50428516172, 5919.09449342874, 1656.5289866955163, 6702.06947454751, 4348.446366270024, 8193.361149361644, 1184.4973601270626, 22728.33007986467, 14879.214644664758, 13157.334948895461, 18500.429358854948, 8874.331525635027, 15572.483270869112, 32705.677770138936, 3161.81943559704, 35808.15161007328, 11367.756597770645, 14721.890938157732, 12135.79675500112, 11881.798690060315, 2896.5425874721636, 25977.58693055601, 3111.211862949206, 8374.522621314523, 3426.9289751565207, 9955.928449319452, 15232.536566963376, 8052.170244766065, 1521.209314941373, 1312.3263416734949, 38328.77650840814, 237.82755578622465, 2412.035962838008, 713.2265712644556, 677.5550915894976, 712.8226254540493, 16562.668304426847, 3537.5370512065133, 7122.055810656072, 11392.053154331896, 12545.115656566993, 42597.12840669904, 28851.865171962396, 38739.03844194564, 1664.9481792339072, 22158.156906231798, 18335.56429861685, 5066.13676431015, 24741.633201269877, 4453.702253591527};