name="DEsPA CEC15";
dim=50;
bound=2;
testID=9;
(*--------*)
min=202.9106451650323;
max=444.7992815761613;
median=204.56576263471766;
mean=209.33614324774592;
std=33.63792497273221;
(*--------*)
data={205.25309564101758, 204.24780143845555, 204.28311668331935, 205.997636773596, 205.1147539975134, 204.3110080074532, 204.60805940817818, 205.1604252154093, 204.04462549803816, 204.5487023419214, 203.28178410407259, 205.22145552170355, 204.76493582960256, 205.88013443152954, 204.50916626917387, 203.7467211068515, 203.48060332942987, 204.70264477950764, 204.12141103992872, 204.44616361508042, 204.23248520566858, 204.59040021315286, 202.9106451650323, 204.13392452241555, 205.28283431253203, 204.93033366637042, 205.55916156948547, 204.53175190617185, 203.57655426585598, 204.96003029684402, 204.88169831824644, 204.10225692465065, 204.7863820817097, 204.20594967207057, 204.09333655633895, 205.50163195346545, 205.4714569827206, 203.87882942403007, 204.41183987856584, 444.7992815761613, 204.3028298316376, 204.9575629886965, 204.46429658511033, 204.30351513772803, 205.10121928693957, 204.69155840516692, 206.5232377450152, 205.2203087123496, 204.1386027983549, 204.56576263471766, 205.30938198605122};