name="DEsPA CEC15";
dim=50;
bound=5;
testID=9;
(*--------*)
min=203.15072133415356;
max=526.734875862772;
median=204.5473222211715;
mean=234.11393689876692;
std=90.91619090984368;
(*--------*)
data={204.68459388814836, 204.56971356619806, 204.8578432812792, 204.3980588705317, 204.75218430422342, 203.85085022672138, 204.46071202154508, 204.3710673572898, 204.33281252958318, 203.23417289128793, 203.80353981589678, 480.857712769048, 204.71209689004945, 204.6345504114156, 204.9970848895391, 203.97887605645678, 205.91780014469418, 204.27004327206237, 205.23920138015433, 205.4111966260507, 203.15072133415356, 204.61637282643755, 204.04537402126198, 204.97922586125605, 520.3196956492798, 203.88021619644655, 204.87418431138894, 204.82472694318471, 204.48130435945836, 204.46448403446902, 204.30000515277834, 204.26264505488462, 204.24344697263314, 204.83770424254612, 203.8231400813729, 205.38327664479016, 203.80068325422235, 515.7120971067056, 204.2170061919196, 205.7557871654078, 203.83835313143754, 203.71735811175859, 204.3773491401687, 526.734875862772, 489.4441858771088, 204.73547540326126, 204.5473222211715, 203.9108071634314, 205.3091678223784, 204.27510563612714, 205.61457287072767};