name="DEsPA CEC15";
dim=50;
bound=0;
testID=8;
(*--------*)
min=2077.6594454810843;
max=3738.153718402047;
median=2812.9842565587305;
mean=2835.9094124902376;
std=408.7614333109304;
(*--------*)
data={3199.2122981394473, 2878.162680287468, 3738.153718402047, 3528.0321268300786, 2401.8642538023523, 2416.966836852665, 2610.9353222014047, 2163.5538991946128, 3355.091806739265, 2570.82078435352, 3228.9035085773485, 3135.378405258235, 2391.2296164790687, 2493.3033332860373, 3519.00687337045, 2699.533959733473, 3159.074288837546, 2717.8779266304846, 2507.9832551642803, 3091.962847833719, 3360.036275742963, 3445.3989612668493, 3225.854806733132, 2877.68752987127, 3230.875503506767, 2808.4899999163904, 2812.9842565587305, 2895.4713697515476, 3212.1413055109074, 2956.5448281461872, 3287.8118782183737, 3005.9789297746556, 2751.7796829544004, 3074.678313750469, 2534.106340394526, 2657.9915682934825, 2259.4323822426395, 2153.6284602272967, 3020.6322667063837, 2160.9761054570486, 2383.652735600649, 2644.260090705736, 3087.248717777362, 2457.543889785591, 3208.230403587819, 2077.6594454810843, 2674.7744153658186, 2549.13756763979, 2360.5486952865544, 2643.927322626213, 3004.848246147968};