name="DEsPA CEC15";
dim=50;
bound=2;
testID=5;
(*--------*)
min=14404.922292842311;
max=17032.73983728749;
median=16062.197989050339;
mean=15947.51824222584;
std=582.4470326454394;
(*--------*)
data={16398.36319296513, 16065.459935697785, 15330.121666527302, 15272.755264822186, 14404.922292842311, 16482.94307772997, 16868.268777809037, 15904.304255505169, 16353.86772334962, 16283.837125346126, 15814.78353209126, 15866.168917862908, 16441.220652968823, 17032.73983728749, 15960.701673380732, 16210.44176563693, 16441.79255852629, 16062.197989050339, 15642.37481688509, 16142.445814504295, 15651.62411616464, 15617.20051970044, 16105.436199419339, 16199.510363370624, 15468.494907097742, 14866.872563523808, 15144.366841481266, 15362.703360435433, 16195.132731675792, 15740.095524077606, 16280.7499240123, 15532.562676902447, 16242.771414420691, 16024.324941445288, 16910.60934451437, 14574.563132707372, 16350.442297129477, 15682.843149708486, 15889.849971764404, 16551.86396816053, 16356.138703859953, 16683.56387169419, 15788.273685965676, 16549.796382226472, 15802.627542358556, 16440.59261786842, 15332.431778441427, 16417.116201123077, 16076.788657217254, 15845.39681542051, 14658.97527884139};