name="DEsPA CEC15";
dim=50;
bound=1;
testID=1;
(*--------*)
min=20326.059104204127;
max=137102.13664316517;
median=53339.724201611396;
mean=56718.89745089548;
std=24980.543359488747;
(*--------*)
data={86033.6723183791, 69349.43182296187, 42563.4986353654, 41179.7029004919, 87300.34368027886, 52536.803722299686, 52912.07819313254, 58776.90132004693, 47275.52460715278, 70383.1839593633, 71735.60904846234, 59130.43794977641, 47958.404589492595, 97384.98480491423, 57507.863922928904, 22470.208353870537, 59276.907933146766, 41733.62402587272, 100898.87084879335, 55529.3648537791, 94324.37242405835, 33317.36956039492, 137102.13664316517, 29933.16520309579, 63869.16268568156, 55190.230554961316, 46219.1287150635, 76303.61062351069, 70133.47058319968, 49167.395449952026, 24655.813900677902, 47234.767043838074, 50044.91412697567, 25060.510452386974, 49979.929395847015, 23372.222666385616, 75507.29869131547, 73490.66101741114, 54328.395005195096, 62114.69976131765, 53339.724201611396, 51099.61147359897, 34007.391724087254, 20802.85341721674, 20326.059104204127, 32831.111562140795, 27772.166572745235, 60691.6632915153, 106299.14127946472, 28217.19920423931, 93990.17616990207};