name="DEsPA CEC15";
dim=50;
bound=5;
testID=13;
(*--------*)
min=218.43679495951437;
max=240.0430883367153;
median=233.12461400536608;
mean=232.51075431017026;
std=4.436403489417233;
(*--------*)
data={237.20059734485267, 231.6173986497338, 232.28073435965416, 237.0141157088667, 236.59945852658439, 234.29388233755844, 237.18428563171597, 228.73342282568183, 228.80641886732292, 236.6898029719191, 226.69333275195368, 237.67260390203865, 229.09840584366952, 234.13457334357759, 230.3669617462897, 234.97596058119734, 229.02399825599787, 234.30035049184312, 233.6333843902064, 235.338152932223, 228.6533747730616, 235.93963787894018, 228.9380297505527, 230.36688846251104, 229.16952122885027, 225.8149606730674, 228.79538581925067, 240.0430883367153, 237.18588021290884, 233.12461400536608, 232.7465933389126, 238.75131331953344, 228.75954652955397, 224.67037747551626, 224.5550059558875, 227.81364181480853, 227.58229921807992, 237.44948657428995, 237.2029999670176, 229.36826434229897, 233.55502868233611, 236.29283647735951, 235.17700360575918, 233.07360066183492, 235.5601361751999, 237.21000054576416, 218.43679495951437, 234.68334295701902, 232.8135314326105, 232.48931099611514, 236.168132185157};