name="DEsPA CEC15";
dim=50;
bound=5;
testID=11;
(*--------*)
min=316.37072020561754;
max=521.1478970719811;
median=393.4391098008805;
mean=393.59446557154615;
std=48.08182069436588;
(*--------*)
data={406.6381158912129, 405.93343977326754, 333.204976789674, 407.5894392608968, 393.4391098008805, 380.34711726532305, 350.71343281921986, 375.88435273324876, 521.1478970719811, 386.621716654706, 359.43962180825065, 361.6383731955673, 373.5630412377004, 429.18512470696646, 380.45308040316263, 397.06166794654973, 316.37072020561754, 405.2710313030018, 323.6444424137244, 448.4877870016808, 415.13658978293506, 409.00303273297686, 513.7835003301443, 339.1312406766797, 469.1163505966624, 337.704135817248, 392.2948530274907, 404.3073052924515, 345.54179971347185, 345.3926990062105, 326.57514180862654, 439.91331325799706, 335.6234997143081, 422.2861146462226, 429.6434777439281, 417.2365064830881, 369.50208050459287, 462.1946719215098, 321.49856075603475, 369.75535944712874, 461.9746405955184, 377.2479236690406, 372.0970383614199, 395.0219591338546, 496.63214593946395, 350.8808349271442, 418.87465221824186, 400.6406645909908, 369.86390707305236, 404.52777492964515, 403.28148116814714};