name="DEsPA CEC15";
dim=50;
bound=1;
testID=2;
(*--------*)
min=4.70926409679916;
max=45101.82757747333;
median=6142.395608559171;
mean=11143.34102535998;
std=12092.589932911293;
(*--------*)
data={5894.817351390602, 45101.82757747333, 7034.353955757731, 557.1927870049382, 2249.236674172622, 9820.744525752776, 22140.895410967103, 7268.313724124526, 16333.206252082651, 1995.8097840374485, 25962.848008618166, 4293.014458217658, 4271.5285128378455, 41.19344174485826, 441.37429967740445, 33889.41032044678, 31012.730737449296, 9122.550012272242, 34231.803937816265, 601.507275911209, 1804.8967898276662, 4120.764454117871, 181.39336597127613, 2206.9441249201855, 23314.030215068, 12075.712685707596, 8198.471717406876, 549.0637804776354, 21447.530977175127, 20702.274327233274, 6142.395608559171, 11553.642886849915, 858.700975294041, 892.9358242157718, 4743.409264795988, 4.70926409679916, 4701.015910791167, 20622.960278395254, 8000.360276019881, 39955.81507170054, 12597.389753951147, 2917.1118776363414, 9752.827838004663, 20384.465544225874, 40611.0797676931, 25.427564463298637, 13378.597717037052, 4144.540166891673, 2214.09244304223, 3581.6337676758667, 4361.839006358115};