name="DEsPA CEC15";
dim=50;
bound=5;
testID=14;
(*--------*)
min=29791.00493146424;
max=54240.671872049104;
median=29791.007114711687;
mean=30748.53785892968;
std=4786.26731119381;
(*--------*)
data={54240.671872049104, 29791.005827682915, 29791.008495417263, 29795.25568624626, 29791.008571500108, 29791.00606606655, 29791.009699843267, 29791.00494694337, 29791.008868705445, 29791.00682759468, 29791.010042060003, 29791.006262492818, 29791.005351172218, 29791.005902250894, 29791.008101275565, 29791.00722898054, 29791.012334497867, 29791.007199323067, 29791.009114076795, 29791.01428722154, 29791.006010489735, 29791.005136587115, 29791.005338890434, 29791.005680714297, 29791.01216569005, 29791.006150494788, 29791.00763784333, 29791.007771559212, 29791.00779235456, 29791.007114711687, 29791.006900174933, 29791.008261174356, 29791.005795939807, 29791.00693856013, 29791.008638408093, 54171.15755201708, 29791.005867701475, 29791.00584398751, 29791.007221493084, 29791.00722783555, 29791.006098632894, 29791.00792300582, 29791.00493146424, 29791.005405273114, 29791.005969377828, 29791.007374484834, 29791.007401910658, 29791.005342475743, 29791.005633761946, 29791.00509356595, 29791.005899432977};