name="DEsPA CEC15";
dim=50;
bound=3;
testID=12;
(*--------*)
min=109.92312332044412;
max=115.87130958389798;
median=112.53035341786904;
mean=112.63396499850994;
std=1.3484910284025244;
(*--------*)
data={115.87130958389798, 114.13339006215074, 110.97623779415085, 112.98285516523333, 113.20119498937993, 113.7247914347829, 110.41024014943741, 110.79474365419787, 111.67392565913315, 113.822445772827, 112.04133223096756, 112.1693429788993, 112.80407781365739, 112.03228517576713, 114.31569262349285, 111.9844896457198, 113.3656240587859, 114.18924178836119, 113.71549310215573, 113.6691577073043, 114.37153350526182, 111.2573444678103, 111.22602021926923, 112.53035341786904, 110.390363878063, 113.10732442173162, 111.93016284414284, 111.74489090408792, 112.5622694540632, 112.36418146918777, 112.68003546170507, 113.75615569877073, 111.64798146492035, 115.211633499752, 111.22453376712315, 113.16575461800562, 110.64360538822939, 111.75185108182473, 112.33150470969895, 109.92312332044412, 112.71873899794423, 114.77453803313165, 112.4084073346271, 113.91139616940904, 113.92291002405409, 113.27002598604486, 112.13041016764191, 111.24777323482681, 111.1372594454374, 114.65977486103634, 112.45248568759212};