name="DEsPA CEC15";
dim=50;
bound=1;
testID=14;
(*--------*)
min=29791.004756176553;
max=55404.999452413605;
median=53925.717444153845;
mean=51614.46104127499;
std=7270.982998985767;
(*--------*)
data={54070.53848474407, 53841.05754084015, 53907.27589737359, 54054.77841645104, 54284.12152158717, 53918.591110963025, 54264.26592115509, 54006.60189878602, 54088.712910083574, 53778.63992463814, 53788.90753984327, 53934.41007731568, 53952.65593492404, 54112.59964461189, 53984.976632867874, 53844.91489622227, 53968.59938031989, 53968.458691394066, 29791.004756176553, 29791.00523828902, 54067.04171152433, 54009.02599160983, 53916.12825897652, 53837.151831554824, 53918.71680698034, 53774.726284669756, 53934.90458538788, 53818.246721628464, 53934.51047783815, 53988.46410337777, 53925.717444153845, 53785.572130163404, 54202.42439927747, 53816.7475903085, 54054.469846535336, 53953.36695016349, 53782.83296808151, 54120.01126356318, 53778.47125966729, 53940.10545324123, 29791.007096914098, 54547.30210165799, 53721.22517713587, 55404.999452413605, 53924.37031956674, 53860.34605855268, 53797.45472590339, 54051.86212139334, 29791.005156373216, 29791.005304282746, 53746.183093541855};