name="DEsPA CEC15";
dim=50;
bound=1;
testID=8;
(*--------*)
min=2516.189474853215;
max=3975.1209344575327;
median=2990.2803031043313;
mean=3038.835759369594;
std=354.2227928393751;
(*--------*)
data={2616.5716462868218, 3404.5972644615167, 2990.2803031043313, 2755.020431826748, 2619.881759944641, 3323.2082946827386, 3309.1496118155164, 2822.3263099718033, 3170.233237722283, 2898.9397426993323, 3910.8294462509466, 3016.4510541191594, 2574.8908273223947, 3305.7371327073433, 2798.7271550718297, 3623.0426420709136, 2789.998148214496, 3503.3904541046486, 2980.399152475181, 2794.6843370105744, 2629.091196229821, 2935.676780387972, 3975.1209344575327, 3182.2864657660407, 3524.397964349986, 3296.117432190511, 3172.9273660330978, 2746.864621159246, 2783.693479572415, 2915.49056803281, 2942.3809700257384, 3557.466495412844, 2766.0985588871054, 2634.487419498389, 3193.2224682754913, 2627.4787160759597, 3224.8650850458625, 3326.032634603448, 2650.3906139905057, 2781.3415459432495, 3628.6211218994804, 3023.77111730029, 3384.041566588783, 2802.9046367561564, 2516.189474853215, 2993.2720357380995, 3142.3317833300407, 3022.085847984258, 2717.7941092255733, 3038.8802849375106, 2636.94148143467};