name="DEsPA CEC15";
dim=50;
bound=3;
testID=7;
(*--------*)
min=42.77707244302883;
max=44.3651885209656;
median=43.407253596457394;
mean=43.443960369994116;
std=0.32659866840548313;
(*--------*)
data={43.378304456933506, 42.77707244302883, 43.92119457058061, 42.938413203297955, 44.11104425562394, 43.546954981779436, 43.75540209020437, 43.407253596457394, 43.46943935047375, 44.06501635825873, 44.17896763970191, 43.255112798993196, 43.49410083465966, 43.29169908779363, 43.01882918165052, 43.61863843008189, 43.40232284508397, 43.27135367806102, 43.2574248838979, 43.54353225966713, 43.56654706625295, 43.47549004122425, 43.46595700112812, 43.38540889174362, 43.49682131966949, 43.38908919777532, 43.32684896930846, 43.75966205320333, 43.340020249364215, 43.890770137065374, 43.40985356400904, 43.411632980408854, 43.12934280494858, 42.889655330105484, 43.199403925323395, 43.728510783105435, 43.29777973748787, 43.27059220949059, 43.38586835490162, 43.509324136800046, 43.57135813954915, 43.68705082859526, 43.15148325591224, 43.36584392571751, 43.39410444926284, 43.14304149696579, 43.50312661755834, 44.3651885209656, 43.474389241311314, 43.159695717424825, 42.79604097689207};