name="DEsPA CEC15";
dim=50;
bound=4;
testID=3;
(*--------*)
min=21.261221993395395;
max=21.472908029885048;
median=21.397868222561044;
mean=21.39088927404229;
std=0.04537930617038675;
(*--------*)
data={21.365356104607656, 21.392116428869542, 21.326865504831574, 21.435948629145344, 21.261221993395395, 21.442927807122885, 21.430357442691843, 21.355343974172627, 21.353833127663734, 21.38224962301757, 21.472908029885048, 21.40947099677004, 21.36067452420849, 21.44147045098248, 21.317035678727564, 21.413242997693715, 21.389915147842828, 21.40907832772126, 21.414396016004673, 21.35751947953878, 21.428112448197396, 21.383518639638055, 21.35589511667763, 21.26319876791831, 21.423039012396316, 21.347660786753295, 21.385369397789646, 21.470028721555593, 21.38373582890705, 21.40094309301395, 21.38167296195911, 21.371841081319246, 21.399412910960905, 21.33429614102954, 21.373121626880447, 21.463970943941888, 21.397868222561044, 21.409174280376874, 21.43887449484498, 21.42465304195514, 21.396158795186807, 21.35784093894341, 21.408344845049328, 21.413415876583997, 21.421245262035825, 21.41893676943323, 21.402607876957973, 21.42143985435945, 21.37959797785743, 21.432647206523654, 21.31479776965631};