name="DEsPA CEC15";
dim=50;
bound=3;
testID=1;
(*--------*)
min=26585.34289626086;
max=180757.67794985647;
median=64254.11807890338;
mean=70049.9591134298;
std=33722.76374354892;
(*--------*)
data={106163.47392844249, 138567.8060868231, 30043.88712712505, 99067.10068355357, 63092.02647869031, 61583.95323603541, 147324.51139250412, 36891.16882207357, 75510.04331249285, 91187.70071258438, 56926.06913158948, 88680.98955417764, 78484.71616547681, 48726.57726997211, 27967.230532175563, 42112.31698284386, 79055.08982929685, 49753.08213849428, 64494.33611613187, 34441.82083803657, 42399.390660779296, 94772.82769473024, 71894.94661658215, 61614.798797266696, 35025.064621419886, 26585.34289626086, 29488.138580612314, 70074.98628124034, 108271.55577601792, 80814.23552426712, 59823.60811737011, 40503.21955110701, 114842.9006597837, 49928.58646919273, 37854.601044345756, 114188.29927299239, 114303.77256842118, 79217.59174160233, 52008.87965073054, 82501.16576997201, 64254.11807890338, 31033.915128207358, 40717.165202354874, 38626.768793119416, 68693.73720501183, 49663.29820289593, 98710.86715593071, 37674.748787140954, 94416.06194832553, 81811.74369995907, 180757.67794985647};