name="DEsPA CEC15";
dim=50;
bound=5;
testID=1;
(*--------*)
min=14521.785094734776;
max=182360.53567602747;
median=46320.635597765955;
mean=55911.54813330843;
std=31570.815216362207;
(*--------*)
data={50825.00186411545, 21923.11915183232, 61032.21811513193, 37593.90837510315, 32791.79119504224, 60677.145056879315, 45142.26107304937, 106375.18051710763, 37152.12612866612, 80612.38374143948, 17482.206961432064, 33982.292976042176, 182360.53567602747, 78386.02562026471, 41780.50648580065, 99910.61185305515, 51175.94788231834, 142428.26308556471, 87191.06987364798, 72752.31134320094, 42859.25105114903, 52179.96872169725, 45646.55624118458, 67921.48765696157, 20304.299066130545, 46981.49735884273, 81250.63723108069, 15325.247201587114, 44479.36670702741, 54670.10751136732, 45588.843322627356, 27053.421675094392, 72779.05195706633, 36679.84811644214, 40900.12065946866, 38669.852097622665, 14521.785094734776, 46320.635597765955, 20934.753248281795, 89283.47313880414, 59362.32483266611, 65246.582636320825, 56771.51361409591, 30451.614008297794, 77066.90719015544, 31861.393519482383, 43237.50958308326, 34746.020054775654, 65711.88793803593, 44240.54587183765, 96867.54491932095};