name="DEsPA CEC15";
dim=50;
bound=0;
testID=1;
(*--------*)
min=13708.446287935149;
max=102558.7173374814;
median=46215.28371226514;
mean=51663.63427517763;
std=20691.31165324019;
(*--------*)
data={39499.77050880833, 42463.370574162, 71563.50418585869, 43561.92142277682, 62070.02080615472, 71508.40803469236, 39195.45173068431, 29280.092565905783, 34043.43789101973, 31646.638035387346, 65346.55902899395, 46215.28371226514, 43687.45866863387, 33478.70796192363, 40740.92063898887, 67379.12748955171, 34957.445769920894, 102558.7173374814, 78860.08721166388, 46300.157021049716, 58586.910682664646, 76056.0282670131, 90542.37838912784, 49275.571792736664, 72598.85535103895, 29153.3560773763, 21492.87873485465, 45824.161675382165, 28700.962671029934, 19400.340398078817, 66931.9515976296, 27428.900410703838, 55907.661865505645, 65864.81410829817, 41050.1961481409, 71835.33491651321, 36266.03258967358, 70317.16985090237, 24013.234953265797, 35099.68728480367, 50893.61570355929, 45826.753849295055, 82323.06807665892, 83616.65416515704, 29883.407214354018, 81688.94640084401, 13708.446287935149, 45667.869678010175, 68198.24914501293, 69031.8583729072, 53302.97077966267};