name="DEsPA CEC15";
dim=50;
bound=4;
testID=14;
(*--------*)
min=29791.004996056177;
max=29791.03260411837;
median=29791.007973966338;
mean=29791.009531382762;
std=0.0049456759503706885;
(*--------*)
data={29791.01637641467, 29791.007203704787, 29791.01239643265, 29791.008986198805, 29791.004996056177, 29791.00569097858, 29791.006419092126, 29791.007556967335, 29791.00959354407, 29791.005751375822, 29791.03260411837, 29791.008330020457, 29791.01343487524, 29791.010729506666, 29791.00588121746, 29791.024729027104, 29791.007491156706, 29791.00874398833, 29791.009684351902, 29791.006764113423, 29791.00788356565, 29791.00777342656, 29791.013492132097, 29791.010805929283, 29791.007662484873, 29791.01072079437, 29791.00573858806, 29791.00882272945, 29791.00625825002, 29791.0057868996, 29791.009181898546, 29791.00843279166, 29791.006432683953, 29791.011710668037, 29791.007973966338, 29791.005493943707, 29791.006717536642, 29791.006503119836, 29791.00755026175, 29791.00737401024, 29791.00971695195, 29791.008573632145, 29791.011040582758, 29791.01103110777, 29791.007366358645, 29791.01188277021, 29791.005939627976, 29791.013176126038, 29791.019463656256, 29791.00643257053, 29791.005798315837};