name="DEsPA CEC15";
dim=50;
bound=0;
testID=5;
(*--------*)
min=14227.055510463964;
max=17015.911713410464;
median=15880.078027516616;
mean=15826.99131737499;
std=602.6048019514648;
(*--------*)
data={16959.869083140686, 15770.612758502704, 15929.897527222529, 15404.339642157727, 15342.26189401916, 15179.625593674089, 17015.911713410464, 15760.35173580865, 16344.05746288659, 15560.280915617266, 16439.555333940265, 15422.390794782885, 16140.688473747578, 16521.56080381038, 15987.96962444298, 15998.354761147573, 15888.14787792764, 16614.76564194338, 16392.156711194664, 15880.078027516616, 16303.774524955785, 15801.226331973116, 15478.40124885354, 16021.20932489958, 14801.665161134151, 15805.876246745373, 15413.267353879442, 15995.481242918715, 14803.028428958132, 14227.055510463964, 15474.477242324348, 16518.797025479977, 15252.756582360695, 14852.666749572825, 15442.87406446136, 15585.962994318656, 15956.197397706994, 15724.731090622261, 16435.87720872806, 16035.797834932382, 15262.026919566135, 16328.992761494657, 16061.717205712725, 16916.527679928462, 16259.68560305735, 15511.068514224982, 16194.350209677104, 15851.164281577963, 16423.074020412016, 15269.898701135113, 14614.051347154911};