name="DEsPA CEC15";
dim=50;
bound=3;
testID=9;
(*--------*)
min=203.42565191439076;
max=206.84982445749188;
median=205.06441389902648;
mean=204.99750503052073;
std=0.7135136959511422;
(*--------*)
data={204.2399495124646, 204.86359914232685, 205.18415559642904, 205.27335735952602, 205.36419456943145, 205.69527158507776, 205.6620204111282, 205.24069279989408, 204.92499208454046, 206.84982445749188, 205.63271080921686, 204.7048875055416, 204.64297009766165, 205.30304868095004, 204.48372058720497, 205.27292339579185, 204.61104814357418, 205.14863527330772, 205.53999640085158, 204.73812207955848, 204.88656108852615, 206.29863723583753, 205.51677367137768, 206.04054780135948, 204.6529457483682, 204.29840569615044, 206.3003682145786, 203.98525154502568, 205.60025069133962, 204.05767953807708, 204.47243327258866, 204.5191099289989, 205.57694146459335, 205.03229459388285, 203.86368518175277, 205.21979180622566, 205.06441389902648, 204.11599681107145, 205.2374522323273, 205.39253757454367, 205.45169202794932, 204.80177535491794, 206.06410121574368, 203.42565191439076, 204.49274531921924, 204.5801340648468, 205.38306434151082, 203.87270218613799, 205.21194000068044, 203.70301935287944, 204.3777322906617};