name="DEsPA CEC15";
dim=50;
bound=4;
testID=6;
(*--------*)
min=1013.6165302559766;
max=4470.728799118226;
median=2855.7754349963952;
mean=2804.490148339184;
std=917.8390241370488;
(*--------*)
data={4204.963634315215, 2344.239250325635, 3266.7305671802205, 2855.7754349963952, 4054.519120153077, 2387.2420705602867, 3317.459000247596, 1716.7001464011373, 4095.1911017667553, 2467.99592199196, 1419.071714200562, 4470.728799118226, 1930.832464847434, 3142.508916588882, 4129.17363038479, 2173.5742201275143, 1602.7881595047293, 2902.1038955136864, 4351.04135867309, 3010.280030480495, 2069.183025549812, 2220.614092281887, 3089.295712416159, 1619.6169154638942, 3677.802627766314, 3452.0203109968716, 1013.6165302559766, 2707.2221877054735, 2339.7754438423062, 2722.3146152913732, 2922.564617669949, 3800.624598635897, 1779.3136873165558, 1618.806331875805, 2773.6167748672997, 1451.6912298525335, 3629.9095183426307, 1641.7816781554884, 1726.7857858706975, 3623.2041153590635, 3127.9690932524554, 3986.615000414189, 3279.8128070896746, 3653.752309181802, 3838.1850194137787, 1535.1720039680772, 3351.4052403231694, 2276.417030054997, 2044.1243162292458, 2586.13503742108, 3626.7304710562885};