name="DEsPA CEC15";
dim=50;
bound=3;
testID=13;
(*--------*)
min=218.9903695166613;
max=245.5347902710505;
median=233.48310661075357;
mean=232.87440167113272;
std=5.26433233593807;
(*--------*)
data={237.4069421017839, 238.38589944801765, 231.9959260905266, 230.40863057056254, 229.40060671268793, 223.01911009567448, 226.81914577471366, 233.48310661075357, 223.0475448733348, 232.2515011465855, 243.27082516160817, 237.90252110151482, 236.69401061779445, 227.4373312548023, 230.8884158558817, 230.39135482696065, 232.0591423769922, 230.25786228709012, 230.54530466916162, 245.5347902710505, 237.15385178059432, 218.9903695166613, 238.22008765727833, 239.1756300525035, 230.92154466809666, 238.05918647947124, 227.98294526194718, 235.24180415257752, 226.9630115294001, 233.90600798540822, 230.78195731873188, 235.10182722612467, 231.55796281894004, 234.0512343193534, 240.0174516642378, 232.12409593555344, 230.08722912592475, 226.95013654394006, 236.68891239671802, 234.18632914102773, 230.48884185557927, 233.9408784682139, 226.96067996334637, 235.7013629738326, 223.93912098912006, 233.9470230343286, 240.13152667159602, 238.3826123651163, 235.82537305439973, 233.61817058455767, 234.29734784569519};