name="DEsPA CEC15";
dim=50;
bound=2;
testID=3;
(*--------*)
min=21.27195639205678;
max=21.472663510295376;
median=21.40320643764136;
mean=21.39351862636992;
std=0.04529404359744035;
(*--------*)
data={21.448933729297494, 21.355557057184456, 21.42376819854121, 21.27195639205678, 21.418667983492924, 21.440626258207544, 21.42904457797715, 21.360246396530954, 21.455213547737912, 21.320813691225112, 21.37122425505845, 21.335953144734788, 21.40861007327402, 21.393804368622625, 21.43379902926995, 21.430744309307897, 21.37837258103201, 21.276862641810794, 21.42243011213361, 21.334630354302476, 21.375837652783616, 21.395041973434843, 21.411183344503513, 21.4185723204302, 21.391924242406503, 21.365415302968188, 21.419836998082133, 21.42089418675687, 21.40320643764136, 21.42289378181613, 21.41764571810978, 21.472663510295376, 21.40884661171009, 21.384528131927254, 21.436581960176397, 21.384639182990213, 21.448637997159324, 21.436826545985696, 21.331287846797125, 21.428769963106618, 21.427888155831, 21.380904443313682, 21.30749665847219, 21.376480794431757, 21.36930152703343, 21.393055902971867, 21.33460165559046, 21.43857181738673, 21.426216148182448, 21.390653960019392, 21.337786470753713};