name="DEsPA CEC15";
dim=50;
bound=4;
testID=11;
(*--------*)
min=311.881505554682;
max=430.25443664197655;
median=357.22359087823565;
mean=359.4692521662196;
std=31.765877979883278;
(*--------*)
data={358.57049873397386, 328.5980408632977, 330.4709921668343, 389.6753008185615, 417.2111347049938, 400.3410485865702, 350.2015149834051, 358.683727923755, 404.46772923012486, 384.23653392176016, 364.6752608657698, 356.2382307003634, 314.28803039445575, 385.55547695238715, 348.81528844632976, 355.2633914537871, 385.40846368543043, 430.25443664197655, 330.9285337431252, 403.8891997992305, 349.86526991791106, 342.62879792409217, 354.0141472993946, 376.4932535160731, 382.30894304932553, 335.9672585671042, 320.7046248511133, 321.9630327433406, 357.22359087823565, 364.5880344926477, 387.9927040624332, 367.82420542783893, 405.98922543356343, 322.9972197924749, 379.49942933565967, 314.3416906668622, 368.10442125914506, 357.5732529339675, 404.9899060331195, 347.720981016264, 322.9762962089053, 382.49789278957724, 346.54191861955155, 315.5552433421101, 317.50117419810954, 314.05208185739457, 349.03247855296104, 322.11439377084776, 375.7336141508813, 414.4824376154736, 311.881505554682};