name="DEsPA CEC15";
dim=50;
bound=0;
testID=10;
(*--------*)
min=1036.3678365208052;
max=3325.2404949613956;
median=2279.3267065039913;
mean=2274.342960128178;
std=586.8529365984397;
(*--------*)
data={1975.06317021019, 2803.6259728099476, 1659.2649019205878, 2639.9217390829026, 1923.4529918825333, 2428.8370425915427, 2909.270001603635, 2708.419264897095, 2085.500898690425, 2742.0758777450274, 2601.830128146229, 2879.2761018354013, 2279.3267065039913, 2966.3370516041655, 2739.67371472902, 1036.3678365208052, 2318.493272712071, 1199.2791674272707, 3208.307147651214, 2490.500604979251, 2307.294900184363, 3006.618802341725, 2495.7782367748327, 2057.4738970925036, 3035.9873199805425, 2226.408248193671, 2719.9005872732755, 1717.619455865603, 2203.06672705354, 2272.6783607751477, 2031.6604209022962, 2552.540458256864, 1477.882983486083, 2137.7579371181046, 3208.256754770182, 2606.1880831315825, 1885.6964357450552, 1224.2083589148851, 1976.1841268932112, 3325.2404949613956, 3163.757734873723, 1762.0775789173667, 1760.507833532909, 1121.9126311348018, 2231.4933387389024, 2181.9720100733634, 2596.705845979082, 2556.190446617189, 1715.4237093533907, 1466.9374948135137, 1371.2461592446953};