name="DEsPA CEC15";
dim=50;
bound=3;
testID=15;
(*--------*)
min=283.97474558121485;
max=284.7837212477971;
median=284.41340925242525;
mean=284.3807503179068;
std=0.18357236500234533;
(*--------*)
data={284.6587754615707, 284.4343894199719, 284.7837212477971, 284.00060643737015, 283.9879843778999, 284.5316018920346, 284.4758714554348, 284.4804695573025, 284.30790273248795, 284.13126429556087, 284.3991984649904, 284.68956546358777, 284.3206735640938, 284.419747201448, 284.24897194709274, 284.21640312851537, 284.4517047354425, 284.4741996965204, 284.4941315897463, 283.97474558121485, 284.38863116295784, 284.38152025542627, 284.3208221243776, 284.4363848891785, 284.59997094174514, 284.50852542136204, 284.3896885413899, 284.3307105591871, 283.9885654000652, 284.17510641044123, 284.01078746304484, 284.3676989098783, 284.3180431637347, 284.3734203494869, 284.5049355587148, 284.55909554563686, 284.4811548328853, 284.4380705554995, 284.48898190544696, 284.4569831029321, 284.41340925242525, 284.46472434871635, 284.35414399194997, 284.51580317300477, 284.5546625773675, 284.1503146044863, 284.3981732585703, 284.1313217900756, 284.495745575349, 284.41128976042364, 284.52765253740904};