name="DEsPA CEC15";
dim=50;
bound=1;
testID=7;
(*--------*)
min=42.78635181829975;
max=45.02807379324145;
median=43.24417389138182;
mean=43.27156033427837;
std=0.3370420628106862;
(*--------*)
data={43.425590571692965, 43.28056263419262, 43.44372223513005, 43.27794051989042, 43.50392353047209, 43.15268568494935, 43.26968089219565, 43.12859874987066, 43.361605746347095, 43.02010141991525, 43.35511678174055, 42.90968155062842, 42.8549975158013, 42.98971762450515, 43.389899612169074, 42.97995158889762, 42.78635181829975, 45.02807379324145, 42.93800484370297, 43.31873184547533, 43.24417389138182, 43.263200331594476, 43.45593073535042, 43.20126045895222, 43.220971513555924, 43.51486088324782, 43.543256206402475, 42.933135875056564, 43.356458493216905, 43.054979773006266, 43.4969517680405, 43.10673197596543, 43.198443651571665, 43.231033136986866, 43.307477151506646, 43.09532313914269, 43.622634100246614, 43.190140775065174, 43.36462163641943, 43.28953787034345, 43.69864413001915, 43.06298847190601, 43.732834465201904, 43.53513612331551, 43.00519597316759, 42.890532980074795, 43.04935675901868, 43.0775149145652, 43.11042071216741, 43.062243292435824, 43.518646900153044};