name="DEsPA CEC15";
dim=50;
bound=5;
testID=12;
(*--------*)
min=111.27219223640668;
max=116.90958956486611;
median=113.60759364334217;
mean=113.61016636232286;
std=1.1550873689555192;
(*--------*)
data={113.29622704102803, 111.27219223640668, 114.39951341377014, 113.00733711614703, 113.72351961696654, 114.94878923124293, 113.00879006582659, 114.82914506821157, 112.84690907685763, 116.71497330218722, 112.67433551268664, 113.80636424399563, 112.64612750083324, 112.21701976172858, 113.44724917732333, 114.55338302237033, 115.37772386705046, 112.22379301045999, 113.55421078903191, 112.8489948263084, 112.90310507982326, 112.30995412703214, 115.08963715438631, 113.98038007370565, 113.60759364334217, 113.94516996582752, 116.90958956486611, 111.54788181977392, 113.28555472974267, 113.607724290428, 113.28586791781277, 112.42577710182059, 115.52080429259195, 114.20258008996325, 113.00754016810151, 114.65806785148243, 114.16918541350537, 113.56971755290829, 114.35610790727651, 113.76752093097093, 112.85413290605015, 114.18289241613161, 113.94225834896974, 112.45865382019042, 113.67247893817421, 113.6115442854848, 111.96963381470664, 112.94052598368398, 112.35431596940111, 114.63046107067635, 113.95522936920429};