name="DEsPA CEC15";
dim=50;
bound=2;
testID=14;
(*--------*)
min=29792.02197558202;
max=29808.82303267811;
median=29794.94505280511;
mean=29795.51192326897;
std=3.007299699984176;
(*--------*)
data={29793.422990785482, 29792.988997522712, 29796.51350817971, 29798.361948046364, 29794.727511496538, 29792.04085039486, 29792.597100750783, 29793.970508162616, 29795.413117646374, 29795.20288230477, 29796.261836358597, 29796.471026476243, 29793.57837498957, 29801.372670862544, 29794.377495332476, 29793.35219028939, 29798.139122598095, 29798.23797953157, 29794.94505280511, 29795.635351245674, 29800.299501485195, 29796.330565390916, 29792.736578171192, 29792.85699823526, 29792.325237670942, 29793.228501931288, 29795.089072017043, 29794.383410982413, 29792.02197558202, 29794.410094122075, 29793.6660637392, 29796.728363513444, 29793.317983266596, 29799.701820805185, 29797.716817885066, 29797.928719582287, 29799.218388741156, 29793.543330116085, 29793.78252356871, 29798.296581168855, 29798.079851611852, 29808.82303267811, 29793.86995678981, 29795.36058923998, 29792.447022779183, 29792.06116952866, 29795.764977583476, 29795.837578854662, 29794.091650557097, 29793.649093471075, 29795.93011986922};