name="DEsPA CEC15";
dim=50;
bound=4;
testID=13;
(*--------*)
min=220.36014077215782;
max=239.59156831562154;
median=231.2090659230746;
mean=231.65617645770604;
std=4.306569652395922;
(*--------*)
data={228.05050417048824, 220.36014077215782, 237.6514277669753, 229.9579007856737, 230.91653406833757, 231.23387190983317, 236.29387277221394, 231.531324819553, 227.47752194836175, 229.31384418600555, 235.86756386123398, 239.56878031445876, 230.6843842765602, 238.57208515634375, 226.15523919859424, 238.93990441688038, 235.09574204508522, 239.59156831562154, 237.09473436113126, 228.44533228383898, 233.86397311913356, 228.88120490637903, 229.0915131067825, 225.47538834818215, 231.2090659230746, 229.23976186920186, 234.89359924888117, 232.76478711521963, 228.46163377800622, 227.3552725233758, 233.1004429790937, 236.41433489978021, 228.98726640603968, 234.60125504047028, 232.07137585831333, 229.75417775330152, 225.98214582015953, 229.74551745219696, 226.6486286626714, 235.9538221534167, 237.86509402224988, 229.05289855832712, 232.2523650534947, 233.05221655607397, 226.78419307180025, 232.87761251662687, 224.92751039577593, 234.7533931014234, 230.76517378135395, 229.38643286433626, 235.45066502851614};