name="DEsPA CEC15";
dim=50;
bound=4;
testID=15;
(*--------*)
min=283.9263043392989;
max=284.86578267950085;
median=284.3824379052089;
mean=284.3370089834354;
std=0.21955335943736065;
(*--------*)
data={284.5214157875489, 284.45002390200443, 284.43408784692997, 284.3627953788498, 284.3805309718375, 284.469313973613, 284.3740302918211, 284.3639051730422, 284.1341022454528, 284.46020048850596, 284.0413049650399, 284.44848766961763, 284.50944367354896, 284.79537491529186, 284.4383816162149, 284.03966250774965, 284.50005861827094, 284.2573678162946, 284.08973126586943, 283.9263043392989, 284.3055748633435, 284.3824379052089, 284.1022613467444, 284.6900049452379, 284.0208229914758, 284.0497998049966, 284.0725048916763, 284.54124291834614, 284.5203638238163, 284.15049984511734, 284.52731213984544, 284.091419897213, 284.86578267950085, 284.4719729493288, 284.5787467889802, 284.56137083351564, 284.0458106897486, 284.4041124986552, 284.39020465041585, 284.6271700484149, 284.3945819044843, 284.43049120569367, 284.376214842179, 284.21809895886986, 284.08615424051436, 284.2125648582819, 284.0531721407028, 284.4719043227328, 284.40209210413013, 284.09728504727263, 284.0489585719597};