name="DEsPA CEC15";
dim=50;
bound=0;
testID=14;
(*--------*)
min=29791.005081908355;
max=54756.63227278032;
median=29791.0071800733;
mean=31694.825777496495;
std=6591.8498946752;
(*--------*)
data={29791.006653028737, 29791.029554766737, 29791.005781626274, 29791.005613596157, 29791.005081908355, 29791.00558811523, 29791.005646178517, 29791.00543931476, 29791.00714641117, 29791.00830881272, 29791.006279843332, 29791.009776338768, 29791.009270213774, 29791.006176786395, 29791.01221230506, 29791.005819556332, 29791.007222051274, 29791.006449909106, 29791.00691927986, 29791.005382085477, 29791.00521344803, 29791.023845718286, 53904.64217415165, 29791.00650519973, 29791.00698132946, 29791.00561638247, 29791.00733425179, 29791.006587564818, 29791.163310943943, 29791.008159744408, 29791.008151356094, 53907.17753580273, 29791.00650811715, 29791.00633268302, 29791.018598891234, 29791.005738307933, 29791.005170202403, 29791.005905754457, 29791.007693291496, 29791.00530129828, 29791.66391787509, 29791.0071800733, 29791.01458617251, 53689.44933772145, 29791.009934982652, 29791.008242922668, 29791.008792560533, 54756.63227278032, 29791.010957344646, 29791.013984618286, 29791.012458702608};