name="DEsPA CEC15";
dim=50;
bound=0;
testID=9;
(*--------*)
min=203.0267728764104;
max=542.5168494520926;
median=204.48388350830737;
mean=251.3673046701301;
std=110.88248610963437;
(*--------*)
data={204.47087105953165, 203.7927056430567, 204.29430367726764, 204.32865074582514, 542.5168494520926, 203.83642897463824, 203.91400505056663, 204.5716975987541, 205.4690340857726, 203.0267728764104, 204.07750583866846, 535.3011350731456, 205.0123613024382, 204.68593960219528, 204.6893170017952, 204.54729871497625, 204.47396800019237, 203.80127896534577, 463.59402502653165, 492.8954700382951, 204.9067495914387, 542.0962063421312, 204.94487536029715, 518.9622441514339, 204.7417005166285, 204.5769646813303, 205.380823849928, 204.25664724277408, 204.2024844240973, 204.13297850561526, 203.99372602056428, 204.85633694626358, 204.24007854861748, 204.48388350830737, 204.8038729691466, 204.87728817285551, 204.21495955978207, 204.15453332208517, 204.90278015483182, 204.8217708870277, 203.75529675144435, 476.3806081813675, 204.1928643805536, 203.28954604758565, 203.75715824687973, 204.23331781188222, 203.97782576744817, 203.81273073299144, 204.48784541826967, 203.60100735965648, 461.39381399590866};