name="DEsPA CEC15";
dim=50;
bound=0;
testID=13;
(*--------*)
min=223.7423331659743;
max=239.99613690558522;
median=233.7774590698882;
mean=232.95268370463273;
std=3.8451671387921076;
(*--------*)
data={236.13899583406783, 225.92225438571222, 231.6863342286099, 235.33501368854672, 230.9350786004868, 237.77017499896283, 235.70991759011736, 236.90762909666387, 234.5181718027436, 230.468852318862, 227.73383011189753, 229.06495620191322, 233.48287552698616, 225.562385377307, 230.01403973441074, 231.69560219521986, 228.10511319227953, 234.91978770963397, 230.3258471308684, 237.1566465392193, 232.45425360481659, 223.7423331659743, 228.10833952934104, 228.1732024396863, 228.17681329541983, 233.9798683931847, 239.99613690558522, 230.7006237819046, 235.54633392145843, 238.35021461230008, 236.1950315445465, 234.75760109919997, 230.00212242074372, 229.13936072376214, 233.7774590698882, 231.3266223522687, 236.71117597211628, 232.8302978180409, 229.12842650010543, 230.44582821699623, 238.82319939027502, 237.1081374834739, 234.08373298922288, 236.7025318214762, 237.76477578598724, 235.61855741271415, 235.06519421844814, 237.8215944954784, 231.5098534467122, 234.5563841203748, 234.53735614026027};