name="DEsPA CEC15";
dim=50;
bound=1;
testID=10;
(*--------*)
min=1021.1530209792147;
max=3361.995879623194;
median=2194.6584941416572;
mean=2141.411741901278;
std=615.3356800359235;
(*--------*)
data={1762.2215441986805, 1152.6943057229132, 2267.656128952853, 2581.085176220593, 1873.2402043528864, 2416.850290902679, 1653.7942439238604, 2982.414993042887, 2748.061376275446, 2306.193610107362, 2236.581219341308, 1101.6840427744855, 3291.2202325453018, 1534.0734480127958, 1541.54356110756, 2701.614871178801, 1399.598680984393, 2539.3970628569987, 2513.885954637797, 1396.0925768831771, 1866.8809323018368, 2380.483200165973, 2440.2638894770935, 1097.7755812220894, 2194.6584941416572, 1399.1251428914443, 1857.1151526202589, 3030.4028300988257, 1984.1704832498058, 1526.0509929746822, 1994.1106872695345, 2369.243263209434, 1498.8484141077288, 2112.471255316546, 1021.1530209792147, 1114.1091012909192, 2118.895873092987, 1896.1421022639379, 3140.767987749997, 2483.858418813832, 2568.496919923605, 1755.8910724035882, 2748.7336600386316, 2085.239953635154, 2194.95519643528, 3182.601928262111, 2250.6373701692896, 2082.6148118678293, 2443.8766281934472, 3010.5250691524498, 3361.995879623194};