name="DEsPA CEC15";
dim=50;
bound=1;
testID=6;
(*--------*)
min=982.0534396187045;
max=4206.638577619828;
median=3046.7841890337104;
mean=2905.6165578409054;
std=811.3385319452246;
(*--------*)
data={3048.9742785234534, 2123.6109311741525, 2373.204372007058, 3189.3953330886825, 2604.530119745382, 2421.312835587816, 3497.9804472193628, 3982.3901508008385, 3345.057123726886, 3593.2175142249416, 2783.8211303000917, 3497.6223255867317, 3592.9813010525795, 3209.786466795561, 4206.638577619828, 1609.2356096594376, 1185.7968255681003, 2344.408583943949, 2586.7882918674104, 2379.209261531063, 3569.612009268936, 3673.307690369593, 3449.7808920435496, 982.0534396187045, 3344.5847708907722, 2192.896359495569, 2686.1681950758734, 2469.0394952019856, 2438.7693387006375, 3945.936252173653, 3278.854734845955, 4163.754653529587, 3353.0419312945537, 3596.9492458042696, 1986.0389619913449, 2233.557978401293, 3835.4780959406507, 3046.7841890337104, 3138.862124932832, 4200.990139313047, 3843.9957298765903, 1500.630065623885, 2771.8192848946132, 2318.9651261338527, 2035.0090119301244, 3962.236761298199, 3645.293154481855, 2295.5252317440454, 1781.1403882801515, 2150.137102724713, 2719.2706149483015};