name="DEsPA CEC15";
dim=50;
bound=3;
testID=6;
(*--------*)
min=1594.4299844265097;
max=4454.460271324449;
median=3361.8523277824274;
mean=3300.0926794539755;
std=650.7806997928753;
(*--------*)
data={3527.8053901072744, 2877.6379311856094, 1907.061989773577, 3053.1774456521725, 3037.7854259043006, 3474.4011416596427, 4421.958063929579, 3190.162533717653, 4048.974034420303, 3055.1364164961833, 4284.4814800303075, 2279.7955650805184, 2493.906501701327, 3597.0688869695978, 2462.7069540459966, 3564.886718597155, 2928.2773273874755, 3720.0550355120067, 2931.1211182670054, 3423.291696001001, 3994.057141320677, 3361.8523277824274, 3817.410358262977, 3323.7744625436717, 3700.3639958906588, 3915.205771671908, 3173.498933794166, 3198.2610029796974, 3258.3236315321574, 1996.2940028506655, 3505.392128020316, 3626.258184999502, 1594.4299844265097, 3740.2816593610823, 3039.463372861949, 3612.5795491684985, 3983.292862577291, 3424.602007622981, 3585.581733341969, 2563.9077559094285, 2520.5794743570077, 4330.4871051018645, 4323.301010386451, 2765.462023842631, 2841.9605334608323, 2745.356143415625, 4454.460271324449, 3314.4573505597823, 2864.3471588261905, 3828.440299475138, 3621.352758045552};