name="DEsPA CEC15";
dim=50;
bound=2;
testID=2;
(*--------*)
min=648.8078214077395;
max=27495.254755954407;
median=6435.720831440773;
mean=8083.535499013916;
std=5700.645591919067;
(*--------*)
data={5434.4590671998585, 7394.458941733958, 3579.66042323243, 5842.721051015233, 15672.554244437966, 2767.4469912194822, 6435.720831440773, 9939.504786933796, 7035.29045341653, 15188.614690751216, 21123.384739313107, 4066.4660647949295, 6394.864591560699, 7543.604344823053, 4537.191404263324, 8555.516878100489, 5096.339272822305, 4306.601049862537, 27495.254755954407, 9263.006951257503, 19911.977764300176, 6871.372617934921, 2810.180571071752, 5703.783838553042, 6214.706276331648, 11438.429669433144, 7178.722819681468, 8593.820566800943, 12800.818091438543, 3194.3308655165047, 1807.7945660538685, 2392.133537813991, 7618.240753467096, 15468.411595401385, 3229.2967931836183, 1954.6737028172238, 11684.469805566578, 4965.812531073709, 6387.036260087181, 15434.073730811459, 2055.295678755379, 2810.419752093925, 648.8078214077395, 1860.9295768138795, 12416.06871623145, 5144.278118305055, 11698.780257401426, 8938.102010646755, 3675.3058012328506, 18763.82140822892, 10915.753417120508};