name="DEsPA CEC15";
dim=50;
bound=5;
testID=4;
(*--------*)
min=319.8892093643876;
max=429.4553574632914;
median=384.62315860798526;
mean=381.1995079464984;
std=24.840970690230666;
(*--------*)
data={382.82983765999506, 349.5968082014434, 391.29895666708364, 379.728366862008, 395.3157806175616, 334.5558436575627, 413.9264108081029, 346.59119664384684, 393.72387504770313, 357.15041933283567, 372.628552714159, 395.68108279907847, 383.3301064293612, 377.99837955919986, 384.62315860798526, 358.51435408995246, 342.49069493154616, 408.6411398669834, 429.4553574632914, 380.38177465330045, 396.23986653028646, 388.59742069942604, 388.9152386233077, 374.922713865309, 405.4500455273786, 374.2234144973895, 406.29882727919346, 413.9297645725692, 399.20887492914346, 378.62235708036565, 398.64504876839646, 381.9814705909703, 354.61291722011947, 422.1025367463244, 353.5102237186734, 395.07849863673573, 319.8892093643876, 384.71046530253204, 396.7851143867781, 361.2044710277156, 395.74909689135325, 367.5212538633999, 323.83242008226375, 386.34302049906637, 396.30414709665865, 393.3231626205004, 379.8908966290114, 373.129358341847, 401.44739784784474, 335.0272590257837, 415.21631639368};