name="DEsPA CEC15";
dim=50;
bound=2;
testID=4;
(*--------*)
min=304.3320447667936;
max=446.61427988387186;
median=390.9477924995706;
mean=388.7843121368462;
std=29.814212620927442;
(*--------*)
data={353.4053720543236, 406.9496616267436, 408.33598958539824, 405.31237070308634, 373.3216144203359, 439.1301898594676, 372.7473829905341, 356.513293143812, 403.0912048870225, 367.1951409070573, 427.9099216743849, 427.48897204091986, 405.70847894618237, 382.83248190335576, 413.53115860697653, 410.10213166544145, 389.607553135173, 351.0829084936837, 383.13328386027933, 390.9477924995706, 332.7717874739491, 394.2899775301348, 365.52483460039775, 388.1167207986541, 427.0960416075593, 402.8411701029331, 361.8407668666209, 375.8431233733263, 399.19675869663183, 304.3320447667936, 376.9995060543082, 399.2087428536613, 359.9405604593669, 355.2611153340101, 408.435856966674, 446.61427988387186, 437.5502557329314, 357.7922410359729, 379.8451654424789, 411.3642771619077, 443.84451679940776, 397.44332416998964, 368.4506962092187, 414.8232024076847, 395.28508046432705, 386.1769788567127, 353.1155096729883, 397.23237732292864, 354.06262181231114, 356.356609459335, 407.9968720583206};