name="DEsPA CEC15";
dim=50;
bound=2;
testID=12;
(*--------*)
min=109.08649255836372;
max=116.7848953164762;
median=112.0694611973131;
mean=111.97840513924642;
std=1.4497369378335678;
(*--------*)
data={113.60217599385146, 111.745802111398, 112.17570477662252, 112.50325182959409, 112.12910571514294, 110.99211821493282, 112.35674398258675, 112.27032363312446, 109.22692674065775, 112.48852473821762, 111.23680053170756, 114.06547398609928, 111.79142619282356, 110.93783285400173, 110.01358471963908, 111.9937987828846, 112.18900198962933, 112.94182123604446, 110.76240754283481, 111.24514256575685, 113.62452346673626, 112.85356369009833, 111.86056021531135, 109.2223151040821, 113.82056498094721, 112.19612161978262, 111.97946238708278, 110.97432721226232, 111.04302614630774, 116.7848953164762, 112.29460915027244, 112.624522772614, 109.83393792697098, 109.75670130820686, 111.74926540572596, 113.25369376537401, 111.28062020341963, 111.68599490925158, 113.16798821666225, 111.92167126298295, 110.30390080196798, 114.62023060061847, 112.68214035600613, 113.85026328831873, 112.08788194997328, 112.0694611973131, 109.08649255836372, 112.50284346429316, 110.11610929281414, 111.99920916849874, 112.98379622528228};