name="DEsPA CEC15";
dim=50;
bound=3;
testID=4;
(*--------*)
min=325.6793524927716;
max=467.39913159221373;
median=390.302917446983;
mean=392.13826238193576;
std=31.885330193298937;
(*--------*)
data={354.048754290671, 380.55540655138566, 430.8452034643062, 390.302917446983, 395.0057718527653, 413.5395002292763, 368.9763961738993, 373.8120483740454, 424.3222670503019, 467.39913159221373, 378.87142153466993, 440.7024002856076, 393.30591944527055, 358.7072663979951, 325.6793524927716, 391.94388976042785, 382.16915325891864, 422.93843338663703, 365.5427162535741, 382.9367011195893, 432.08724500698713, 407.1802698195261, 367.79665435992024, 358.89547914198863, 396.97182831522537, 361.03059872837366, 396.9986058557122, 348.4474051828679, 340.36369249760185, 413.5695371661591, 439.8247428115012, 418.69221632843187, 373.90713408920533, 438.37361865312573, 339.3994472820692, 390.0864578079281, 369.9183503251603, 429.4689464410508, 437.2778618829225, 396.54233905282786, 380.10195761970135, 428.24568890123237, 419.57514184142724, 403.76823425519206, 383.7021869994153, 348.25091410077084, 417.0221797990662, 362.7439706703839, 386.9264178628448, 417.4932661688731, 352.7843415499191};