name="DEsPA CEC15";
dim=50;
bound=2;
testID=6;
(*--------*)
min=953.333910581546;
max=4290.186309063782;
median=2818.4424676211856;
mean=2807.8528430771075;
std=909.5819118071618;
(*--------*)
data={3057.192058416532, 2984.272497843828, 953.333910581546, 1261.6864293868396, 3045.6198325563155, 1462.3097895810079, 2501.1587303299575, 1064.0406377163667, 3785.6307384855627, 3473.343489444067, 3686.867013905764, 3761.6846308724325, 2460.7487151580535, 3866.8561422123475, 2549.697676013235, 1819.0792220569629, 1288.1039887420634, 4166.429068907729, 3472.753238495219, 2175.784112005112, 3939.5080818071874, 2630.7900819642705, 3374.5187655755194, 3558.6951869156237, 3373.9378623423627, 3619.3697573971513, 2512.368838685026, 4001.691960381282, 1531.3312060674234, 4181.264949120146, 4290.186309063782, 2524.6809121278975, 1749.0715069902571, 2967.7651955401498, 1037.6698539757585, 2097.8866128342697, 2632.490438628246, 2340.3242779340576, 2309.461133099604, 2008.470191444283, 2818.4424676211856, 2517.8304660922827, 2503.0376896880375, 3408.4746277420195, 3304.2828036510855, 2716.806688677781, 3661.353393736591, 3935.9782513296204, 3002.5229206702998, 2265.2428141470587, 3548.447828971275};