name="DEsPA CEC15";
dim=50;
bound=1;
testID=4;
(*--------*)
min=277.9741823335704;
max=432.840479811146;
median=373.6031960976902;
mean=369.7859400342606;
std=31.067927061043484;
(*--------*)
data={308.7508049415527, 390.68033155605553, 373.8649504032385, 390.41232787644617, 277.9741823335704, 432.840479811146, 341.92231888622086, 361.43109710905935, 353.9935226181842, 417.83515556650036, 369.2091937537082, 389.0553821565759, 381.0014896481921, 377.9387002003234, 398.34353806317006, 362.19055449106486, 423.0885751314486, 388.3083963080446, 386.51775679152524, 383.7256700985995, 388.0938538171123, 386.2012794748673, 390.15023647757334, 368.4052022492922, 346.2758881603818, 365.62399398178763, 380.05257686821767, 373.2939944325684, 373.6031960976902, 366.43687691525224, 431.68715098782536, 390.4722997552991, 356.3173815752434, 334.5356294835649, 350.54878424391666, 393.5239434710045, 344.11266933968477, 359.31652600366294, 392.49974557545477, 356.5944579839485, 354.5769549213219, 360.9725147525684, 356.6742695329691, 309.62380530132407, 393.029438033313, 337.30942785940374, 381.1492835963321, 326.0342161349006, 303.6818299597966, 394.4601858371833, 384.7409011791998};