name="DEsPA CEC15";
dim=50;
bound=1;
testID=12;
(*--------*)
min=110.65023519837541;
max=117.7642807854429;
median=114.12568543465522;
mean=113.87073608219825;
std=1.527625440190843;
(*--------*)
data={112.93592251126461, 112.69789511480053, 114.48458247582744, 116.21522951855809, 113.35375953030075, 113.20134335152761, 114.40232002920288, 114.29034311669807, 114.12568543465522, 114.43507534886521, 117.7642807854429, 114.19691550517905, 115.22826412460631, 112.24426246048688, 112.01802522238609, 114.27536203764294, 115.58451176045105, 111.4865992375976, 112.9815916425407, 115.33984569171048, 116.33897316559728, 111.31117257841333, 114.57416532744674, 114.79521929041857, 111.70643645064843, 114.03010439303011, 110.65023519837541, 115.46810808461487, 113.28782619329854, 111.48809369662126, 112.24485557816843, 112.32091918697574, 112.82929249289418, 114.64405518226363, 112.95149545542131, 112.66489913524197, 112.4640117375086, 115.68960443672995, 113.38957704757968, 115.38747779276582, 116.01308282246055, 114.80582342441335, 113.42028856453794, 114.79182148991526, 116.17033012196612, 112.0855003733468, 114.75540908724338, 114.33609637909035, 114.87551298916651, 113.36579643209097, 113.28954118412071};