name="DEsPA CEC15";
dim=50;
bound=5;
testID=6;
(*--------*)
min=1040.605437838233;
max=3938.299158714647;
median=2574.0919329104154;
mean=2544.5525455303755;
std=779.3293961829672;
(*--------*)
data={2644.856562095035, 1040.605437838233, 3429.0439519377896, 2109.91698340151, 3791.392275080454, 1902.1107916518422, 1588.1248691909536, 1534.7033709192065, 2634.807203381172, 2355.241809115899, 2142.8604838885244, 1739.0748355736105, 3842.380102500916, 3110.0406118269384, 2574.0919329104154, 2351.2131046451254, 1589.1144859447195, 3046.470347962586, 3938.299158714647, 3315.384932137007, 1660.2895028943358, 2434.3081005872355, 2276.559525685258, 3227.4584680565067, 3155.5704555410507, 2984.815859654802, 2889.1334657178395, 2640.245544491516, 3744.40140665715, 3226.5001881142584, 3269.9164491392016, 1581.799206781061, 1183.8600561626713, 3426.8746196936777, 3282.949676335886, 1525.6200070426057, 1750.3633731627297, 1204.099770212242, 2276.3356428063807, 3803.0709156902813, 1977.7599401173802, 1977.449662757509, 2404.710551973331, 2745.4297136450487, 2699.066637316887, 1835.883097059107, 3308.982343853268, 3506.014288561015, 2129.942320895024, 2594.089287558872, 2368.9464931683983};