name="DEsPA CEC15";
dim=50;
bound=2;
testID=13;
(*--------*)
min=217.09824350040208;
max=240.84313650167132;
median=233.5728297771966;
mean=233.36714443263364;
std=5.248754275174118;
(*--------*)
data={232.59126015965262, 232.10380915393102, 233.41580495395078, 232.57823850571913, 228.7810526508622, 236.17804652101677, 228.5357550845256, 240.5670976352901, 235.4300622371743, 239.42454564474428, 227.59866169226734, 236.23101626797938, 237.31808742618273, 226.12191064240392, 230.02417180530506, 232.74949303241328, 233.5488766262049, 238.01065107696536, 237.8766332407581, 217.09824350040208, 233.5728297771966, 235.25680384654788, 235.36503500228355, 217.28557234103096, 232.58144852978626, 235.58978405668609, 226.7763962035874, 232.86563021415645, 229.67259397762882, 230.2122343721653, 235.9937970466333, 235.89948439846194, 229.00550494442882, 231.26960125569212, 237.34039838936064, 240.84313650167132, 231.32350501902351, 238.6000694444483, 237.84714142754342, 236.63798531158295, 240.59278777186728, 228.83806732025164, 223.30621908146895, 235.89302469297286, 240.54095395840432, 235.51143952785105, 235.77613738900413, 238.223336473156, 232.85971130124653, 231.83124877543992, 238.22906985498707};