name="DEsPA CEC15";
dim=50;
bound=5;
testID=3;
(*--------*)
min=21.254756611949006;
max=21.465501676566305;
median=21.385168389338844;
mean=21.383760405918736;
std=0.05529633653587495;
(*--------*)
data={21.35933769953516, 21.42190039993966, 21.359359468486446, 21.438310341120086, 21.38904291582793, 21.35972032773327, 21.276029877503504, 21.46228967360173, 21.35933681214715, 21.450718246309748, 21.27259482064659, 21.442373361210457, 21.408408840252605, 21.269280739681165, 21.370275467726344, 21.385168389338844, 21.314409494333063, 21.304091507327712, 21.344155408900974, 21.369679800241897, 21.382734650426244, 21.429974192335067, 21.385077491139498, 21.374206989655306, 21.41347389286244, 21.337272181521314, 21.406101058741, 21.441992483524245, 21.254756611949006, 21.325749731047495, 21.370036294642716, 21.394154991601795, 21.38084094550635, 21.455421971472447, 21.34402105456809, 21.399509262706147, 21.458087802305556, 21.398634301115976, 21.41550935582302, 21.421867362259093, 21.434920596182565, 21.428955009545177, 21.436956014033967, 21.44941944696069, 21.454987010604498, 21.332724094655248, 21.40241150049019, 21.36490786841574, 21.465501676566305, 21.368542182130682, 21.28654908520309};