name="DEsPA CEC15";
dim=50;
bound=4;
testID=2;
(*--------*)
min=300.71995480189685;
max=39193.62262943862;
median=9182.55951870894;
mean=12084.970569156338;
std=9595.046770893285;
(*--------*)
data={1480.27737141878, 1030.6023420933511, 20022.69101787807, 39193.62262943862, 33005.84505459724, 8877.663443804457, 13248.999422066581, 2899.7235975033364, 1630.1670840245743, 5697.7832574385075, 16809.70430109658, 31083.534417560255, 10196.847711153281, 17600.6984601067, 5463.746408942648, 9526.566762206437, 5705.685684515135, 2832.009071820407, 22500.08032340193, 14087.512863883236, 10475.245344040077, 10319.002996960764, 8551.69101519241, 3401.884318253758, 3220.4339555714505, 6316.619039801665, 19961.540354006524, 15418.38229148613, 25211.756354052806, 7823.150050622058, 3198.899066341153, 10566.20867537967, 7177.930715839868, 17300.785950156223, 8169.772699880508, 16059.936251192885, 18473.52071410241, 3283.545790862535, 6616.366108528909, 3105.812664264238, 23647.350377742063, 677.9990773453071, 2591.1612677412554, 9107.998675434617, 21515.894697138105, 32926.49061594155, 9182.55951870894, 24679.017912445564, 300.71995480189685, 20044.24613521009, 4113.815212977693};