name="DEsPA CEC15";
dim=50;
bound=4;
testID=9;
(*--------*)
min=203.41831600385012;
max=503.7058367183322;
median=204.41233629839053;
mean=231.53185068461053;
std=83.11325357683948;
(*--------*)
data={204.05805446425438, 204.32846549793908, 204.3823317006768, 203.94607676316946, 204.35649888131707, 205.64257114812744, 204.63698654614268, 204.34217036037535, 205.39150733069778, 473.774716727532, 204.0493752734019, 205.6121848954224, 203.9563473048638, 204.85025799729533, 204.41233629839053, 204.71670348842804, 204.1803061707451, 205.54236066827252, 204.00960250879734, 204.54516428002808, 204.22503496056538, 203.6924642281931, 204.36188407267537, 205.1955315311311, 204.37711473168952, 204.76853420636985, 441.2338849925893, 204.11027766319899, 204.56822476521938, 203.5635859065892, 205.07523331226685, 203.7234202780262, 204.06123503908248, 205.32865961365223, 492.2899997931106, 205.0330224136262, 203.58540723455963, 203.8728912747797, 205.73486736543327, 203.98537640997733, 204.19508865579178, 503.7058367183322, 204.78211142570694, 205.59568662355946, 203.75759935084739, 204.9154301562612, 490.40450699482153, 203.41831600385012, 204.92294142456626, 204.3243403771935, 204.58185908559267};