name="DEsPA CEC15";
dim=50;
bound=0;
testID=6;
(*--------*)
min=844.7546577482069;
max=4743.364360645973;
median=2809.114618252379;
mean=2694.6835437503128;
std=973.8909994954016;
(*--------*)
data={2419.295450139226, 2860.7640577269017, 2611.760799565526, 2840.89285259634, 4014.2762836484835, 4095.6630972234852, 1881.2148110215107, 1407.9663292015844, 1337.8423448121578, 2596.0819615007085, 2899.975913268091, 907.8154631376424, 2100.9692484888665, 4743.364360645973, 1462.8439382680208, 1119.7655417961225, 2809.114618252379, 3416.7351096633147, 1290.3439059298673, 2861.983404921532, 2451.2359417308367, 2564.33663126266, 1843.6221497785955, 2870.455551636502, 3315.11934524732, 3202.5201763445766, 3586.6778671735938, 1884.801103380726, 4012.9673421314255, 3132.4089669179575, 4274.783840204297, 2350.399839860056, 3400.982218115606, 1719.1705293567838, 2496.2303845724823, 3889.4207009618085, 2383.7462416024823, 3532.128669266731, 2306.9551686849027, 844.7546577482069, 4181.671554106785, 1277.24442273639, 3236.6741428827736, 2904.6075646779964, 4122.513988763297, 1882.0909760244804, 2036.9689191270218, 3392.1961835845054, 1724.2725417319616, 3606.6965032294647, 3322.537116615995};