name="DEsPA CEC15";
dim=50;
bound=4;
testID=1;
(*--------*)
min=15189.71917323091;
max=110243.30658518244;
median=45050.72586524975;
mean=53103.45019435294;
std=25164.882358411323;
(*--------*)
data={44916.63158307902, 76430.95499059411, 29821.247388561063, 107662.11633403321, 38991.6792565226, 21785.6181079689, 83859.74105871435, 110243.30658518244, 32952.90743846223, 21065.910018126262, 34287.15324655538, 35984.732808119705, 75218.09722495438, 52756.354258379324, 109590.01630689499, 36373.19366835098, 90860.8915365009, 44412.75410827531, 33742.17449109125, 45050.72586524975, 62236.56937209199, 18788.726513418274, 73078.60870823929, 25456.382083234766, 55799.370950336066, 51099.74555711393, 31200.042344016434, 59968.20137275811, 74615.56817244657, 29854.29851136216, 56251.51527992579, 27657.46249420705, 15189.71917323091, 41913.53291800794, 62763.38256511231, 42062.52055848734, 45716.64622553361, 47197.870750562346, 75690.60825426491, 58565.75829069521, 88171.5169744745, 39335.4769796239, 42245.05199272281, 61281.0767765485, 29998.393510887836, 80657.93337568046, 44352.03728848501, 87317.6700006066, 38401.348736457454, 20760.491693238047, 94642.22621261283};