name="DEsPA CEC15";
dim=50;
bound=0;
testID=3;
(*--------*)
min=21.252466418670735;
max=21.4818002253607;
median=21.391548383533177;
mean=21.386874362283862;
std=0.053187048014150674;
(*--------*)
data={21.293852782257602, 21.367489552008067, 21.4525343548691, 21.381843858302034, 21.39757909792195, 21.421436793372493, 21.40414117056946, 21.43869990612029, 21.2807352021469, 21.4818002253607, 21.44856335923413, 21.395338724138696, 21.37238274172256, 21.435798143261707, 21.394488448256936, 21.42851694264175, 21.391548383533177, 21.389536329813268, 21.400236474853614, 21.457737119419903, 21.413962391002826, 21.422653682005944, 21.372982583349483, 21.37442939699997, 21.416644551803813, 21.389034306429267, 21.296988483620737, 21.31464139283736, 21.438914731908994, 21.368966844278134, 21.252466418670735, 21.27405506496467, 21.404087120477413, 21.409504899782007, 21.273537534050092, 21.44800163843314, 21.388220267576173, 21.41082248678572, 21.363045363581477, 21.424307032158538, 21.389613011415065, 21.356714753910865, 21.33002757201143, 21.42466777311097, 21.367004508806644, 21.32459198281157, 21.379646738406677, 21.373202144705544, 21.465137656503998, 21.382706195937487, 21.445754338335632};