name="DEsPA CEC15";
dim=50;
bound=5;
testID=15;
(*--------*)
min=283.93494587003624;
max=284.9883245685287;
median=284.3007319008891;
mean=284.27464027228706;
std=0.22683538546623264;
(*--------*)
data={284.56859799361723, 284.4316399200741, 284.1282018723705, 284.51552114293827, 284.59495233622533, 284.3098562918294, 284.3780349115318, 284.6670878813143, 284.13545820810486, 284.38537730290454, 284.0375900956501, 284.3284605451752, 284.0874880071574, 284.4411663252313, 284.9883245685287, 284.40676117321823, 284.16522012383166, 284.0174351748831, 284.1833422147863, 284.16142232951006, 284.2739531853267, 284.4578732405696, 284.0195320468863, 283.97014670281897, 283.9513492595386, 284.07897011945715, 284.45523059665857, 284.48018861641185, 284.2195766563184, 284.3506887234803, 284.00930076538407, 284.3287493107614, 284.19597114945714, 284.0681288281901, 284.12541011422877, 284.373295404572, 284.4040412698164, 283.97342457480363, 284.3007319008891, 284.0008829711628, 284.2391056608219, 284.32955374143194, 283.93494587003624, 284.4455111463253, 283.9794262550988, 284.4298585130316, 284.06468094568663, 284.4650917866593, 284.5694539282067, 284.0149462277186, 284.56469595601084};