name="DEsPA CEC15";
dim=50;
bound=1;
testID=9;
(*--------*)
min=203.0950122237448;
max=514.1346998394956;
median=204.30873206734736;
mean=227.00420435055935;
std=78.96231256908244;
(*--------*)
data={204.30873206734736, 204.95280095726798, 204.2851565173255, 204.04662155476672, 203.72921329575047, 204.62021710960425, 203.87106461017765, 203.0950122237448, 204.06416258686977, 203.32928904455798, 205.15098398940927, 204.97613868704184, 204.1542175591885, 204.63865489658838, 203.18209124241685, 203.94963361379632, 204.52220325997928, 203.6388955420041, 514.1346998394956, 204.71508487382562, 204.79999449079264, 204.35542168025063, 204.07081070773643, 204.03454374247076, 204.04418643351664, 203.6732390091115, 478.06793442536537, 204.7988509829088, 204.3242983888572, 204.3437118669808, 203.96208805857987, 203.49864989386015, 204.23154168541078, 502.3671991199394, 204.97057361983707, 203.28965025263392, 203.4579682680228, 204.4971613737339, 204.2222213547011, 204.38903099486447, 204.94802146329948, 203.72933380273435, 203.85956610448807, 204.8412989085648, 204.10609725180325, 204.9622957404879, 484.00999977061974, 204.94196944651685, 203.7394274674616, 204.52531727156315, 204.7871448302551};