name="DEsPA CEC15";
dim=50;
bound=4;
testID=8;
(*--------*)
min=2095.1918365172824;
max=3817.2264827278386;
median=3069.0712667120224;
mean=2960.4282710328744;
std=458.11577078141204;
(*--------*)
data={2502.118161983662, 2384.434454195231, 2498.8013647439257, 3336.071328811344, 3090.4936918652597, 2882.8738448093827, 2669.406695908202, 3292.0391997951842, 3817.2264827278386, 2426.946008605538, 2769.0093133844507, 2496.293831957255, 3225.816732389073, 3067.2132388043315, 3648.6057240940518, 3199.0271151546053, 2300.372583116017, 3015.6087026809923, 3216.043577647913, 3241.43557337493, 2470.3423540667513, 3069.0712667120224, 2774.0631840716455, 3300.8563684193286, 2358.879898112912, 2095.1918365172824, 2454.4127198820524, 2255.9021805047178, 2579.3461107544617, 3206.094175949062, 2688.328594126813, 3110.304613106567, 3521.9341901203197, 3510.3732507554687, 3156.0286304390993, 2266.2352939245766, 3658.12858395237, 3290.066302842626, 3698.943271322316, 3228.540133039921, 3216.839376157673, 3454.6044401122617, 3215.619580594078, 3116.2400705647615, 3774.304272143552, 3019.0251743785607, 2661.5707263241466, 2933.3499830095875, 3161.389587079323, 2327.759280610885, 2328.2587470322783};