name="DEsPA CEC15";
dim=50;
bound=4;
testID=10;
(*--------*)
min=899.8968098873804;
max=3158.8915253309588;
median=2084.8440193172837;
mean=2099.724361001236;
std=581.4081862417762;
(*--------*)
data={2972.059591324489, 2432.2476334833377, 1011.0072888255158, 2810.861565547806, 1512.0324872784322, 2262.022452552986, 3059.6238674092087, 1780.7688967123731, 1854.1524669233, 1675.6651146591007, 1430.6581279639158, 967.4304596207485, 1655.5695598330535, 1366.8712663068954, 2722.1735798265454, 1875.811756515272, 2952.6965132533182, 1836.8919380083216, 2534.3463423087733, 1664.8974766295623, 2798.0432032834574, 2083.5898843719447, 899.8968098873804, 2916.074116704174, 1651.4444478980936, 1911.7129760703301, 1714.5537624518774, 2552.435689557881, 2102.1190631245913, 2153.1065588678944, 1990.8255448963337, 1877.0721664861157, 1410.1775286282214, 2084.8440193172837, 2200.9516794319848, 1796.047184286028, 2442.3203235890264, 2659.5511075293207, 2914.331136609098, 2508.4374039940867, 2594.7852164554697, 2345.620741028696, 2021.0835241545306, 2265.6144482199343, 1333.2773711923205, 1125.1137673927842, 2304.4858479308846, 3158.8915253309588, 2742.402091400214, 1867.384471770767, 2281.9604142183916};