name="DEsPA CEC15";
dim=50;
bound=5;
testID=10;
(*--------*)
min=882.2103843043001;
max=3315.817893847041;
median=2267.345232211019;
mean=2230.231473040508;
std=560.3272466388141;
(*--------*)
data={1410.5342800751937, 2267.345232211019, 2217.7320999175868, 2920.5792469116545, 2437.015100059562, 1369.5405819989683, 1793.2615161856788, 2039.4595398301117, 2660.951786158121, 2038.8235161034481, 2217.8882818897596, 2356.580846514659, 2130.104356403694, 1923.65636244309, 1190.0494851361582, 2438.022287563725, 2405.3497328654857, 3054.250889793172, 2523.127718728313, 2439.5049544508465, 1454.0468390034148, 2263.2801794163834, 3315.817893847041, 1356.2939301146712, 2354.793864583597, 3052.546308263218, 2676.389428888675, 1917.055476826455, 1847.7733130632287, 1224.9006391722805, 2090.517029171783, 1096.2224742770613, 882.2103843043001, 1838.899331532407, 2377.9426162627333, 2097.9467313985465, 2496.6417409587475, 2764.2158888592394, 2817.9328892780613, 2320.9488595667767, 2869.150716304864, 2224.5552793557254, 2794.630856908035, 2086.893381131411, 2589.401719705749, 1823.2109554863673, 2156.541728756589, 3010.720502108745, 2981.218141916722, 2753.228553541313, 2372.099655821518};