name="DEsPA CEC15";
dim=50;
bound=4;
testID=12;
(*--------*)
min=110.03953484862768;
max=116.92607942259906;
median=113.84292025026753;
mean=113.51332259940365;
std=1.4756092367565443;
(*--------*)
data={112.50964152409165, 115.08026566397211, 114.2816048466616, 110.03953484862768, 112.74652430772494, 114.19088156092062, 115.74218533853536, 114.1358998986002, 112.82891823093564, 112.18698422174975, 114.63087878277292, 112.73309543085543, 112.43711807640943, 112.47678142207133, 114.19961584859266, 113.3508090442167, 113.50373076332335, 112.28878831854786, 110.74942906681645, 115.153768183186, 111.30449813947325, 116.92607942259906, 113.84292025026753, 112.65539665822075, 112.26995161937316, 113.97179728549736, 112.57571520960914, 111.98261475501931, 114.63536311575376, 114.42008741385598, 112.72450441752426, 114.69822460165733, 112.81943512728208, 113.96955072204992, 115.03074275177596, 114.37760596722933, 114.775365445523, 115.80666802638575, 114.00734913264864, 112.09918469998274, 114.07049931323627, 114.29382395284688, 114.08942402299408, 111.12662122664938, 112.39879543972779, 115.01752408911352, 111.94224727906158, 115.2254756224188, 111.08315836136808, 113.68527925988678, 116.08709386194437};