name="DEsPA CEC15";
dim=10;
bound=0;
testID=15;
(*--------*)
min=205.21275146949915;
max=205.24773215103028;
median=205.23363481632805;
mean=205.23343800221957;
std=0.008005711600735241;
(*--------*)
data={205.22933995488143, 205.22257319682262, 205.23095831904766, 205.22863993382703, 205.2212669186149, 205.2358201110933, 205.23353680894684, 205.24506659880353, 205.24528723702133, 205.24494939798592, 205.22663978095898, 205.21275146949915, 205.24524907314003, 205.2365743065568, 205.22729001924813, 205.23765290605274, 205.23525673923814, 205.2433336075328, 205.22812612515986, 205.23473898520524, 205.24125891774565, 205.2428187390708, 205.24262098045074, 205.22455911640031, 205.24773215103028, 205.22634101382164, 205.233693697023, 205.2335851747241, 205.24022135683072, 205.2351631551503, 205.23307960442662, 205.23413747816312, 205.23923817516038, 205.22599021876226, 205.24038686917174, 205.22199727189604, 205.23275022196663, 205.23031683131035, 205.23222520844, 205.23555207519462, 205.23363481632805, 205.23203243163744, 205.23334189913726, 205.22797741903946, 205.22578164557126, 205.213168026914, 205.23793644283114, 205.24436097902935, 205.2378824681159, 205.22368178518354, 205.2368204530344};