name="DEsPA CEC15";
dim=10;
bound=0;
testID=1;
(*--------*)
min=1.1713861027828898*^-6;
max=0.0002359618766405447;
median=0.0000114843682723631;
mean=0.000024169927277070844;
std=0.00003790540870798973;
(*--------*)
data={0.00002008121633423343, 0.00011935142913443997, 0.00001475218981283888, 0.000010019202278499506, 0.00002126337813024293, 0.00001090345739385157, 0.000015795859226841458, 4.839278460622154*^-6, 0.000014708326673940066, 2.657913725556682*^-6, 4.17888914228115*^-6, 7.071731289443051*^-6, 4.912626096142958*^-6, 7.846730667893098*^-6, 0.00005749500157037347, 5.915282514479259*^-6, 0.0000349199617346585, 0.00007216493358441767, 2.5090240995950808*^-6, 9.399071743132481*^-6, 6.267394084602529*^-6, 0.0000114843682723631, 5.555601717333047*^-6, 0.00002607101401963519, 4.191527196439893*^-6, 4.441858465042969*^-6, 2.119979583881104*^-6, 0.00001277413895195423, 4.504617521661203*^-6, 0.00007446642889874511, 0.000015818915898080377, 6.579876540513396*^-6, 0.0002359618766405447, 0.000020055955829434424, 0.000041776923154657204, 0.000022286964494355747, 0.00003442684031540466, 9.779245928598357*^-6, 2.413839183645905*^-6, 1.1713861027828898*^-6, 0.00003520998309625156, 0.000014531300095654844, 0.0000453026405153878, 3.9740459527592975*^-6, 0.000018122169322509762, 0.0000452646525985756, 0.000019295752167636238, 7.478356081946913*^-6, 7.563798988030612*^-6, 1.5586731478833826*^-6, 0.00005143066275081765};