name="DEsPA CEC15";
dim=10;
bound=2;
testID=1;
(*--------*)
min=1.9759965681487297*^-6;
max=0.00029560442989406965;
median=0.000015252838252877156;
mean=0.000029023189034827576;
std=0.00004348833557240104;
(*--------*)
data={0.000031403999415147155, 0.000015252838252877156, 6.948265976802759*^-6, 0.000029085401124007152, 0.00003032961369342502, 0.000030880522885468054, 3.277965120673798*^-6, 0.00004112837294201199, 0.00005724138814855451, 0.00001888116440795784, 0.00002408069271098157, 9.024748749197897*^-6, 5.882368057541498*^-6, 0.000017545097392712705, 0.000014977495766288486, 0.000028971972540148275, 8.6904157257095*^-6, 3.0941114346205723*^-6, 0.000012372345494782168, 3.3846528850745017*^-6, 0.000012582255948245804, 0.00007938579634014786, 4.689517069778049*^-6, 8.851159549294607*^-6, 8.626246511767022*^-6, 0.00008780156974808052, 0.000034499773036600345, 1.9759965681487297*^-6, 0.000014651222187467285, 0.000062214905028668, 9.232842913320383*^-6, 0.000018337621952468908, 0.000010471692220903607, 0.000028865552977208612, 0.000018590996631928647, 5.326065448230111*^-6, 0.000014842530006831113, 0.00029560442989406965, 8.523925316694658*^-6, 0.00003460456139237067, 0.000031357919155539093, 0.00006056662414266612, 0.00006295599314398714, 6.08607460605981*^-6, 0.000014187618106120682, 0.000026776055676691616, 0.00006380090070479127, 0.00004323095917868614, 6.123197067608999*^-6, 3.620046811647626*^-6, 9.345158716200785*^-6};