name="DEsPA CEC15";
dim=10;
bound=1;
testID=13;
(*--------*)
min=32.237676622672325;
max=42.97817608719106;
median=39.582803232877495;
mean=39.10809765381786;
std=2.3960660434110053;
(*--------*)
data={42.40611576038464, 39.582803232877495, 40.123258171463476, 35.27341626642442, 36.83615882521099, 39.5792428280231, 39.66717866306999, 42.97817608719106, 39.767627893560984, 42.22606116699194, 41.2861236410472, 34.41047773086029, 39.29425839729424, 34.17892114952042, 40.813522644726845, 36.39278260981769, 34.0858405038573, 40.61851468155396, 39.41799292005999, 36.52375988669678, 39.01269301236607, 39.68791000179135, 40.91603419466628, 38.437969900428925, 41.78159910000568, 39.52387608212098, 40.23499404001791, 38.51312869554772, 41.631292053975585, 38.552307015708266, 35.83984086574674, 39.954260662082106, 39.00355984847397, 40.023820764607535, 38.53641477109181, 32.237676622672325, 40.124135996666155, 37.60669050538445, 37.990629121593656, 40.35377170013999, 36.718636233056486, 42.13381416960624, 38.13657200443208, 41.69890259669501, 39.34883483289195, 40.11247176107827, 41.699262235243395, 37.14175149583434, 42.760646265890955, 39.64298516565009, 39.69426556861163};