name="DEsPA CEC15";
dim=10;
bound=0;
testID=6;
(*--------*)
min=96.9343378391693;
max=632.7065987036224;
median=255.30013367965512;
mean=285.40747858629237;
std=111.50246951797423;
(*--------*)
data={346.2605612212981, 249.29544656853363, 255.30013367965512, 194.83830378843595, 423.9397392034348, 227.41571962090666, 406.86040856005127, 267.6280075800205, 96.9343378391693, 399.1562130755814, 309.3078181070289, 317.8513883291837, 208.73890111381434, 234.6980504604801, 229.13248939889343, 169.04550401108554, 366.20396896316174, 231.06485903889597, 213.32445138639832, 194.2288741213997, 417.7299842519096, 201.61653570535805, 321.01106329127924, 471.44548917140946, 236.7372146621558, 315.062919628764, 246.99519484806592, 162.3632243918837, 230.62029699645302, 334.3618974091846, 212.28186678283407, 177.76363271784192, 298.4420619940802, 341.8447700146505, 223.40833637808123, 427.7986079937641, 266.33486941099477, 149.5884375352399, 498.81040051999, 140.9217065777491, 146.18051473353717, 197.4514204679267, 319.9634066701959, 333.6752813564499, 561.7509931589925, 301.9932246131493, 211.09635874851483, 291.9605991997814, 377.38737861619927, 165.25194528342206, 632.7065987036224};