name="DEsPA CEC15";
dim=10;
bound=0;
testID=11;
(*--------*)
min=2.810532515247587;
max=200.10821175181422;
median=7.35687715170161;
mean=74.51438119608954;
std=93.6944469746719;
(*--------*)
data={200.10764799259277, 7.35687715170161, 200.1071337832086, 2.810532515247587, 6.76550529070073, 5.1678497243806305, 5.1749299215691735, 200.10749216211525, 200.10692149191573, 200.10757509935274, 5.039450024072266, 7.81415815796754, 4.367624044472677, 4.317509361395196, 5.641349822583834, 200.10693135988822, 200.10704072908038, 4.582111582435573, 5.9853799686372895, 200.10797534081644, 5.529248535913894, 200.10821175181422, 200.10703007484085, 7.758173246330898, 4.484208774481658, 2.8457250400313114, 6.443404557318445, 4.335806257298145, 5.647831019704427, 5.506863085238365, 200.10709374401472, 4.637033053498271, 4.312620936026406, 13.136365245736442, 200.10709846281316, 10.17984280505425, 4.202759199811908, 200.10743370494197, 5.208247563230543, 200.10674467497984, 200.10704342591225, 200.10709914831477, 7.13537670339997, 6.556711830183531, 5.000936699884733, 8.86804225969513, 7.3943462136553535, 200.10704001072827, 200.1070449777235, 8.428061076782114, 5.668001397072885};