name="DEsPA CEC15";
dim=10;
bound=3;
testID=5;
(*--------*)
min=866.4727858959513;
max=2445.6038344289573;
median=1595.4307246710132;
mean=1624.098777005917;
std=356.46670419883407;
(*--------*)
data={1087.5382188867825, 2211.6982971265024, 1759.549223793911, 1200.8926062843439, 1860.3314804809406, 1335.4391742813318, 2032.8774301803028, 1957.858916657029, 1338.1994131934116, 1453.0636444341776, 1398.232804197371, 1102.06007629562, 2298.4184300977113, 1375.283887876209, 1606.4690236674323, 2280.3800064605257, 1694.0490511699286, 2445.6038344289573, 1326.2445029490732, 1754.712140433312, 1949.867534738697, 1813.1507113420548, 2065.315032179114, 1383.7457219759635, 1574.8734409478243, 2135.3778144268294, 1746.6483303026444, 1998.3564490163753, 1826.9717512685347, 1593.8515924427084, 1595.4307246710132, 1452.2792977491195, 1946.2072235786632, 1511.1682552481293, 1339.2790530049992, 1132.282464222999, 1824.8407416249256, 1418.0416157575214, 1183.539902086211, 1503.9696049359713, 1220.3506297354088, 1269.0614192837775, 1744.8240435194357, 1482.1458904000324, 1820.802752350006, 1634.4199507009826, 1525.8305447944554, 866.4727858959513, 1735.2036906119747, 1917.4604754305674, 1098.3660201640332};