name="DEsPA CEC15";
dim=10;
bound=3;
testID=2;
(*--------*)
min=0.00002637627707713364;
max=0.006094110787671525;
median=0.0004398376405276849;
mean=0.0007262224524017889;
std=0.0009914799803982688;
(*--------*)
data={0.0005161453292146234, 0.0002979457786693729, 0.000059671522848248067, 0.00092644735804015, 0.0006146145304626316, 0.0012450858772012907, 0.0009497125794837302, 0.0018867741483745704, 0.0029311052394120907, 0.00046636684749046253, 0.0007018416368964608, 0.00016219537093320469, 0.00018939336555945374, 0.0006346257460165816, 0.0005281614202772289, 0.00019560362693482602, 0.0005300581352400968, 0.006094110787671525, 0.0004398376405276849, 0.0004941688912367681, 0.000699892817408454, 0.00003154701516905334, 0.0004712626575269496, 0.002508128577659363, 0.0001225501574140253, 0.0011866862648162169, 0.0011250377886540264, 0.0002286163912401662, 0.0013793590233888153, 0.0008849044885153035, 0.0003310671949350308, 0.00008021046713224678, 0.00030591299508841985, 0.00031155885270095496, 0.00036102953143313243, 0.00002637627707713364, 0.000056567059573353624, 0.0007643670406594083, 0.00019071273970894254, 0.00014684886124882723, 0.00007202609333489818, 0.00031277555646624927, 0.0005039544419673803, 0.0021096198458110393, 0.00023588710297417492, 0.0002992051350645397, 0.00017918222283697105, 0.0003540101385226535, 0.0002790192802990532, 0.0013054228140561008, 0.0003097404073173493};