name="DEsPA CEC15";
dim=10;
bound=0;
testID=12;
(*--------*)
min=102.67704152900774;
max=108.12510018981015;
median=104.501681917508;
mean=104.73745438782328;
std=1.0472496655975938;
(*--------*)
data={104.6484179342724, 104.60973608293853, 105.40259954786802, 103.6729645142384, 104.28885837121447, 104.61174081571971, 104.02394372074764, 105.79305352354845, 104.14132563827411, 106.52201100428874, 106.67894437718041, 104.0430303289886, 106.05200410355133, 104.73219919251778, 104.75605593509863, 105.30849090336324, 106.44290729762838, 104.64309669601835, 103.92990102170575, 103.87506287549286, 103.94936693884961, 104.99784298355667, 108.12510018981015, 102.67704152900774, 104.64325230240138, 104.39860609665016, 104.48196403508837, 106.01549853971278, 105.29372296085398, 104.67540156229529, 103.83390691352997, 103.52525769612998, 104.07632869114013, 103.88086484550877, 104.501681917508, 103.63747071003945, 103.47897859896284, 104.15341430308672, 104.83215484895027, 104.24928972119096, 105.59104206719007, 104.32416940098688, 104.00718764783824, 106.9828845870527, 103.88255645292634, 103.54510729134245, 105.63334984312542, 105.45880411480334, 104.18341485437713, 105.94515806599702, 104.45301018442137};