name="DEsPA CEC15";
dim=10;
bound=1;
testID=7;
(*--------*)
min=1.8279774814444636;
max=2.867078064236921;
median=2.3622802420368316;
mean=2.3736654527610326;
std=0.24633557454052943;
(*--------*)
data={2.5222617440228987, 2.684841205648354, 2.5505715992243267, 2.4950052377544125, 2.24986419582865, 2.311212545310809, 2.4375196758225, 2.059480796035814, 1.905215092915455, 2.5711017423160456, 2.3622802420368316, 2.1484243939758016, 2.2433007738599144, 2.398444197923027, 2.2990263893226484, 2.398872802894175, 2.3614788821413413, 2.5707869207146814, 2.835701196531886, 2.3862022828461704, 2.356968841922935, 2.867078064236921, 2.3475077781866958, 2.663016594439455, 2.58469193248186, 2.125892790148555, 2.143944950713035, 2.609770471820866, 1.8279774814444636, 2.7279545206390594, 2.0816601382750832, 2.4171527025838486, 2.354405752072921, 2.758756952558201, 2.2594266331498147, 2.1831038488505783, 2.473398148819456, 2.458784193767542, 2.5993909928919265, 2.1275999297880617, 2.5002839193000455, 2.3999440541839476, 2.3177981883118264, 2.2590726855862613, 2.1441648263221396, 1.897165809356693, 2.8407395508676245, 2.1081554667567843, 2.594400411700917, 2.13102746239565, 2.1041110801137393};