name="DEsPA CEC15";
dim=10;
bound=5;
testID=14;
(*--------*)
min=100.00003357345486;
max=2664.3613304755104;
median=100.0005318973142;
mean=403.65088534955197;
std=833.8260299691025;
(*--------*)
data={100.00034054743514, 100.00030275136942, 100.00023841626216, 100.00015011971527, 100.00254492902673, 100.00019359903354, 100.00106251431794, 2664.3613304755104, 100.0005920963581, 100.00121277359654, 2664.361126000119, 100.00029139856701, 100.0004969415063, 2664.361125163564, 100.00039135379711, 100.00051070426707, 100.00023542347753, 2664.3611263187126, 100.00030040420233, 100.00017155188698, 100.0001683201699, 100.0002919668982, 100.00098325760291, 100.00013858001421, 100.0008890567683, 100.00061079221041, 100.00094005851611, 2664.361143399324, 100.00079363351279, 100.00039951906183, 100.00029112483367, 100.0005318973142, 100.00068966239587, 100.0024046701651, 100.0001934943673, 100.00044420768086, 2664.361128734854, 100.00003357345486, 100.00009859314014, 100.00107261245012, 100.00031666230848, 100.00103844107457, 100.00020073282417, 100.00022806064908, 100.00134177584891, 100.00074791941188, 100.00046276988064, 100.00138398777199, 100.0005712482075, 100.00074570645029, 200.0011248852561};