name="DEsPA CEC15";
dim=10;
bound=5;
testID=9;
(*--------*)
min=123.25858417197378;
max=168.92896934480086;
median=148.7040559470836;
mean=147.49959929946814;
std=10.095617223777134;
(*--------*)
data={133.65593601641035, 135.25370637601327, 147.55019992804432, 153.77683727152362, 129.74216158802915, 138.8775776557868, 158.89025366295846, 138.25004582440806, 153.2464467422451, 136.70104473365927, 144.34738644535378, 151.35900418512006, 139.02024210377772, 146.0258357059272, 147.24751376746212, 150.8378078162757, 131.04544833564842, 152.4721324714667, 151.65186451031354, 138.95888944300668, 162.33733835519433, 153.9243995558702, 141.8557830287191, 148.7040559470836, 123.25858417197378, 144.1088293819248, 146.91853459132358, 151.9679476503452, 154.61233351982537, 139.6239049940416, 140.06985371491487, 157.20881808600006, 151.49090518934895, 168.92896934480086, 142.3801839242899, 160.34006748549086, 164.40393506530927, 168.84373130957943, 130.89547727882677, 155.7562953318327, 156.25697009938222, 150.55863225388862, 135.09010676186176, 157.47128341917596, 150.20609522433824, 140.14921056906542, 150.74678840603747, 151.98128830640871, 148.16260192706204, 140.41052479258587, 154.90578000294613};