name="DEsPA CEC15";
dim=10;
bound=4;
testID=2;
(*--------*)
min=0.00004544704464137795;
max=0.002729932402758095;
median=0.00034647037409740733;
mean=0.00047556476275803126;
std=0.0005122332045688115;
(*--------*)
data={0.00036627391176580204, 0.00007219054324991703, 0.00004544704464137795, 0.0006563636689520536, 0.00006195087857463477, 0.0004232636402150547, 0.0004488549508039341, 0.0004003399051271117, 0.0002219260694857894, 0.0001645986764629015, 0.0009861364260643768, 0.0011940000488834812, 0.000071570700384882, 0.002729932402758095, 0.000052764588275522335, 0.00019406436859981113, 0.0003566302113142683, 0.00031155098105273277, 0.00010076648837298308, 0.0002259902190928642, 0.00022434134567106412, 0.00031822587095575733, 0.000046343262084747046, 0.00034647037409740733, 0.001837890954618615, 0.0011035989173251437, 0.00025538822109183457, 0.00040849521261066, 0.001426547054876437, 0.0010700853252956222, 0.00021333609359430739, 0.00008623514810324197, 0.00008728728423079703, 0.0002715062406934976, 0.0002845276887342152, 0.00047899098558445985, 0.0004348647090353097, 0.00028312126119089953, 0.0005032858212246083, 0.0005747384833512115, 0.00005595515008849362, 0.0004468505390491373, 0.001387431342209311, 0.00041256599277517125, 0.0000922017094922012, 0.0002458825437940959, 0.0000798456870256814, 0.0006584776442366547, 0.0007769992686519345, 0.0004051197285264152, 0.00035257731636306744};