name="DEsPA CEC15";
dim=10;
bound=5;
testID=7;
(*--------*)
min=1.7699986223915403;
max=2.725068915347265;
median=2.3125757881678055;
mean=2.2551672778403815;
std=0.23824387998409838;
(*--------*)
data={2.3467578194920407, 2.4796403010076347, 1.775144117975401, 1.8981982981616738, 1.872044769164745, 2.526074479623958, 2.2842881437549067, 2.534016113017401, 1.9969873655489891, 2.4059311676383004, 1.9097297930001105, 1.7699986223915403, 2.4109693024855687, 2.0283736873797125, 2.1386466790550003, 2.565962913129738, 2.4204497548533936, 2.5894609495506984, 2.407943113139936, 2.3125757881678055, 2.020845871803431, 2.373083972897348, 2.5693393725126725, 2.1404592478693303, 2.3231867144730813, 2.0208754725066456, 2.3323116475501138, 2.3605255085575436, 2.553035492837239, 2.2162290305506076, 2.1123201666989644, 2.3321842042994376, 2.5763322316986432, 2.5696530177244767, 2.3383239746237905, 2.1521095209601526, 2.2448484855549395, 2.725068915347265, 1.8555110542100692, 2.2210208759752277, 2.1896449256629467, 2.223723511922458, 2.4006727029075137, 1.9742821448201084, 2.1385755012698837, 1.8831769651898185, 2.3919674006759806, 2.1053836682309566, 2.355017097948121, 2.4521732671547625, 2.1884560268873656};