name="DEsPA CEC15";
dim=10;
bound=5;
testID=1;
(*--------*)
min=1.8664885885755211*^-6;
max=0.0001245054136802537;
median=0.000012858386583047833;
mean=0.000024260189198232593;
std=0.000026233551954973593;
(*--------*)
data={4.244023600108449*^-6, 3.4081639768146488*^-6, 0.000011954565707128497, 0.000011013127590331352, 2.7395789032880202*^-6, 3.9616738973791135*^-6, 0.00003083430387107455, 7.569747040747643*^-6, 0.000027740856879177048, 5.9304623505340714*^-6, 6.468489971211966*^-6, 5.285552674649807*^-6, 0.000016610189092602923, 0.000028386359744558835, 7.677815389683929*^-6, 0.000016754250125927683, 3.779019294825048*^-6, 0.00001244523592447422, 5.960396691762071*^-6, 0.000044029343158058516, 7.952641823294469*^-6, 0.00003517404226727194, 0.000029772971402053375, 0.00004782594459129542, 0.00002197404994319641, 0.00006280843182082663, 0.00003680813102846514, 0.000010209573687802731, 0.00005861703870380098, 0.00002961164567238939, 0.000010860024332259856, 5.134320218758148*^-6, 0.000013568707075251042, 9.775834897141067*^-6, 0.00003004427071573446, 0.00008312998167525622, 1.8664885885755211*^-6, 0.000013317068365381603, 0.0001245054136802537, 5.554584575406807*^-6, 0.00001815652998971018, 5.6131694492478346*^-6, 3.34161518367182*^-6, 0.000012858386583047833, 0.00008140858552962982, 0.00006150661843662421, 0.000026959167087170503, 4.959013480743124*^-6, 0.00002889924786586562, 0.00008570570443566795, 0.00001255729011973017};