name="DEsPA CEC15";
dim=10;
bound=2;
testID=11;
(*--------*)
min=1.532293126485456;
max=200.1081601726346;
median=7.156070962164904;
mean=59.527149322543394;
std=87.35461228008423;
(*--------*)
data={10.023207771043417, 7.8420223547170735, 200.10774140349167, 200.10700896056483, 5.481078855454371, 10.266039030964748, 4.248773449980263, 200.10673348428827, 200.10791750003955, 8.738871830438939, 6.693001176212647, 2.7134159224697214, 6.368890460202692, 3.203399135250038, 6.911133421090881, 200.10767574615033, 200.10685851085987, 6.186378226547504, 7.597107165557873, 7.920728350657782, 5.178492020630301, 7.029325313354775, 200.10730913455222, 5.445290905320462, 9.511461254874575, 6.689832241146632, 200.10721532196862, 200.10729525028046, 5.45110702870079, 7.3863238555804855, 200.10701828860056, 12.108368909717683, 200.1081601726346, 3.3650342060464027, 200.10750710830553, 7.156070962164904, 5.469604750249573, 6.6133798093915175, 200.10705549404224, 200.10750044008046, 5.6118945984053425, 4.855328291304886, 5.32469172472338, 5.155417721113508, 5.152326501487096, 5.147141357072314, 1.532293126485456, 3.5100176168784856, 6.482293349624797, 7.663526769156761, 8.348349169835728};