name="DEsPA CEC15";
dim=10;
bound=5;
testID=8;
(*--------*)
min=14.266201987349177;
max=200.4437748091824;
median=69.74621370205284;
mean=76.73145615736364;
std=43.8430911117333;
(*--------*)
data={107.95090428711819, 14.266201987349177, 105.17715626560152, 83.29586890490259, 67.93248784179377, 58.354210882038046, 53.560886443707204, 38.217355325805784, 39.54953642955002, 74.89558044594582, 70.72639674259392, 40.76571242321404, 31.944924480697523, 157.97411059681133, 200.4437748091824, 59.89058083393138, 22.293298819221263, 111.67842129070937, 15.27481281149278, 50.97050763527261, 156.63276321153842, 126.13857958315214, 41.26638464764255, 67.50975455087723, 15.958185452980842, 33.26322476203484, 61.642292171379836, 67.04718769839042, 94.52815254143411, 34.3799710355853, 69.74621370205284, 24.357783765924523, 46.60284967480561, 91.15254749621954, 191.07844310164955, 77.33238694066813, 72.81074748694925, 66.38870566889125, 109.12935622989812, 82.09186523769404, 14.980918870282153, 125.80691547872755, 78.159699982245, 147.40652478840434, 67.58421996584525, 74.70302861710957, 80.41847990065037, 98.23987974931208, 137.37494128365915, 60.11546392220009, 94.29406725040315};