name="DEsPA CEC15";
dim=10;
bound=3;
testID=15;
(*--------*)
min=205.20825316435298;
max=205.24967369421552;
median=205.23459750519123;
mean=205.2349802869495;
std=0.008464236928191265;
(*--------*)
data={205.24337524888142, 205.2435358133216, 205.2310784820022, 205.2419745256591, 205.23791137966373, 205.2336137389525, 205.23823359119478, 205.24032416075192, 205.23956660924364, 205.2340244082202, 205.2442716315245, 205.2294810489882, 205.2317360041477, 205.2480372357022, 205.23464302680986, 205.23324604649247, 205.24357715777705, 205.23030487449682, 205.24753395848757, 205.2334490839337, 205.22505390350125, 205.23653598221586, 205.20825316435298, 205.2339037644049, 205.24377926798115, 205.22256516467382, 205.2280104756478, 205.2350252399665, 205.2358697479085, 205.24156618864072, 205.23231082660232, 205.2384174084973, 205.24967369421552, 205.2257273274554, 205.23459750519123, 205.22622319250058, 205.24700868405398, 205.233727478947, 205.2215806209033, 205.22940644034725, 205.2446491914825, 205.2358868197125, 205.23217731485715, 205.24287276742166, 205.23132388434124, 205.21107417663734, 205.23567018586505, 205.2336974722375, 205.23235667768404, 205.24388180860205, 205.2312502313289};