name="DEsPA CEC15";
dim=10;
bound=0;
testID=10;
(*--------*)
min=10.047833879070481;
max=165.7430819148933;
median=59.863745647592395;
mean=68.74182037977171;
std=39.12301272555891;
(*--------*)
data={63.29646172472894, 61.305885137750465, 165.7430819148933, 42.60587021361334, 49.97852107771132, 18.81906837158806, 79.893710186627, 26.759833872331455, 138.99210495343277, 71.29957651785458, 80.32066684075312, 83.07540365991804, 76.75921019336784, 52.72110755229642, 103.32467251022513, 59.863745647592395, 71.50012688681477, 119.26279678883975, 36.65621267781398, 36.49996558479802, 29.67382103993441, 49.31041936194242, 48.7531883728866, 135.06734110531988, 38.77689070340375, 26.819923801708683, 96.39635532476677, 90.97096369894848, 71.40565045244102, 112.2550420865573, 44.258653411417754, 50.93728153008874, 58.99018238490362, 64.19786482193831, 58.76113747853219, 21.913573938700893, 76.9731356941943, 161.8779409327717, 38.17690887943081, 40.87165964917381, 33.515867356190256, 132.2663704491904, 36.36181677478453, 154.87786491117822, 89.71404846382916, 60.526457003953055, 10.047833879070481, 45.72989694040439, 45.57790081416442, 121.31249867925226, 20.836327114327446};