name="DEsPA CEC15";
dim=10;
bound=2;
testID=13;
(*--------*)
min=31.030858898425777;
max=44.82676119848679;
median=40.74950973233945;
mean=40.12722458794203;
std=2.823160409245397;
(*--------*)
data={37.48206516639334, 41.172094156473804, 40.27566507339134, 40.057056998608005, 41.39969735395539, 37.54655374347885, 41.73749595967138, 39.474905694923336, 41.34138136514434, 44.02297124782672, 31.030858898425777, 41.571493607112416, 34.1476932205685, 43.01630547434729, 38.87384743367875, 39.065614056778486, 39.7692002391334, 42.53306099642896, 44.82676119848679, 41.927424068558366, 40.80530612309576, 40.25407741002164, 39.12460682795336, 40.74950973233945, 41.12092585316486, 42.55040489172734, 39.261221676797504, 41.05730891032135, 39.651686550261275, 41.227512809183054, 38.66963516286569, 42.16162693223532, 36.60885838950912, 37.769505692057464, 40.00637723744967, 35.38902791696228, 37.70999608609827, 41.837083023604464, 33.849122167141786, 43.124639945660874, 41.49473312820305, 43.807799621145705, 38.10910581016992, 43.575108213076874, 41.79761379902152, 44.21215260715371, 35.65647285013506, 42.22436555445415, 42.777360194162384, 38.876697188105254, 39.756465727580235};