name="DEsPA CEC15";
dim=10;
bound=2;
testID=4;
(*--------*)
min=19.806255737376432;
max=69.5699040094105;
median=43.07491375271309;
mean=42.671214438455074;
std=11.611244491081615;
(*--------*)
data={41.0425792616262, 28.66150238862673, 35.248252381806594, 30.511535290189897, 55.434315395992314, 31.59872923457351, 43.28674134697093, 44.133125680331034, 61.7033400472788, 50.84689479272919, 43.913981172356046, 34.70056304940181, 34.57628236585572, 44.54760974747501, 56.62139247007417, 34.93780772538048, 30.980266444641813, 33.96618962004629, 45.21564649605972, 38.22840870805527, 53.43847101380675, 24.19670904423515, 31.02641757194806, 40.20619684379392, 27.504890922604147, 47.05316828917165, 34.44219541241887, 46.164496474587736, 61.96203378658191, 26.59677886994257, 48.1036114297483, 33.138080391051005, 43.07491375271309, 66.43335907900234, 48.70571691327973, 41.97769826480618, 19.806255737376432, 44.86652400450339, 53.65508278987903, 33.716977851565275, 61.06669323367231, 37.94212153889589, 33.83922248987233, 50.029642781349764, 58.76243394958976, 52.39993089046948, 69.5699040094105, 27.700277325778814, 47.2102549950564, 54.464981320660684, 37.02173176396542};