name="DEsPA CEC15";
dim=10;
bound=1;
testID=9;
(*--------*)
min=126.13680531865793;
max=169.52829924574075;
median=151.92030184671103;
mean=150.24851331708814;
std=9.489126157483318;
(*--------*)
data={162.06013850754152, 153.04957769191287, 158.03672144636926, 149.6382361226788, 141.25708595446122, 153.2615595491675, 145.84444474885504, 141.43758033068661, 165.31329070673792, 160.97628004225976, 142.32208805704477, 154.1120572209545, 126.13680531865793, 145.83482884228692, 146.62255826506157, 153.69343294151918, 148.43502383006557, 150.399610765523, 151.92030184671103, 158.1534798490993, 153.92426975975445, 154.9695547398171, 150.30850918702617, 161.55057310520374, 139.71557443759525, 144.1365263439286, 145.93435593747358, 134.64446726270944, 152.72877948039695, 157.4345106356393, 142.56718314397312, 159.43321897740157, 130.00552280348734, 156.66240660881454, 152.91028342802383, 148.68615801392798, 142.99120517576307, 155.39342565054312, 157.46779934401366, 140.10300559378175, 162.78737766686072, 157.4272372726807, 145.05128870659792, 152.9179394554219, 142.5237519551565, 160.64351793984133, 166.11259499464313, 132.72531801956848, 169.52829924574075, 137.78871941515672, 145.09570283295852};