name="DEsPA CEC15";
dim=10;
bound=2;
testID=14;
(*--------*)
min=100.00013339368707;
max=2664.361900491701;
median=100.00091455854022;
mean=162.0503664568681;
std=358.87659233182376;
(*--------*)
data={100.00220203044728, 100.00310277111066, 100.00053301869434, 100.00038050534567, 100.00016212607215, 100.0004416411457, 100.00036658898216, 200.00265295218287, 200.00200085933852, 100.00410964333128, 100.0016324505068, 100.00105790826728, 100.00086424053234, 200.00025808627333, 100.00066338795205, 100.00046275452951, 100.00026490389496, 200.05235354743832, 200.08187573112718, 100.00013339368707, 100.00147641499734, 100.00038179843227, 100.00025909268265, 100.00208425078745, 100.00033814309882, 2664.361900491701, 100.00091455854022, 100.00055978921046, 100.00193040136242, 100.00028183746622, 100.00242441677528, 100.00059797752192, 100.00043156547258, 100.00186702169049, 100.0011903217412, 100.0002570799652, 100.00068931260171, 100.00461107984165, 100.00320706813955, 100.00149947365662, 100.00068264740253, 100.00039932143659, 100.00275456367672, 100.00015704670614, 100.00072021717187, 100.00145049033995, 200.01639135824712, 100.00133142744744, 100.00064834216073, 100.00075084567334, 100.00098240346756};