name="DEsPA CEC15";
dim=10;
bound=0;
testID=9;
(*--------*)
min=126.78051569979334;
max=200.79960946713777;
median=146.0373794277059;
mean=148.36883874862693;
std=12.39113745232134;
(*--------*)
data={142.52029777687244, 131.94106914544545, 138.82772865672086, 149.37035003305732, 158.94007720413788, 142.0602033946102, 152.3045009209236, 144.98084833468215, 140.59493121170158, 140.70838809512247, 158.1669416594509, 162.4683450884063, 143.19827615978738, 146.0373794277059, 134.4582154499194, 154.2679204112926, 147.45505611538692, 149.32922114726784, 136.73564653762287, 141.14210040095168, 140.9352513265551, 145.3023525475828, 132.38835325622676, 161.55774031164628, 137.82004339700143, 144.03936012166673, 126.78051569979334, 145.45843271363742, 157.79767944520108, 149.41250671070065, 145.54689364644992, 130.57163553434452, 158.9745252481423, 153.18127061357313, 200.79960946713777, 140.60818169986305, 155.88058475421212, 153.34330675800834, 152.85464187126877, 154.50953956846865, 145.67872156297062, 132.62357345940654, 156.44527292380553, 148.49077003030925, 142.73827686505228, 160.53966841490228, 154.65989737301652, 165.092505844897, 164.41135332415251, 163.12222044779833, 129.73859407111513};