name="DEsPA CEC15";
dim=10;
bound=3;
testID=7;
(*--------*)
min=1.778410034695753;
max=3.4732503850497096;
median=2.2110660079333684;
mean=2.2812125371748757;
std=0.3216638773808096;
(*--------*)
data={2.7293392117449002, 2.1074704357889686, 1.9831330454148883, 2.2110660079333684, 2.446237657540678, 2.1227461011952755, 1.9489302883401933, 2.0896490354278967, 2.29310262794786, 2.254807313059814, 2.612999362387768, 1.9156446243159735, 2.203388678933493, 2.5822499783068906, 2.034272301470196, 2.1941205223157567, 2.143190704078279, 2.013713286859911, 2.129496814443428, 2.0052265102768843, 2.1300236543268056, 2.373068573185151, 2.858637866915842, 2.58157882702983, 2.3118325513839864, 1.8442409726968663, 2.135022769346733, 2.6827945977003083, 2.714920116183748, 2.535636335663753, 2.0624479197954315, 2.353525031234085, 2.3754904781558253, 2.2484210267116396, 2.311186161465912, 2.014572885189523, 2.115806467517018, 2.2511531316397395, 3.4732503850497096, 2.0286914912234124, 2.725964216720058, 1.9145177278587653, 2.1549988046082262, 2.296643099695757, 1.980421349836547, 2.288632896466538, 2.2468664168129635, 1.778410034695753, 2.7854519325294405, 2.794740234929236, 1.9521069315676414};