name="DEsPA CEC15";
dim=10;
bound=0;
testID=7;
(*--------*)
min=1.4715572132578245;
max=3.0008682915246254;
median=2.2327342617694512;
mean=2.2501475876967367;
std=0.2958248495827636;
(*--------*)
data={2.0386462551396107, 2.4266808621254086, 2.7761536198152044, 1.9360230873296587, 2.5067159458834567, 2.0149710416511653, 1.8810326251068545, 2.345463663806754, 2.436249835099261, 2.0416330047393103, 2.2327342617694512, 2.1458302172271715, 2.166695557198409, 1.821086538735699, 2.131228192386857, 2.12938237221897, 2.044877949206125, 1.9695110173306603, 1.8341135553403092, 2.441753925116018, 2.087308151100274, 2.5650270520045524, 1.4715572132578245, 2.2789238303059847, 2.150118916519432, 2.371340101956889, 2.6210871825401227, 2.0117170687530006, 2.1584519701804084, 2.042050960193478, 1.8834981650919644, 2.46208846048512, 2.932345576550915, 2.3885049930377136, 2.3426268118755615, 2.381225414192272, 2.265670863063633, 2.2284731877571176, 2.378172133949988, 2.6563843125047697, 2.474104689071737, 2.5777091524006437, 2.2169137530958096, 2.189353036960938, 2.2938714464963823, 2.4952909996502513, 3.0008682915246254, 2.2405587744403874, 2.5173549108742463, 1.9276904751239954, 1.826455550347191};