name="DEsPA CEC15";
dim=10;
bound=4;
testID=1;
(*--------*)
min=9.907993785418512*^-7;
max=0.00020361600245166755;
median=0.000013157828860244082;
mean=0.000023558536437694694;
std=0.000034248205802670697;
(*--------*)
data={9.348347745685714*^-6, 0.000024192435830627804, 4.901678863689085*^-6, 5.131277063696871*^-6, 0.00002759985770239837, 0.000018133831943600853, 0.000015670697493419542, 0.000011075688576056565, 0.00002629766449047111, 0.00002721948986561529, 0.000014844556943671707, 2.2665859376047592*^-6, 0.000012050240115968338, 0.000013157828860244082, 9.907993785418512*^-7, 5.000942337574088*^-6, 0.000021479092353615673, 6.096366547581056*^-6, 0.000012573913977576014, 0.000019875981578820756, 1.4439444129266121*^-6, 3.695043616858129*^-6, 8.410466293184982*^-6, 2.694307795536588*^-6, 3.590082442883613*^-6, 0.00008815341213619378, 0.000025084567880639955, 3.541607881629716*^-6, 8.304760470423389*^-6, 0.00003688741828966613, 0.000014678564355108394, 0.00020361600245166755, 0.000014623595291141102, 0.000011157536135897319, 3.637140821410867*^-6, 0.000012747829785553224, 0.00005060639625753539, 0.000022147245729797763, 0.000022197121523959144, 0.00005869469671893058, 1.8008918800660467*^-6, 0.000044187388240857224, 2.8717016107293603*^-6, 3.626120886224271*^-6, 0.00002088673419109455, 0.00008410833150662712, 0.000012577747725117662, 0.000012730992011711352, 0.000018494694856485694, 0.000016005671099605934, 0.00011037606641650655};