name="DEsPA CEC15";
dim=10;
bound=5;
testID=12;
(*--------*)
min=102.87531035840311;
max=108.07944538393394;
median=104.81209209716326;
mean=104.80440535711989;
std=0.9726395383005172;
(*--------*)
data={102.87531035840311, 105.37508072574064, 104.61201113476659, 103.42903580118377, 104.28070799990041, 103.91115643864327, 107.11045498217663, 103.61938288623696, 108.07944538393394, 104.39431783253804, 104.7505053181585, 104.18872558061639, 104.19229850879287, 104.47578593104527, 105.66692865313735, 105.07130132274006, 103.0628529928897, 105.57738727835385, 104.13548381585906, 103.58552860755594, 104.51622103728573, 105.95898003874504, 104.97168823756692, 105.56847432298377, 105.08302062091525, 105.64257590886723, 104.90605686636741, 105.30765450203899, 104.81209209716326, 105.12390995008627, 104.95406628736032, 106.14436162364223, 104.29866934266533, 103.66758001723178, 105.10435364773048, 105.35867713302787, 104.72022117128017, 104.8498888600227, 105.60205546183397, 104.127303811601, 104.9978213228992, 104.56868510856384, 105.76982144735393, 103.7656767485928, 103.885784333115, 103.95313540902043, 104.68956579426958, 104.9412748804159, 103.62912040911647, 106.0221246057431, 105.69011066293615};