name="DEsPA CEC15";
dim=10;
bound=4;
testID=5;
(*--------*)
min=863.7608133446256;
max=2315.2371836468046;
median=1553.7951023443452;
mean=1604.7436743376072;
std=353.44603597417125;
(*--------*)
data={1059.5857242106272, 2039.1206359709736, 1385.430288210308, 1260.5871020828722, 2020.1081579250122, 1427.756929651474, 1657.1112820802114, 1733.9026018514269, 1269.6623833340736, 1679.276886479487, 1637.8886043876178, 2113.816441483549, 1240.7280343912362, 1220.212016677849, 954.1321205761569, 863.7608133446256, 1546.655366163542, 2245.142554814762, 2247.086911737288, 2071.384432974826, 1284.101316643509, 1681.2000058486537, 1686.8424493771686, 1668.0123202057325, 1802.3590220654683, 1286.8184728680008, 1152.9197309831698, 1865.7117310224016, 2315.2371836468046, 1553.7951023443452, 1416.598195371771, 1895.1203952811652, 1676.2417642865316, 1909.0120506412104, 1411.6412682289201, 1546.290836551539, 2002.0851685071766, 1438.5335611153005, 1658.724568768324, 1505.0725856879399, 1214.1612373538674, 1513.6994338699383, 1947.1495107575988, 1822.8465496874642, 2027.7483418228685, 1230.6271758878288, 1512.3261792238973, 2153.980430399737, 1441.7769149580581, 1267.7015526804717, 1280.24304678318};