name="DEsPA CEC15";
dim=10;
bound=4;
testID=14;
(*--------*)
min=100.00007918036908;
max=2664.3618781667474;
median=100.00051082739037;
mean=407.57260026353424;
std=832.5989256694754;
(*--------*)
data={100.00077329704413, 2664.3611271632353, 100.00161159962886, 2664.361125885195, 100.0004331801888, 100.00036412784902, 100.00027058119713, 100.00049882650774, 2664.361128025407, 100.00024768605954, 200.00304955447405, 100.00059613057283, 200.00260165125087, 100.00019151957054, 100.00073226721292, 2664.361155481633, 2664.3618781667474, 100.00015032406736, 100.00056700512073, 100.0014595651428, 100.00078291144428, 100.00016943101491, 100.00008560634092, 100.00070061092356, 100.00029192877241, 100.0003412101571, 100.0002875126579, 100.00019590580882, 100.00078429588143, 100.00051082739037, 100.00026188448555, 100.00036771624173, 100.00522203054084, 100.00007918036908, 100.00055661158285, 100.00028181535458, 100.00045938625658, 100.0003494958928, 100.0002007020637, 200.0030277131816, 100.00042227164295, 100.00058691365734, 100.00088207272279, 100.00053017451592, 100.00029459621351, 100.00175825025372, 100.00038508581724, 2664.361322863666, 100.00050861847353, 100.00082757341988, 100.00017620540098};