name="DEsPA CEC15";
dim=10;
bound=1;
testID=14;
(*--------*)
min=100.00019160374859;
max=2664.3611243042023;
median=100.00060189785336;
mean=301.24691345558404;
std=696.2515773621424;
(*--------*)
data={100.00252300973034, 100.00021131120457, 100.00159364943806, 100.0009075657465, 100.00088966441035, 100.0004455215203, 2664.3611239117668, 100.0022206941535, 106.11594046950268, 100.00036690298771, 100.00023933788225, 100.0004279703237, 100.00034997636976, 100.00114060494002, 100.00070545790186, 100.00068756032601, 100.0008040394066, 2664.3611216021304, 100.00048541447745, 100.00089151546331, 100.0002632649614, 100.00050285023167, 100.0009690998354, 100.00025040297487, 100.00113031900537, 100.00159176964053, 100.00021616753224, 100.00042122736522, 100.00060189785336, 100.00048553143438, 100.00036490361958, 100.00056572551898, 100.00031744277203, 2664.3611243042023, 100.00023813919279, 2664.3611215052565, 100.0002011519357, 100.00037867908827, 100.00089018648987, 100.00061227418382, 100.00230151204232, 100.0004044375587, 100.00049249274684, 100.00072755086308, 100.00056435833426, 100.00025918492383, 100.00019160374859, 100.00035873104571, 100.00065891094505, 100.00061018963856, 100.00069424016328};