name="DEsPA CEC15";
dim=10;
bound=0;
testID=4;
(*--------*)
min=27.336152760031553;
max=72.55620848047323;
median=46.369862418397304;
mean=45.01773773258561;
std=10.107569421551034;
(*--------*)
data={57.26367458921936, 30.193620719337105, 49.03985388295666, 35.817996506521126, 48.88393847001015, 37.88482140202382, 45.338426507979136, 45.093836930427926, 30.0915863498322, 51.84019897912282, 27.336152760031553, 34.218285179868815, 49.165472175470995, 60.858708096454166, 47.11663952025657, 51.16959499856006, 38.05555059242067, 50.01970689774913, 46.369862418397304, 43.104633971839235, 44.95763269112422, 48.59769551013471, 61.29773561476338, 48.74097307122014, 39.72296718426327, 47.400229001784, 45.03193145903322, 40.109794944335306, 59.797356205187214, 57.43510761694722, 46.452215558427326, 31.16012291954121, 35.9098346949076, 36.44576679156535, 51.352770861377394, 40.93274126786923, 30.4488032177714, 58.4468101072531, 72.55620848047323, 48.76880048677265, 33.383222087549655, 36.99820936996156, 49.97416748152699, 35.55065922703466, 52.980588263364325, 44.736110515240966, 60.660643919293534, 51.64972500795898, 47.6370370004646, 28.68430590367103, 29.22189695256901};