name="DEsPA CEC15";
dim=10;
bound=4;
testID=8;
(*--------*)
min=17.672200726336087;
max=216.4840821110107;
median=56.95369108491275;
mean=73.53958288546842;
std=45.578588415750374;
(*--------*)
data={216.4840821110107, 83.56032217459847, 102.75255549693657, 23.294299288978323, 113.52785612941523, 26.018261387045186, 26.50218064024375, 95.70723332888758, 73.0073674870921, 127.31402358374089, 53.566090343065525, 44.74038218844032, 154.14164151885598, 33.99188642486217, 17.672200726336087, 39.369163398220735, 77.80195377712926, 180.28772298229478, 55.97298585765452, 103.63643468466626, 90.77770756064206, 200.277554256857, 43.056423449967724, 88.82611083821746, 84.85614365106153, 33.860153218434334, 72.88082761240491, 46.307816024258614, 34.69527664600514, 114.5566131010969, 120.41501917012806, 41.91537218627309, 84.63028007247271, 40.54841968797541, 47.82671697027911, 96.3443948589013, 80.26764424258806, 33.30633927879069, 28.01776954367938, 56.95369108491275, 53.11195744022234, 93.74093955275373, 53.258115299998735, 50.216997757510285, 109.99518449775474, 32.16848197134095, 39.81337429873179, 110.12574059218502, 59.615585137062226, 38.14589614038857, 20.657537486519573};