name="DEsPA CEC15";
dim=10;
bound=1;
testID=10;
(*--------*)
min=12.118701197104542;
max=181.93283087931695;
median=64.89734937695539;
mean=76.20637350775735;
std=40.22833638852989;
(*--------*)
data={82.49586014440365, 30.414821873544042, 114.17131141488085, 104.11184198551405, 71.22277050954449, 64.89734937695539, 25.250416440119807, 47.438500629370765, 79.16980117675803, 32.90660346868526, 132.56389591405969, 44.13739400208601, 63.86494328202548, 81.71316677381537, 67.82963241976177, 136.31292987485335, 66.63422798347733, 117.95844617606008, 53.4854205162228, 59.664387652335336, 50.61024381957168, 35.15880210205478, 119.48665393065448, 28.473662566456824, 12.118701197104542, 61.380511862801995, 106.77580752417407, 181.93283087931695, 55.442887013798554, 58.39763684578793, 149.28599740074492, 84.29119393426186, 53.113985615763795, 177.96284178276233, 61.076698923423464, 77.29076755353344, 29.927405253901497, 61.724650323092874, 91.7164584099296, 58.44359255419613, 90.1816905930782, 65.88283566424434, 53.504178804980256, 99.03370261583086, 56.58965240684097, 170.65351632798206, 109.63955783513939, 42.06098477545993, 55.14766692735657, 96.14314866281916, 16.833063174088238};