name="DEsPA CEC15";
dim=10;
bound=1;
testID=8;
(*--------*)
min=11.97435618572581;
max=247.5729192290005;
median=83.31365556869719;
mean=88.83761469528191;
std=50.150026988190966;
(*--------*)
data={137.12696657526692, 114.92242632467355, 97.70156488698808, 136.67477140094843, 169.0492293235908, 168.72469119284756, 61.246517475488076, 66.54725069858, 64.8234752812973, 22.787208397619906, 157.84962268986396, 101.81104528732408, 127.24794765554475, 91.32049000307245, 68.09687178833644, 41.72619450754769, 139.19065680557696, 22.853235740532114, 116.50222390475699, 63.86013413621424, 138.75877888022637, 46.59462375093767, 57.976406938205514, 33.31851828736683, 60.020595745291416, 64.32446022887791, 11.97435618572581, 45.29963899579968, 29.50270355547093, 36.68259678158233, 53.63685728955272, 105.09019340594352, 93.39317254432831, 44.07102588178452, 106.83681169599595, 100.84929440659289, 102.65255916665717, 45.15387324732228, 177.27221349149443, 127.99628946225334, 58.01089513722184, 35.97264405584065, 52.28660161434357, 35.63093885348212, 131.91906275451925, 38.08498947381554, 99.68707394170883, 148.93124039474696, 83.31365556869719, 147.84083441852226, 247.5729192290005};