name="DEsPA CEC15";
dim=10;
bound=4;
testID=13;
(*--------*)
min=30.360665166495437;
max=43.48748825188477;
median=38.3528741900202;
mean=38.44140526871796;
std=3.244342414329633;
(*--------*)
data={40.7214509222506, 34.938317599176344, 42.31176155180424, 38.22695706280865, 38.304526189158196, 37.89040775287799, 41.311861501917065, 33.439194694526805, 37.8208168656422, 33.1025568607115, 36.077565458828076, 38.60692018239661, 36.28201568977852, 40.055073241332366, 40.784308630500846, 42.754784116198834, 42.71948582601112, 40.54355305352988, 31.735800179131047, 40.030624371629756, 36.5471498538941, 40.212847081354084, 39.844402876919276, 41.616839086771506, 40.97153800336105, 37.209308587826854, 36.101249175630755, 39.71599188205391, 38.182404221248134, 34.42368698615064, 38.80410519670295, 43.48748825188477, 42.255280464433554, 36.38364570957947, 39.73613786772012, 43.13748680415529, 42.52179525739484, 40.63527443324756, 37.99228777200506, 35.45269542154324, 37.44170911793867, 33.122897844137924, 40.86343720975424, 30.360665166495437, 34.616874735985675, 37.57608246304403, 42.80293803277368, 33.38822045433221, 38.3528741900202, 37.04007797739678, 42.05629482864924};