name="DEsPA CEC15";
dim=10;
bound=4;
testID=9;
(*--------*)
min=128.52735568761364;
max=167.92625267751464;
median=148.3013613426424;
mean=148.69394911810488;
std=10.314078600153646;
(*--------*)
data={129.44514167911893, 149.0023011505416, 137.01120967430688, 155.97632228949215, 163.7164147228507, 153.7886512929647, 142.6117567433996, 167.92625267751464, 145.23473971803287, 151.7443315196449, 165.41095761254473, 153.16184011077507, 144.71697832509994, 156.65633406160623, 146.79720721994522, 151.81327488329907, 132.70763002152034, 143.37656483696946, 144.25530233163659, 144.5838449868479, 145.90406793291277, 129.9104624195511, 146.04970959053753, 143.42925104765686, 153.21960338427402, 145.12499726141345, 150.92285452546753, 167.78764792296988, 150.06116626341077, 133.8495154643656, 150.5952188712247, 140.38060329565906, 143.51530985952763, 135.9443698419318, 148.05610041247246, 148.3013613426424, 166.11926465490933, 153.91677829876426, 133.4948079848432, 156.78812278123087, 156.03460430670884, 150.68096231421623, 161.2843523142442, 152.35479006794685, 145.0913183958503, 164.7179153094578, 135.03959742401253, 128.52735568761364, 165.77004128827457, 144.5040689344264, 156.0781299667192};