name="DEsPA CEC15";
dim=10;
bound=1;
testID=1;
(*--------*)
min=1.4702347215234113*^-6;
max=0.0000991709336517488;
median=0.000011639547722097633;
mean=0.000019559230210296508;
std=0.000020744034167596713;
(*--------*)
data={0.00007629743738846173, 0.000012400020381164724, 7.4540966892300276*^-6, 9.746678770738981*^-6, 0.000023732903486006766, 9.752403315133051*^-6, 3.135033608714366*^-6, 0.000010623343072779791, 0.00003150092852877151, 1.4702347215234113*^-6, 2.093306903816483*^-6, 3.418794591425467*^-6, 6.100779472717477*^-6, 3.7478261276646663*^-6, 0.000027132941170293637, 0.000024911819906492386, 0.00003579678900678118, 1.6277709846690414*^-6, 6.659537177711172*^-6, 0.000011639547722097633, 0.000013977940398035573, 0.000027839045330324556, 1.8978788745016573*^-6, 0.000010751954192755877, 0.0000991709336517488, 0.000016178136263533816, 4.380037879059273*^-6, 8.793278240659674*^-6, 0.00001090542835413544, 0.00003074035662109509, 0.00004698897824084725, 0.000014147226863769903, 3.7301231401443147*^-6, 6.773524660275143*^-6, 4.982531280006697*^-6, 0.00002239856198116286, 0.00004648450449451503, 0.0000713072494562539, 0.000015747317746672707, 4.806539124047049*^-6, 0.00001228906462813484, 0.000029542520721292934, 4.408102654451795*^-6, 0.00001093179120914556, 0.000033560659204567855, 0.00002848168594482559, 0.00001406321874242167, 0.000022920855414554356, 7.275800740558225*^-6, 0.00005907145238381873, 3.7318492616122967*^-6};