name="DEsPA CEC15";
dim=10;
bound=3;
testID=12;
(*--------*)
min=102.85680445620596;
max=107.66752919986106;
median=104.58777128523616;
mean=104.73124272006;
std=0.9275238929896213;
(*--------*)
data={104.26307271909081, 103.51819316153956, 105.07239568633713, 104.98503029364838, 106.79280941853835, 105.1711277546517, 105.2483540167384, 104.03368439709698, 106.24211081346925, 103.02661252579719, 104.37135503506943, 104.38388312594066, 104.35077146513709, 104.21239136934128, 104.5724538758152, 104.97224602285155, 104.85889136634455, 103.98997644203223, 104.73302606201469, 104.4503969222078, 102.85680445620596, 105.26963147504193, 104.31752936972975, 105.22947878014361, 103.31145566596524, 105.11560645837926, 105.44614473569072, 105.40025148091627, 104.09754415320594, 107.66752919986106, 105.10370853797622, 104.23996912233883, 105.41752354408914, 104.46090570563956, 104.557279388609, 103.49317898888648, 104.58915159779872, 105.30043078968174, 103.94495014611107, 105.51209148391422, 104.58777128523616, 103.78486643584301, 104.8739347064161, 104.4508132972835, 104.68280035264229, 107.38355378026358, 104.56736786398278, 104.79255864425159, 104.27950490952844, 105.22045495339876, 104.08980494036723};