name="DEsPA CEC15";
dim=10;
bound=1;
testID=5;
(*--------*)
min=702.0807981781777;
max=2408.068543541155;
median=1681.327450127843;
mean=1669.4593024934;
std=352.25954360929484;
(*--------*)
data={1867.0149321290492, 1939.1624621956962, 1697.4091679226162, 1439.2008150763836, 1348.9354511439242, 2372.0306461570262, 1738.2347801183887, 1409.8764687586768, 1357.6482324966755, 2017.1027149681604, 1632.6269740684334, 1008.439856589699, 2014.8280862367915, 2096.7053869520296, 1588.778778886227, 1698.9419291821005, 1449.644370142949, 1794.1383911771622, 1972.1135993615544, 1597.573716663007, 2095.5759810949007, 1316.336916423109, 1465.1317681092155, 1672.0902827477498, 1579.3166918188185, 702.0807981781777, 1945.4718365372146, 1512.0926638725155, 1681.327450127843, 1788.6871477468571, 1957.0993161453189, 1990.5684368635611, 2027.2358196597334, 2184.8342271724205, 1059.7048639133563, 1532.9636787216596, 1600.4502118775763, 1515.703321632615, 2186.209869648419, 1440.8890416973377, 1030.8934985413593, 1732.552921084714, 1404.21038426438, 1839.715042735515, 1875.4162974594328, 1808.973012891876, 1193.7584550035112, 1773.5690839350214, 2408.068543541155, 1453.8606182471408, 1327.2294852443192};