name="DEsPA CEC15";
dim=10;
bound=2;
testID=2;
(*--------*)
min=0.00003054184392681236;
max=0.0028228901809086437;
median=0.0002251689874412932;
mean=0.0004191805634659476;
std=0.0005460336534484446;
(*--------*)
data={0.0002886320752395477, 0.00012876306183784436, 0.0009078104261845965, 0.00029539752790697094, 0.00012752751146649643, 0.0012829199823158888, 0.00011222445965586303, 0.001439921626456453, 0.0004887650797229526, 0.00017838488176380451, 0.0007146210931523456, 0.00030585216563849826, 0.0003297627667109282, 0.00020206255936727757, 0.0002717674530003933, 0.0013191644766550326, 0.00003054184392681236, 0.00013257627659868376, 0.00029957172699823786, 0.0004280492201473862, 0.00019070311532232154, 0.0002113992832164513, 0.0011751862287781023, 0.002085670051684474, 0.00016544426674158785, 0.0001333634540969797, 0.00007958578197531098, 0.0001339050305659839, 0.00007831817802639307, 0.00009339256584439683, 0.00006850970768823572, 0.00006867451335779151, 0.000034472062452550745, 0.00004507657473595828, 0.0004376157820900062, 0.00024897053671679714, 0.00030746274529747103, 0.0008539688092241704, 0.0006334952191195953, 0.000414861106690978, 0.00007461463576419192, 0.0028228901809086437, 0.00029937832530890773, 0.000036443875785607815, 0.0001342134344781698, 0.00010147262690907155, 0.0002251689874412932, 0.00028616322649099857, 0.0001262018536465348, 0.00012451494114884554, 0.000402755420509493};