name="DEsPA CEC15";
dim=10;
bound=1;
testID=2;
(*--------*)
min=0.00002089448716446896;
max=0.002278054978802402;
median=0.0002578076199881707;
mean=0.0004868785615967146;
std=0.0005580430318979526;
(*--------*)
data={0.0001281405844508754, 0.0009702354110174838, 0.001998814443624042, 0.00042813734629021383, 0.00012157060695017208, 0.00037359236321776734, 0.0006855212274956557, 0.00025337990530260873, 0.00012058144085358435, 0.00008307580213795519, 0.0005165103030151386, 0.00005979304515335571, 0.00015862008055478327, 0.0013777546893152248, 0.0013224002307197225, 0.0011360750867197567, 0.00022756470457352407, 0.002278054978802402, 0.00004688575813815988, 0.00010758825692391838, 0.002210111745625909, 0.00016999749934143438, 0.00017577772752019882, 0.00024275739809809238, 0.0007791250829427554, 0.0004148641943970688, 0.00024782416593893686, 0.00023943532650605448, 0.00013652479873371703, 0.0003126274958447084, 0.00023406927712699144, 0.0003549868510503984, 0.00036941091144626625, 0.00006539716298448184, 0.0006316687033631753, 0.00010837726611612197, 0.00031224377482885757, 0.00029075035465098154, 0.0002436131228762406, 0.0002578076199881707, 0.0017350068135897345, 0.00002089448716446896, 0.00012645525092125354, 0.0006141031888091675, 0.00007414645870085224, 0.0006535545954307054, 0.0001567748095396837, 0.0003486517537680811, 0.0003810879639445375, 0.00028044269615179473, 0.00024802187877526194};