name="DEsPA CEC15";
dim=10;
bound=5;
testID=2;
(*--------*)
min=0.00004060361595747963;
max=0.0032546827007706725;
median=0.00032174832168152534;
mean=0.0005560125310303058;
std=0.0006924267256167845;
(*--------*)
data={0.00022920791616343195, 0.0009312649632420289, 0.00031817573832881857, 0.0017093753657491106, 0.0012540750292089342, 0.00038549487632622004, 0.00004060361595747963, 0.00016264085101624914, 0.00037314583636316456, 0.00048716120275571484, 0.0001384411158369403, 0.0002977271956297045, 0.00029899709045366757, 0.0032546827007706725, 0.0006293457447270612, 0.0020203548855590725, 0.000044228073022623, 0.000615747459363547, 0.0001850230322020252, 0.00008419153303407258, 0.00017179520511945157, 0.00019706235150351858, 0.00011357872395478807, 0.00022804685445976247, 0.00005932095521643533, 0.00015327421763799975, 0.0007236876994056729, 0.00039285277384237816, 0.00018530383877646273, 0.0003776773049253279, 0.00008127576032279649, 0.00032174832168152534, 0.000380062195517894, 0.00024609710109757543, 0.0014578213017273356, 0.00020022497889726765, 0.00026874430253087667, 0.00015326336813359376, 0.00044074515548686577, 0.0007569981935091619, 0.0011779601593389089, 0.0031802581112856387, 0.00019128109104826763, 0.00032793916707873905, 0.0004545105752242762, 0.00046303060008767716, 0.000556540397496974, 0.00010135835785263225, 0.001023666179293059, 0.00008780714043155059, 0.00042282247395064587};