name="DEsPA CEC15";
dim=10;
bound=5;
testID=13;
(*--------*)
min=27.86230325850488;
max=43.68605329709408;
median=37.51537751537103;
mean=37.17048561251837;
std=3.110123433360631;
(*--------*)
data={27.86230325850488, 38.93318883457778, 33.998857772417296, 38.3711858646152, 36.89276456168068, 35.08901020544431, 36.36522860964419, 40.369996489252344, 41.95828042059475, 36.05277983058272, 37.757543800202484, 39.67125876299633, 30.78485609674044, 34.69303744508443, 38.60524156259157, 41.532847265985765, 34.04033259817356, 36.51461790570829, 38.36803138178766, 38.37714296523245, 34.17760194649941, 42.74421738733281, 34.787071396587635, 38.94640193315604, 33.179576044167334, 39.704487628527204, 38.89417174041296, 35.57215629313009, 36.55568847352856, 33.530840166731195, 39.481819055438336, 31.745610499311397, 41.26768001645087, 34.98489319694181, 36.06935299528959, 38.155024795106556, 36.39490980962637, 36.65094853068695, 37.96308577906893, 39.564523002082296, 38.53990707068374, 36.124681040759015, 40.50895642247292, 39.750045980484174, 37.51537751537103, 36.04181779597184, 43.68605329709408, 33.05597740020721, 39.78906122459148, 34.72794779680203, 39.346374372105856};