name="DEsPA CEC15";
dim=10;
bound=1;
testID=4;
(*--------*)
min=23.111134762359143;
max=60.62394885790968;
median=48.02462178981443;
mean=46.54875079313327;
std=8.78176609248552;
(*--------*)
data={51.23409069988952, 46.639390897410124, 53.60282898710648, 51.41053877503333, 30.388434268009746, 33.678323970932695, 56.281961362177356, 51.27234708594551, 36.00151670807145, 37.08577795555732, 55.84360318413104, 45.69996346895721, 44.275167832826355, 47.03009555199094, 57.19466165930942, 51.93865546383648, 36.47853870297536, 56.43276681244049, 32.7502415894802, 40.063766201102226, 39.164932008940355, 36.943891070885456, 49.274759362239706, 57.22458800883692, 60.62394885790968, 58.939899265421616, 53.30943900015865, 48.02462178981443, 47.47270509493319, 52.19033192591735, 55.08004004373163, 32.310644263493714, 23.111134762359143, 49.8632478563394, 50.31718917092712, 48.69080410800177, 44.42602914797709, 45.40877785783334, 44.53993535824861, 32.56602368665301, 52.81941951923852, 56.994758340095075, 56.57955939354912, 44.80211424705482, 35.323759511678816, 54.31742073841042, 42.78236449689689, 51.00930219910367, 47.26449591069979, 36.60621587988601, 50.70126639537824};