name="DEsPA CEC15";
dim=10;
bound=1;
testID=12;
(*--------*)
min=102.77406313058577;
max=107.58549804914423;
median=104.86983247304693;
mean=104.91196146639646;
std=0.9995156271391517;
(*--------*)
data={105.50273058549647, 104.69071608685704, 103.64548414297838, 104.2847755533844, 104.95127653012014, 104.94804293094012, 103.90939336803831, 105.47641068471853, 105.65618840929392, 106.02629700236503, 104.42826874723323, 105.27786633017877, 105.69100580173745, 104.73557796091495, 105.47666354159583, 104.82163946902187, 105.51300082989655, 104.57902807986648, 104.6775137597433, 104.57608180426269, 102.77406313058577, 104.41360885226482, 104.03664112529395, 104.8807718616572, 103.54448671902082, 104.78726617550387, 104.31633371616908, 106.764130313961, 104.86983247304693, 105.81897036811824, 105.28506740563398, 105.81549603857934, 104.85000568097894, 104.10169042323082, 104.96805645061113, 104.22985590644998, 103.71745007090817, 105.34960774800788, 107.58549804914423, 105.85301175315317, 103.21837194429077, 105.55901664247403, 106.24196309714443, 106.74984461481495, 105.84663996100335, 105.14128547865516, 103.49822744754306, 103.75268181596834, 103.56240469658132, 106.4830344662355, 103.62675874054617};