name="DEsPA CEC15";
dim=10;
bound=2;
testID=3;
(*--------*)
min=20.216143034933452;
max=20.95872618704817;
median=20.603911258737583;
mean=20.609934383680574;
std=0.1807554908020196;
(*--------*)
data={20.682821994162964, 20.781605882529334, 20.677906746977897, 20.780990426648202, 20.743350615238455, 20.442626989289806, 20.874555603186252, 20.627083357542915, 20.80958439506111, 20.524123413182053, 20.625698910668063, 20.77864453481999, 20.236043906217276, 20.844920500356523, 20.95872618704817, 20.80351847747653, 20.357797087197355, 20.78238666816395, 20.216143034933452, 20.380829015411848, 20.486602393801945, 20.464103551801543, 20.556809531135286, 20.454556821964957, 20.90966964905124, 20.73846100675962, 20.46921458870844, 20.61545244645538, 20.70346701836661, 20.568767382335636, 20.72516003765213, 20.5375164080603, 20.603911258737583, 20.67810528858763, 20.47069454922371, 20.531536775532004, 20.40181551409046, 20.32520167531169, 20.515698916227677, 20.448713278077662, 20.411938977912314, 20.868838192628118, 20.53115663687305, 20.870046536811685, 20.469805961569307, 20.70081090848356, 20.560348281784115, 20.823937860564456, 20.565639354831205, 20.426011274389055, 20.743303743868694};