name="DEsPA CEC15";
dim=10;
bound=0;
testID=2;
(*--------*)
min=0.00004982843051948294;
max=0.004557922046302565;
median=0.00029222739422607447;
mean=0.0005130902010295376;
std=0.000721963372997778;
(*--------*)
data={0.00015254514062235103, 0.0007415179572376475, 0.00007665139065693438, 0.00023847845818636415, 0.00021071168592357026, 0.0002722767609668608, 0.0001260841909811461, 0.00016312109337945913, 0.00010196415192353925, 0.004557922046302565, 0.0001841121138284052, 0.0005928040208402763, 0.0006731934905985781, 0.00029725624105481074, 0.0007381437615947561, 0.00010783059016716834, 0.0005844514997761507, 0.0019369461838039115, 0.00029222739422607447, 0.0001324752170148713, 0.00029930416621937184, 0.00037027554205337765, 0.0006613938172392864, 0.00014689367850451163, 0.0000798276235798312, 0.00010385778347199448, 0.00013337183236217243, 0.00023672694089782453, 0.000060372271605047, 0.0007752039186641468, 0.0010739230738465722, 0.0000915517735222693, 0.000790054943990981, 0.0004270185543759908, 0.00018966013209364974, 0.0005319658539519878, 0.0002817810607496085, 0.00004982843051948294, 0.00033937832733954565, 0.00033562615703885973, 0.00032300827828635187, 0.0004406988802827527, 0.00022887779988423063, 0.0018262899247929454, 0.0016341878054504377, 0.00010932328814305947, 0.00011583361461475761, 0.0001448566413273511, 0.0010621735360132334, 0.0007685291194547972, 0.00035509209314454887};