name="DEsPA CEC15";
dim=10;
bound=3;
testID=3;
(*--------*)
min=20.396754201063118;
max=21.02563946238172;
median=20.685328372751883;
mean=20.71104796512389;
std=0.16946485021563387;
(*--------*)
data={20.46906212216112, 20.76271771787924, 20.672364116117365, 20.596756214260836, 20.95006387053303, 20.73469054222977, 20.69430272626704, 20.721602164184844, 20.509862780075082, 20.989304340689728, 20.479502718900164, 20.8565605263409, 20.54069017586272, 20.653751551655034, 20.779156970041356, 20.70882678695159, 20.416066873261798, 20.63445832697863, 20.954688704671298, 20.695292873307267, 20.66078848189545, 20.926872329741855, 20.905189103285068, 20.651760245852415, 21.021951478228345, 20.612020116683027, 20.51150782018783, 20.596804607104275, 20.521201948425073, 20.94018643166504, 20.61772467522917, 20.948356074731407, 20.86849285946954, 20.875316545481837, 20.92877305934627, 20.70527831796926, 20.72000168564108, 20.92470063502941, 20.47781263065798, 20.685328372751883, 20.59898014544416, 20.67593693623394, 20.648522261301082, 20.511087909091714, 20.396754201063118, 20.64681453530585, 21.02563946238172, 20.81532244666124, 20.533866049166534, 20.824508775020604, 20.6662239779032};