name="DEsPA CEC15";
dim=10;
bound=4;
testID=7;
(*--------*)
min=1.6875274252197414;
max=2.740173870887361;
median=2.2650484622828344;
mean=2.273481452626535;
std=0.22115623318223218;
(*--------*)
data={2.244650489649416, 2.3183704246193884, 2.3445190996616248, 2.125825574718874, 2.497473887631145, 2.4349980229171706, 2.474959273412196, 2.6276557150456483, 2.3914506769184527, 2.6545675574336656, 2.0803656965180153, 2.1788269160221034, 2.2571605509049277, 2.099696291084342, 1.8575016919828613, 2.271093419645581, 2.0736291469989965, 2.1219683403863883, 2.1909769602518736, 2.287716465721928, 2.740173870887361, 2.464899577039546, 1.6875274252197414, 2.369493131569129, 2.2696626582027193, 2.1402557825824715, 2.136736342700601, 2.0047572341444493, 2.2650484622828344, 1.9871566183097684, 2.4556392627005152, 2.4619356868238356, 2.346729535374152, 2.138893644854761, 2.2023090744276033, 1.8337572900118175, 2.544691760558294, 2.1358269352937214, 2.5585873483008754, 2.4352559754572667, 2.2236307381236884, 2.0270609912857935, 2.014042466200067, 2.4597881804752433, 2.576975513696766, 2.1810308701317354, 2.4883623101724197, 2.5517180188279553, 2.1941395834697914, 2.3305332052117365, 2.187528388092005};