name="DEsPA CEC15";
dim=10;
bound=1;
testID=15;
(*--------*)
min=205.21307259686887;
max=205.24406005985725;
median=205.23634341142542;
mean=205.2336370405894;
std=0.008310375692721127;
(*--------*)
data={205.23821961181102, 205.21700969756125, 205.23667570578323, 205.23950574671494, 205.23241780611397, 205.2398662517478, 205.24296807212818, 205.23691904008433, 205.24118717890087, 205.24072335965593, 205.23678521486045, 205.23268629161134, 205.24406005985725, 205.22719151487195, 205.24355761213906, 205.23670858591254, 205.2137230647943, 205.23171441322165, 205.23309887426103, 205.24195007532376, 205.23834693401432, 205.21307259686887, 205.2248844488479, 205.2426980319624, 205.2287176971074, 205.2250821596117, 205.24169426383992, 205.23813740918376, 205.23840236269007, 205.23445528733828, 205.23243878760832, 205.21347251235034, 205.2438022024262, 205.24253023325673, 205.24386888768913, 205.2352048758255, 205.22954253591274, 205.2402298439647, 205.2202203787515, 205.23017280743352, 205.23638860838355, 205.22690413761688, 205.23340316525673, 205.22776682574954, 205.23345060407792, 205.23634341142542, 205.23154392218294, 205.23669118289786, 205.22334043839692, 205.24159836383365, 205.22411597620226};