name="DEsPA CEC15";
dim=10;
bound=4;
testID=12;
(*--------*)
min=102.4658543356536;
max=107.58142724150366;
median=104.90024524164528;
mean=104.90660241360239;
std=1.0284289981065273;
(*--------*)
data={105.95267874886986, 103.40907376709129, 103.99872852793123, 105.42514392386238, 105.44304168464805, 104.60174344683037, 104.59461739641301, 104.76162963191678, 107.58142724150366, 106.95874126098374, 104.9185620006067, 104.56081357545531, 102.4658543356536, 103.61730581177994, 104.47770453891144, 104.60790584215601, 104.90024524164528, 103.49160376389727, 104.41450546828946, 104.85372599365382, 104.74598167072895, 105.0510415846395, 104.97303942579833, 105.23659529286374, 105.37953963870655, 105.9950464193887, 102.9885206482586, 105.51002077337512, 104.59857419165905, 106.83399297776464, 104.90833453261371, 105.81624030202033, 104.75644166180109, 105.50965069129597, 105.52477718963405, 103.34625139944728, 106.18700240652606, 105.37006001208715, 104.68818261676756, 105.2947643042271, 104.69180267899378, 104.04749882410283, 104.19906234522045, 104.1384817393714, 103.60883914635315, 105.58648727069817, 105.28552862545394, 105.94863031995033, 103.3059799713219, 106.63702588044612, 105.03827635010748};