name="DEsPA CEC15";
dim=10;
bound=2;
testID=8;
(*--------*)
min=9.444184656214134;
max=217.3205532528558;
median=68.89474874253654;
mean=78.1885870053906;
std=41.5302014347568;
(*--------*)
data={9.444184656214134, 40.05421277583525, 55.234020529717895, 80.09220016729398, 134.94072143843346, 50.157328205053545, 88.00520229956226, 158.46581051620603, 61.68311288634516, 123.65720336051356, 81.5527980662938, 61.631886023293305, 84.1432396381033, 153.32290867664562, 33.988024774906194, 48.53291720781533, 45.76212553472999, 103.09310145944903, 196.39443227747574, 39.31254183884664, 70.20076207194904, 71.34509048272605, 61.41399762170681, 217.3205532528558, 108.49649360700346, 48.844670574467955, 64.52288484375777, 73.10179376962162, 46.18272662857214, 70.55286999533689, 61.88865866528738, 49.30080096509448, 56.712500107348546, 85.86271206287199, 72.34731141310726, 32.39634513578801, 62.45784584386479, 137.5357764582261, 78.31548129497332, 51.26506083179845, 32.06275443508002, 84.5333821630984, 65.53158213111647, 36.44826618517834, 57.435637815700034, 67.39412187608355, 119.15202812170742, 68.89474874253654, 81.72069206972049, 70.49853444555856, 134.41388133004932};