name="DEsPA CEC15";
dim=10;
bound=5;
testID=3;
(*--------*)
min=20.271438245300942;
max=21.0974379924221;
median=20.629896631829638;
mean=20.63490524264049;
std=0.21460863277953504;
(*--------*)
data={21.02234350493086, 20.797029913102847, 20.469131737775456, 20.34363509076735, 20.61100190593936, 20.617551457971842, 20.67711125210235, 20.54309951414649, 20.290543864203357, 21.0974379924221, 20.508160296162657, 20.94545280904049, 20.781208604716767, 20.42252155355152, 20.597036261324035, 20.390016871153705, 20.493982680121007, 20.503580283127405, 20.40001079015002, 20.711572722891162, 20.525068839327844, 20.722914984670467, 20.50025358224775, 20.913658880932815, 20.36774314376885, 20.271438245300942, 20.802290148002157, 20.748120036622026, 20.6974957699, 20.817296445868976, 20.70631248501354, 20.350803315966118, 21.075798476030855, 20.686986400586136, 20.797927740660043, 20.457900418396093, 20.95884878816929, 20.865506181752266, 20.527249552601177, 20.81001156952175, 20.668517156134158, 20.77837506590123, 20.557183447489933, 20.987425416376425, 20.677001284463245, 20.39953337639008, 20.36187222600779, 20.443049369825985, 20.629896631829638, 20.368858376951835, 20.68240091235492};