name="DEsPA CEC15";
dim=10;
bound=0;
testID=5;
(*--------*)
min=608.2640551307618;
max=2719.502505785462;
median=1658.8045424929442;
mean=1631.4625621846637;
std=359.218031240372;
(*--------*)
data={1857.3454561279564, 1512.5941982619174, 1946.5375535303942, 1897.387750051244, 1084.5657898917057, 1718.5623088497905, 1532.2720921004898, 608.2640551307618, 1821.0237464915385, 1877.9922889286481, 1779.012112713462, 773.6447322561012, 1682.1166538410048, 1987.6571948141145, 1312.0186901679335, 1528.1520632481452, 1057.822735727099, 1287.5263301184868, 1395.386401033345, 1626.69913307263, 1127.7779967625074, 2170.8149310852145, 1600.4094666828469, 1390.4725159373174, 1564.2766784665637, 1943.906644978315, 2028.2780190793942, 1664.2306361914284, 1800.4019499311707, 1327.4707423724485, 2719.502505785462, 1590.3766576882585, 1365.7773815188566, 1708.2791374688745, 1363.4171349861554, 1517.2347301854502, 1864.750738836813, 1350.0660445745398, 1784.6784517613937, 1729.840323581684, 1658.8045424929442, 1422.510654504848, 1984.1234162668334, 1773.4366358764669, 1932.282176630798, 1499.1004393039734, 1772.4995041649368, 1950.4901488210476, 2201.20730625817, 1549.5858544353173, 1562.0060184310596};