name="DEsPA CEC15";
dim=10;
bound=3;
testID=8;
(*--------*)
min=12.509331489370197;
max=248.11491567431608;
median=93.64298179748562;
mean=100.91176323587312;
std=53.17418510136612;
(*--------*)
data={74.94058489760084, 87.16088226493048, 127.7743269737706, 79.5189020422307, 98.74924242616748, 124.65117983446521, 43.483722230323224, 59.830436823112905, 46.739029496865896, 75.16756637858907, 163.09741374679413, 98.86562887382274, 86.44733353000959, 46.68561298159932, 137.58122348070265, 120.62853758261394, 126.08637543318878, 111.96831770317124, 119.44380093047221, 78.50914727800773, 103.43535866629713, 74.05920998985141, 78.77845733871754, 160.60513777757774, 131.41907160016467, 95.53494124195367, 18.442610701885087, 134.8995081482841, 86.67966903103002, 93.64298179748562, 70.38840498836703, 238.77371031394205, 110.16626984469758, 48.59409280416628, 209.81043982224912, 201.92259360882304, 37.984528292812115, 88.53190643352082, 137.68949495303775, 140.87680118770777, 55.10478057673879, 184.96392717852905, 34.77506542464073, 43.655522367585945, 103.80039265161668, 52.32767046304309, 12.509331489370197, 76.26380171725634, 127.70728577317414, 37.712778262248094, 248.11491567431608};