name="DEsPA CEC15";
dim=10;
bound=5;
testID=4;
(*--------*)
min=11.982943037805796;
max=66.48726429439978;
median=44.50690114110614;
mean=44.27826237848258;
std=12.001145390128183;
(*--------*)
data={37.77480663606218, 43.431121670297046, 29.999086149573998, 40.09060228047741, 45.217313260644914, 38.1225008818987, 56.85257674878744, 29.057947521190215, 40.63992520203885, 54.0534800408289, 40.91333544695124, 36.2679722135091, 49.26260804398106, 24.924295942788717, 49.054222167663625, 59.377353192433645, 64.56643155573983, 51.954018256023915, 34.0061469586102, 66.48726429439978, 60.45560708918947, 42.58705169166035, 51.976803325666026, 11.982943037805796, 51.26520318087796, 41.19825510097087, 53.76793206019954, 62.831141110478484, 56.22626129425885, 39.71867622490424, 48.93217839296756, 54.998621487699154, 50.16037056741834, 27.7042721067063, 45.280164021242115, 46.07803182946452, 33.452330419047314, 56.95879828666915, 51.29317712656723, 24.992011067465228, 30.47496690434224, 22.93563344837105, 28.099780543976692, 56.04416043794646, 39.35399578839008, 42.970245628616624, 44.50690114110614, 56.66579443031367, 35.955143168633924, 41.58430754060595, 55.68761438514895};