name="DEsPA CEC15";
dim=10;
bound=3;
testID=9;
(*--------*)
min=130.36844243485098;
max=173.65720937940114;
median=144.8277115110575;
mean=145.57431140556662;
std=8.931912520313052;
(*--------*)
data={131.29743741927405, 140.24327541957587, 152.5226911652078, 150.54889519266658, 145.62291524013767, 155.13319997692247, 147.61495082681176, 132.2586574593954, 141.26281977905865, 153.50415846362512, 147.03647682760516, 133.41410695100535, 141.9361623723937, 132.4544923153337, 143.04337838026277, 135.7424861751624, 140.43275286507446, 147.93067467836067, 153.6981706938857, 141.92548814270617, 152.63932736912898, 144.3955605866181, 165.3045168699971, 150.72365076654137, 139.57470154274688, 148.7210292052814, 142.2864138907089, 149.57470277917128, 152.6834714621848, 156.73592083582935, 141.3694277788668, 144.8277115110575, 151.40531988560815, 130.36844243485098, 173.65720937940114, 147.90140367534013, 141.31255712640086, 141.24632540057746, 140.07970224564792, 136.75065269055858, 136.54245878729603, 144.7153373333026, 153.7607811002581, 148.1970083381168, 150.11169110316564, 147.75251857552826, 137.0054425605233, 145.25051552669242, 143.78510649303007, 165.7354576805899, 132.25232640441004};