name="DEsPA CEC15";
dim=10;
bound=3;
testID=11;
(*--------*)
min=1.565181989631128;
max=200.10787680235399;
median=5.864534213233355;
mean=9.513768182930223;
std=27.28607671525803;
(*--------*)
data={5.3468655041435795, 9.313257170552333, 5.714786309431474, 6.828078229367975, 9.435102713847073, 7.32537509564736, 200.10787680235399, 7.36700213744848, 6.956637044408126, 7.975398000907717, 4.868339947033974, 6.8730139686174425, 6.544074369583086, 5.001787068035583, 5.439258831208008, 6.995090877709117, 6.1276374292472156, 7.144936024038088, 9.124610671184655, 3.299500822095524, 5.615584069854322, 2.493923842196864, 4.787638115980371, 5.06240733330219, 3.4229753659899416, 6.179508175218416, 5.750224212841886, 5.230287384640405, 5.864534213233355, 7.785741659658697, 4.056488430814625, 4.032346080331536, 7.7558636608193865, 6.637947636657145, 1.565181989631128, 3.1664961619283076, 5.929111596334906, 6.608984675890724, 5.9386006546103545, 6.577001420006127, 3.0613351759536727, 3.1344714173962984, 7.098274882057467, 4.275921518053337, 5.760350030006975, 2.820212383117223, 7.205407142292415, 2.745173697826658, 8.424815453081237, 5.329613271932203, 3.097126660922413};