name="DEsPA CEC15";
dim=10;
bound=1;
testID=11;
(*--------*)
min=3.0198682848349563;
max=200.10789590140052;
median=8.324412913937522;
mean=97.27821082338262;
std=97.91844088240637;
(*--------*)
data={6.8279385468058535, 7.71514114837214, 200.1077619628445, 200.10728324169008, 4.66379138342154, 8.572681956270117, 8.324412913937522, 200.1070640142393, 200.10702827459886, 200.10757373461092, 6.333727761928685, 6.525687373190976, 200.10700693980198, 6.787641408042191, 3.0198682848349563, 200.10747434330665, 200.10789590140052, 4.731763490490721, 200.10700093819332, 5.142212289970303, 4.275700499783397, 5.629997132719836, 8.105787597527979, 200.10691269950917, 200.10692852454895, 5.279615286686294, 7.178475857711192, 200.10711583231046, 7.876923572571513, 200.1072136759683, 200.1073136948928, 200.10713654426854, 4.454854424480573, 4.860186634079355, 4.772742637755073, 4.681369966701141, 5.256985089075215, 200.1070574267187, 5.004577541971003, 6.624988718699342, 200.1068312826044, 200.10762743287978, 6.7225205364109115, 200.10704598731763, 4.739018985856319, 200.1068611678338, 4.507383682832824, 200.1069660324656, 200.1071055626967, 200.107114364469, 200.10743769121564};