name="DEsPA CEC15";
dim=10;
bound=2;
testID=15;
(*--------*)
min=205.21148311860406;
max=205.24790720703095;
median=205.2333238658166;
mean=205.23223089206505;
std=0.007717392188696603;
(*--------*)
data={205.2231003429515, 205.23025915725998, 205.23669315030656, 205.23305983644946, 205.23137475855992, 205.21559948972777, 205.23728312405365, 205.24651339560546, 205.23754654347135, 205.24613619555362, 205.23923582647967, 205.22882462882512, 205.22589682261287, 205.2333238658166, 205.23819387265848, 205.22861702632122, 205.23343352074403, 205.2374004238984, 205.2382087431879, 205.24453200125117, 205.23649102928653, 205.21148311860406, 205.23668500800204, 205.22597246362056, 205.22672240892734, 205.22003914634524, 205.23056792195325, 205.22294197689985, 205.22980726089986, 205.23721233389006, 205.2283199242761, 205.23426272762663, 205.23059785333749, 205.22862410636935, 205.2337932042849, 205.2404877380618, 205.24790720703095, 205.23659967807498, 205.23436911491535, 205.2343163369685, 205.2283851153561, 205.22624160373357, 205.21781914475264, 205.232185210205, 205.24062602669937, 205.22741256115842, 205.2346537542403, 205.24025838213674, 205.22139805835081, 205.2262809698109, 205.2360813837622};