name="DEsPA CEC15";
dim=10;
bound=5;
testID=10;
(*--------*)
min=13.444150763417042;
max=240.7383923296975;
median=55.6122775799206;
mean=61.65766041321932;
std=36.0025743295717;
(*--------*)
data={13.444150763417042, 68.8851967698331, 31.54917845447244, 39.193595092914165, 43.37209185382221, 47.811835058258794, 65.48478439268797, 96.35405450456801, 92.61283738438397, 94.23262956342433, 26.719508880194553, 37.253516388191656, 18.08590036525038, 66.11465826384278, 122.33607674356517, 58.5925457011715, 49.94128481115786, 46.58544023608192, 75.82739359389029, 38.812258666662274, 48.2653254011268, 55.6122775799206, 39.900595317609714, 85.54463255307405, 47.009096418040144, 21.11193247225026, 61.58402011537737, 94.85919970638179, 101.38312774605242, 48.119783107876174, 240.7383923296975, 54.305369461161035, 83.82031122521335, 91.95092715443775, 95.1314755510175, 28.69713352183794, 63.40115134213829, 51.55096063864971, 23.645171085373363, 24.61424650377512, 63.3637903492895, 56.30251428828683, 42.29655990807669, 70.66817981639338, 82.4332604681938, 25.220391537446176, 42.34711620404346, 44.29669820203935, 55.80937933160976, 93.03700075663392, 74.31172349337112};