name="DEsPA CEC15";
dim=10;
bound=4;
testID=11;
(*--------*)
min=2.9240064487880773;
max=200.1079486609715;
median=7.060129028838219;
mean=74.15967410762727;
std=93.95621144036423;
(*--------*)
data={3.0587261840635165, 6.958645224947304, 200.10703068980138, 2.9240064487880773, 200.10710306134706, 6.311634674370453, 200.10709280719084, 7.060129028838219, 3.8892641746222125, 5.3277094607317395, 200.10725115735886, 5.782546909213352, 7.4239423517337855, 3.1226111215366927, 3.7791025598326087, 200.1070596828347, 4.351254062140924, 6.884689296583701, 5.871290417280306, 200.1066611505646, 3.9453468476808666, 3.3209415595385963, 9.079279856445055, 3.9548549459739206, 5.524831305236148, 7.2401114276754015, 6.907144847964673, 200.1079486609715, 3.2802230895542834, 8.443273003845661, 3.5516517329256203, 200.1070094831407, 200.10709551443506, 200.10710427738172, 200.1077373027092, 9.415324748884132, 200.10745095848097, 6.063734545449279, 4.562350823910492, 7.105177712918703, 200.10699004515595, 200.10775932543993, 3.8631742004308762, 3.2094249335268614, 4.760265813152728, 200.10723547279508, 200.10692873979087, 7.9935759990885344, 200.10722519612455, 200.1069897027378, 5.2474669518451265};