name="DEsPA CEC15";
dim=10;
bound=2;
testID=12;
(*--------*)
min=102.6899883946769;
max=108.79964256608059;
median=104.66067606536012;
mean=104.66754521330472;
std=1.1136973717909264;
(*--------*)
data={103.32909368575429, 105.15944459813159, 104.883918272257, 104.11515896070887, 103.9354006101421, 104.00350951728524, 105.77266007871458, 103.72903890968746, 103.3472230208481, 104.75123486484995, 103.96342203805716, 103.96755156015843, 105.09643628015488, 104.85444510762954, 104.88357881675915, 104.52124012780018, 103.6132653372847, 105.47443977560806, 103.62912497306138, 104.70666627530363, 104.52877773648379, 103.54407628664558, 104.94197845155395, 102.6899883946769, 106.2433119753191, 105.3972536524293, 103.63912830200252, 104.04140361944837, 103.75279675708225, 108.79964256608059, 106.36894303803501, 104.81623694830841, 103.44908506925094, 106.89169168773037, 102.90243647236184, 104.96001882972155, 104.13533067962112, 104.73550474622425, 104.33062915542769, 105.77391523817846, 103.93375740153397, 106.90495078636263, 104.57090590061216, 105.1430286658665, 105.46450128478136, 103.91365307231172, 104.82140310293585, 104.66067606536012, 105.91575350498601, 104.15929800645768, 104.87787567055375};