name="DEsPA CEC15";
dim=10;
bound=0;
testID=3;
(*--------*)
min=20.233944658613325;
max=21.107418100867505;
median=20.7218301988313;
mean=20.667152838872234;
std=0.1954556309892751;
(*--------*)
data={20.947157189975258, 20.56433382760173, 20.41164948701504, 20.72288988518352, 20.85212582131726, 20.677727372232027, 21.018759666700362, 20.630040624721573, 20.9421141665797, 20.4038624737276, 20.7218301988313, 20.581599191269447, 20.727005623137075, 20.74111237263031, 20.34527420922109, 20.785059328866225, 20.430111926978384, 20.58395671147622, 20.84020600639559, 20.369519592332153, 20.764206082368673, 20.52223868895095, 20.858474125184387, 20.795989571362725, 20.495789187299863, 20.759711479359055, 20.8374681478266, 20.91870288797736, 20.51915574387914, 20.413525837795646, 20.792678007526092, 20.482029720317712, 20.609272948576972, 20.70532300211363, 21.107418100867505, 20.559118702376225, 20.7815717022101, 20.76007133407495, 20.46986914378408, 20.49698734081818, 20.727164847457743, 20.679015724077146, 20.775729673416095, 20.745649754015233, 20.233944658613325, 20.95755883519928, 20.805657669402365, 20.475058927081534, 20.574695327195172, 20.770410851854137, 20.333971083309905};