name="DEsPA CEC15";
dim=10;
bound=1;
testID=3;
(*--------*)
min=20.177556364770453;
max=21.165019253992114;
median=20.66103279070967;
mean=20.615864225871224;
std=0.18441172921475127;
(*--------*)
data={20.392501362237397, 20.54293900698906, 20.715656114861304, 20.571091607225128, 20.7107979440068, 20.693353126975467, 20.8071311589066, 20.66103279070967, 20.177556364770453, 20.718557042236966, 20.457357674603372, 20.851973812816425, 20.754508564182288, 20.62773216269312, 20.25993648851852, 20.673351074531638, 20.562895733519667, 20.537684748027402, 20.78630348253023, 20.276570712216937, 20.755806664804766, 20.483700764191553, 20.457566852483637, 20.77571198643858, 20.471012702019948, 20.727985587202284, 20.56619510470472, 20.42009574646221, 20.52935687442948, 20.45906733233744, 20.73757057347433, 20.72986871853942, 20.680681913663875, 21.165019253992114, 20.527741122016664, 20.906609247740505, 20.607574647275953, 20.54166470426668, 20.530391608877835, 20.68618704261803, 20.79990014504631, 20.707213236994278, 20.73021744037294, 20.619028208724558, 20.493658113867866, 20.731168146293953, 20.182885010246537, 20.41691139350246, 20.753862261791255, 20.769871248658717, 20.665620893835182};