name="DEsPA CEC15";
dim=10;
bound=2;
testID=5;
(*--------*)
min=816.4305652954422;
max=2547.0002077313657;
median=1632.3540229222626;
mean=1672.8963077439457;
std=383.8467656624554;
(*--------*)
data={2036.6531910710005, 1184.0295628825174, 1785.5369856688562, 1371.273043106663, 816.4305652954422, 1948.345036250084, 1570.9979557290217, 1187.1003123654123, 2505.2438502574596, 1655.5450636362361, 1588.6843338282988, 2144.2217607445323, 1538.2590640947788, 1820.4953565458081, 1767.631315624546, 1775.0041439810998, 1079.2302438391712, 1158.1779063589952, 1579.9643010228428, 2547.0002077313657, 1300.6839778216422, 2050.8521897205874, 1205.5700492251158, 1187.6054660319337, 1603.1174840081962, 1875.9994850602652, 1462.3732009235027, 1448.1362105816847, 1510.2318746439028, 2130.4217996634493, 1388.6248050733152, 1555.8573227704655, 1812.009025354867, 1843.483223355357, 1422.111015455468, 1427.3354383395144, 1834.9646450388177, 2381.6434742563324, 1630.3269103879193, 1307.4261723316272, 2264.5251522397525, 1632.3540229222626, 1852.6497069027469, 2129.619932892331, 1661.3025415123461, 1129.4962029421963, 1357.5450886479116, 2117.9534122245454, 1725.4725348414904, 1918.66092919917, 2089.534200538367};