name="DEsPA CEC15";
dim=10;
bound=3;
testID=10;
(*--------*)
min=36.27424517454551;
max=389.5568423862635;
median=109.88039529393677;
mean=134.26844409122506;
std=81.00777001792154;
(*--------*)
data={70.25052569013064, 177.8790147648674, 113.03170121103608, 74.05462229410477, 145.48085084109994, 108.79303568110254, 139.66060995878797, 115.09502119233684, 112.11390187242091, 42.485350813974264, 72.11501112532119, 109.88039529393677, 43.80213079844452, 135.38540421733387, 56.83953169921824, 216.29026253808024, 149.676365264816, 212.94169443493342, 254.46323024948902, 389.5568423862635, 140.47262710197037, 76.51863372679031, 76.90257981594686, 91.31094865373802, 241.38163978982334, 68.95714177173886, 66.50874048929904, 249.5232888452133, 299.9079137279032, 105.57019312217608, 147.1479021238374, 49.93728064559673, 222.98839060584123, 277.587924197064, 133.1161777463078, 64.96310291698364, 168.1491228133541, 48.534063344380684, 273.60937466270593, 206.214620771902, 240.22758287476063, 75.82322989888098, 36.27424517454551, 73.35375454025825, 73.83965824406096, 51.98550820930586, 84.38461045838471, 74.46484164335561, 97.70249567301721, 202.4840434306725, 88.05350930496343};