name="DEsPA CEC15";
dim=10;
bound=3;
testID=1;
(*--------*)
min=2.4866435950343657*^-6;
max=0.00018419341517983412;
median=0.000031090433566305364;
mean=0.00004531020972095513;
std=0.00004225586557674174;
(*--------*)
data={0.000015096779137024898, 0.000015796123420841468, 0.00007585829105494213, 0.000047154142293948105, 0.00005701518176692844, 0.00005478251264889878, 0.00003833308110756661, 6.779704548875998*^-6, 0.000021431120643455873, 0.00003356867105708261, 0.000033226818061393715, 2.769007423353287*^-6, 0.000031090433566305364, 0.00008615287536883899, 2.4866435950343657*^-6, 0.000054708157151139865, 0.00010195181791061714, 0.000010457954275011618, 0.00001516181212934953, 0.000056285593842630994, 0.00005300940127028753, 7.976808774401434*^-6, 0.000016549880584193488, 0.00003977910327535028, 0.00001745237111094866, 0.000024321106394609163, 0.00013457156201468481, 0.00006369002059614104, 0.0000463912439130354, 0.0000542641247420761, 0.0001695044074949692, 2.6412325979663365*^-6, 0.00006174156240490447, 0.000015312358712549212, 0.000027546977094061734, 0.00018419341517983412, 0.000014273543214926578, 0.00007806850021552236, 0.00008507169323479503, 0.00001304415728498043, 0.00009624384973960788, 0.000027822013890954626, 0.000011972841406304726, 0.00001768303100391222, 0.00012091399069902309, 0.00009640782836584096, 0.000021683938939531803, 8.621304246503314*^-6, 3.174737855715648*^-6, 0.00002418156152828033, 0.000012605406979560032};