name="DEsPA CEC15";
dim=10;
bound=2;
testID=9;
(*--------*)
min=114.17848494827876;
max=165.71073068032456;
median=144.95200690055776;
mean=144.12506269186923;
std=11.076444259134504;
(*--------*)
data={122.90630520471359, 133.48139079468092, 132.4959493382744, 144.09295214966141, 157.48251996718363, 150.60279808327778, 142.84271848242042, 148.61262352675703, 163.22290562363037, 140.47934828729603, 141.50393418822, 129.17383844788515, 143.5447345083112, 139.28998682443012, 132.69653066792898, 135.1751084313928, 152.8149858232091, 158.6377865100394, 146.18154619539587, 157.41000800994289, 151.636530907105, 154.79364818208842, 129.61974052502046, 139.79350812000507, 165.71073068032456, 154.70820683957663, 139.68027896430567, 148.59672458168234, 156.35472176087956, 151.19137231561126, 132.0661808776356, 137.75104677376612, 135.64457455367824, 144.95200690055776, 149.99754850362456, 129.50923300062232, 160.5528136751518, 146.2072237970051, 131.16362646193988, 147.88190719738668, 114.17848494827876, 132.23015757203825, 152.53959988501492, 154.44164303626144, 130.26160200650816, 151.73912237327568, 136.73222265526147, 150.84320963437972, 150.51471193134876, 153.88653855347843, 142.55130900686686};