name="DEsPA CEC15";
dim=10;
bound=1;
testID=6;
(*--------*)
min=83.82173738958159;
max=678.3826787268188;
median=288.0096756887035;
mean=318.0619727454167;
std=130.95749374707222;
(*--------*)
data={163.16332347050047, 300.8750517213691, 330.5840714190899, 130.43703859735479, 247.33972919071266, 83.82173738958159, 246.51606804858432, 227.89445387198919, 179.86728197115372, 305.0997088749423, 387.79447556583307, 247.11541317858052, 172.17676988699714, 270.2700639246741, 287.40298146158057, 573.9154825721662, 86.43191811257668, 361.1735633232008, 191.8937747169009, 192.47881312335244, 511.342176482505, 266.50054998061626, 500.17014041290713, 410.42137997878956, 128.08076408276156, 563.621004088217, 241.78607689791124, 287.0075991428354, 479.1779679094084, 401.92786813829, 425.42778153579, 279.08003073619545, 191.9110733209236, 426.33971488683324, 195.95121288573046, 369.59625362680447, 276.72470505417607, 365.82106814873237, 482.64893727990784, 471.0264666955545, 332.601670234223, 216.2611064287031, 308.7544280520458, 493.761133613383, 360.5210725438676, 272.0944173492146, 678.3826787268188, 252.89893911339118, 288.0096756887035, 383.5342150454197, 373.52678151445093};