name="DEsPA CEC15";
dim=10;
bound=5;
testID=6;
(*--------*)
min=93.0615049187154;
max=558.5966226994042;
median=293.05388109557407;
mean=290.28523977695914;
std=129.39876002244847;
(*--------*)
data={143.0074954428003, 558.5966226994042, 93.0615049187154, 448.01299218607846, 396.87537242747476, 241.96395985951858, 248.00334070223767, 432.9608935159672, 103.76889620741986, 376.15988385613593, 398.4045596056544, 255.81303159427523, 331.761547781976, 115.0751615627421, 226.2266644080836, 146.65851529495933, 235.51007419639836, 133.94241251642745, 302.16905524408867, 367.73569716191537, 521.0054599201121, 394.0724503627598, 293.05388109557407, 231.2745206290108, 297.1422836639398, 297.2885482767384, 256.4802844648782, 231.46852166991755, 316.5372339666303, 395.0851507900627, 101.77612343222597, 129.46557611086882, 307.08861559757054, 261.5862178538291, 138.05826295496558, 151.86521357459264, 263.88056833955, 257.86845388344454, 125.83735384907447, 544.8318503254909, 304.61794786179735, 365.74316966370566, 315.72668834004185, 116.25259396939327, 176.79050781049796, 496.32717545091214, 193.75109218711418, 393.7094441456736, 354.72358266252843, 458.21120784440154, 557.319566745339};