name="DEsPA CEC15";
dim=10;
bound=3;
testID=4;
(*--------*)
min=20.199945872463104;
max=68.35636032519119;
median=43.13068223909528;
mean=42.90514405181591;
std=10.646908610735823;
(*--------*)
data={42.01066286619687, 52.919843686950344, 47.615855698781445, 43.2071782198434, 52.5288405534518, 44.86649843850074, 51.39296732931018, 41.17918881758004, 25.708432298119533, 41.37558301538934, 43.13068223909528, 23.323332908307805, 44.691202977866965, 44.83774692867132, 50.6337731679198, 31.515574242019056, 38.602213258551444, 35.60416808144038, 45.25430493453314, 45.7545556716687, 38.12306621415513, 33.92970614897655, 48.5781677771065, 22.885636637605103, 35.205570518588104, 49.70489015405968, 22.150213844747725, 57.066998290854485, 58.334282383166965, 36.05847670018494, 51.706721480303656, 36.32264379871856, 27.63964986197891, 33.5816915852422, 54.2416936916776, 33.83303261767526, 43.907103445889504, 60.885010146700836, 40.92465732765726, 54.550810673129035, 41.49217797818392, 51.11540025870988, 43.02230963776924, 41.454394980492225, 68.35636032519119, 49.55999761264121, 45.9205839009972, 20.199945872463104, 40.47912130228025, 63.23262355768384, 37.546802583583826};