name="DEsPA CEC15";
dim=10;
bound=5;
testID=15;
(*--------*)
min=205.21339065855273;
max=205.24968063500137;
median=205.23360268555416;
mean=205.23329794976092;
std=0.007150615546796032;
(*--------*)
data={205.23919740358838, 205.2331161833249, 205.24004475916308, 205.2355039245731, 205.2237128114591, 205.23360268555416, 205.23533758984604, 205.22849291811053, 205.2317694568594, 205.23075259029974, 205.2301291506501, 205.24473966771757, 205.23342062344727, 205.23013878775737, 205.23430771600215, 205.24010423548884, 205.23927175049153, 205.2287604538567, 205.24805250606983, 205.2444656819073, 205.23362870834808, 205.2365498278166, 205.2338444349616, 205.23389844003918, 205.23739353006226, 205.2331060813858, 205.2358066793056, 205.24968063500137, 205.22282489007443, 205.2361646642612, 205.22743723843223, 205.2289557867564, 205.23956331230625, 205.24211164760823, 205.2382926661628, 205.2308533022208, 205.22898894472792, 205.22076226021113, 205.22655987067992, 205.21339065855273, 205.2334328225138, 205.23657389094456, 205.2304111491619, 205.22985874452252, 205.22772181562527, 205.22368135546594, 205.23587598332892, 205.23647372427763, 205.22864061736982, 205.21820213644673, 205.24258872306928};