name="DEsPA CEC15";
dim=10;
bound=4;
testID=6;
(*--------*)
min=109.76795070606397;
max=710.4002625878927;
median=301.1575097152527;
mean=338.2702693545725;
std=143.2986533037279;
(*--------*)
data={118.75101908682677, 221.4089534060937, 494.0763589994549, 198.98653050786675, 282.8280403135715, 261.20530700144263, 525.663069851139, 196.45310595665796, 365.55514965716293, 272.1341931988692, 155.96242523197634, 519.4460756620001, 214.513183069413, 191.84043255710696, 593.5304813399307, 300.3466005156147, 410.8886988954332, 150.14372943873127, 350.2778417178024, 351.6111928473447, 710.4002625878927, 318.61339885621624, 386.0533846564198, 174.75032548612035, 486.5720164813497, 448.0885593777864, 256.3558797061846, 432.00157242999103, 296.1617399307959, 543.226108788356, 365.25694273511147, 430.9760319670479, 288.6276446696288, 442.5864918710299, 191.12885997289027, 290.347976430067, 109.76795070606397, 158.7460206219812, 390.8283925043145, 369.3867735133774, 507.60523339272504, 416.9595896793994, 218.83007988594784, 301.1575097152527, 693.9416690992807, 467.7215439644365, 406.71583769088625, 295.17132267288616, 173.26793554000517, 212.63804567555576, 292.2762472197644};