name="DEsPA CEC15";
dim=10;
bound=3;
testID=14;
(*--------*)
min=100.0001755552289;
max=200.50240837484284;
median=100.00097662781627;
mean=106.17820394101331;
std=23.817385422588384;
(*--------*)
data={100.00077430331407, 100.00070762809696, 100.00057387605398, 100.00226817420094, 100.00052113182164, 100.00128187295604, 200.50240837484284, 100.00049337695236, 114.08842668680018, 100.00310522402765, 100.00370296583424, 100.00076164093616, 100.0005508846225, 100.0005463577329, 100.00204388992711, 100.00097662781627, 100.11963950701943, 100.0008631151718, 100.00038320699286, 100.00073054418021, 100.00230052744132, 100.00091733119416, 100.00248989291163, 100.00702378800656, 100.0003063274778, 100.0008479056753, 100.00068445654733, 100.02206786270267, 100.00135186765306, 100.00070433841597, 200.02613525923266, 100.00129804078597, 100.00080864651045, 100.0006109819501, 100.23173064684852, 100.00085037068584, 100.00082230348971, 100.00113925602727, 100.00082352458116, 200.02778855503448, 100.0001755552289, 100.00201721306235, 100.00605785678931, 100.002301341666, 100.00182682801938, 100.00153162693891, 100.00848594374634, 100.00056909666841, 100.00047420163241, 100.0003223659678, 100.00317768948753};