name="DEsPA CEC15";
dim=10;
bound=2;
testID=7;
(*--------*)
min=1.6896133801967608;
max=2.83090198868058;
median=2.304687815740408;
mean=2.249490260888164;
std=0.2815215987312676;
(*--------*)
data={2.2012962409235115, 2.1432963833332224, 2.304687815740408, 2.332114414806938, 2.3567047645919956, 2.4151101136048965, 2.6714063888931605, 1.6896133801967608, 1.8176047095691956, 2.24840580334876, 2.464205719197821, 2.0403667549240936, 2.83090198868058, 2.0047878231922596, 2.368869539859361, 1.879987500658899, 2.37862595233878, 2.4003520696493297, 2.02404908155836, 2.3066010609742307, 2.3276987617624627, 1.9726959031335127, 2.0891074128273885, 2.3333667842758814, 1.7055179252016615, 2.822789975409137, 2.6131390624257165, 2.607233587768519, 2.3767309814783175, 2.0375599953712253, 1.8956162889983261, 2.302537401783411, 2.3703693740940253, 2.00572163334175, 2.2182405161802308, 2.4332850973125915, 2.1832115328467125, 1.9314449624356484, 2.7380999816324447, 2.4986086636450864, 2.446845820123144, 2.3023424202049227, 2.080392167469995, 2.027943854813657, 1.8643021815690872, 1.9832985391283273, 2.310730042125897, 2.810190085556769, 2.3422317777493618, 1.9073406096599683, 2.306422458928637};