name="DEsPA CEC15";
dim=10;
bound=2;
testID=6;
(*--------*)
min=89.1061279023902;
max=516.4189837929005;
median=297.0767056923238;
mean=311.95708754038264;
std=115.29615656767665;
(*--------*)
data={308.9366165337992, 511.92901593823535, 506.1777634309485, 255.21572252467922, 335.117322014421, 453.80832964989327, 341.01832705653237, 252.14998927871466, 228.393016915187, 234.99171760072807, 415.38270258302236, 451.46741063606373, 252.23705395733668, 225.40227691017935, 482.3159567044854, 452.2731744939324, 127.22845503099552, 209.21423542195328, 180.62313776221185, 204.92000534222905, 306.66229788839746, 222.9640605501737, 181.4687220354806, 403.6530269520557, 367.1435086241979, 250.24529684520667, 168.34308413024166, 427.0646957612498, 417.579522645843, 182.49201307048781, 516.4189837929005, 196.1388994515646, 383.74547355471793, 468.7214267004247, 342.6553141144925, 488.56411557827596, 230.42227821661754, 297.0767056923238, 169.1804708988949, 464.86554291120615, 307.103994210828, 280.9490708610588, 257.818810019196, 442.4636060622772, 240.38646260013581, 89.1061279023902, 360.0025425626844, 194.58444496179573, 280.96174558909263, 180.1170659386985, 362.10992465105755};