name="DEsPA CEC15";
dim=10;
bound=3;
testID=6;
(*--------*)
min=108.15212698721268;
max=707.2007777033039;
median=383.0843779971325;
mean=392.49782182250163;
std=150.48403470696798;
(*--------*)
data={372.422635910988, 506.43865929408616, 416.76150979033787, 205.335540375062, 519.5418685759387, 176.08277124440497, 285.0689858480555, 272.52041239494247, 629.1679954186998, 324.5705761703359, 524.479486409743, 707.2007777033039, 114.5137249977754, 592.5248365070856, 556.0869677879573, 423.4980696546236, 282.4714959655744, 383.0843779971325, 573.8915837345339, 393.4737489157209, 400.7947521306355, 516.3738429821228, 445.86439045441375, 664.7838623972766, 357.67386342236114, 590.5588327395362, 108.15212698721268, 240.2158040113875, 493.7941342229201, 360.4207327272403, 378.29322367937857, 296.40440482885697, 569.9202868711509, 628.8329729274465, 157.53418282163807, 281.5831879307741, 458.9229835094193, 458.3902010455706, 286.0458660375738, 308.55562234630327, 260.7454549665092, 530.9099954821418, 203.7438358871325, 440.6332595694571, 405.7116692266661, 247.01287156069043, 561.9084334440731, 203.13991570802136, 269.22080987282163, 303.07321981965447, 329.03814864089384};