name="DEsPA CEC15";
dim=10;
bound=2;
testID=10;
(*--------*)
min=13.726541181273433;
max=293.3062452993256;
median=85.96785076192373;
mean=95.3137753055173;
std=51.629212698776136;
(*--------*)
data={78.6109367313984, 13.726541181273433, 70.36293573710077, 117.4547323754457, 60.474036285734655, 62.69779613606852, 109.18992482886188, 185.9339504816603, 71.95844942533222, 65.86206603751452, 118.34113455430315, 76.25970608542866, 38.77510122135118, 122.85874641949499, 30.851602066129317, 90.60831847792588, 21.177027318904265, 80.66070224486725, 105.24689454858344, 106.71367994258208, 75.45252258059213, 118.99921497077344, 78.54164954128873, 122.97730535443952, 86.92750745236754, 52.77486978070647, 160.3764780953029, 124.83811721324287, 210.09188166235867, 111.5434911153693, 22.448891393231293, 137.88018352568724, 63.12967405736367, 125.46649580425833, 208.16640703562803, 31.578834895458613, 109.28698072525981, 154.92157894323623, 92.31835483278428, 89.9002095164235, 62.29158525918024, 52.2471580795152, 89.05163234986253, 59.277642270436445, 85.96785076192373, 76.7165841184044, 116.78155031612278, 75.87919352809581, 83.3754401013864, 293.3062452993256, 60.72272790139482};