name="DEsPA CEC15";
dim=10;
bound=3;
testID=13;
(*--------*)
min=31.804277533496588;
max=46.4962189542257;
median=40.0544587463412;
mean=39.90125371637401;
std=3.0555475171078905;
(*--------*)
data={38.24057039693639, 40.670007281597236, 39.14001005380851, 40.73071890515985, 39.045508546761994, 43.78308968180431, 43.57898083872237, 43.06794008192992, 44.31282394597565, 37.2011141948899, 36.915274016095964, 39.102663611260596, 33.975423161742356, 40.61907653524622, 43.07519352818986, 35.14318128466584, 42.54252075574391, 38.79907852192582, 35.23136822793026, 40.2226485882411, 38.97882869951309, 39.54393339055855, 42.55573282555861, 40.50282814673824, 42.553625056800456, 41.742163330852236, 43.276520654153956, 37.56107893517492, 40.53042214165339, 43.818727213300235, 41.322933325217946, 41.8428473717197, 42.3675520707975, 36.76392971238465, 39.38915909799084, 38.68901496644639, 36.173555475380454, 42.5333062094287, 40.253212277872535, 37.82199091428129, 46.4962189542257, 37.51511636226928, 36.84561210126026, 44.66878621881415, 35.33863720366253, 43.36078525374319, 38.691400906260924, 40.0544587463412, 37.37885415011419, 31.804277533496588, 39.19123813043461};