name="DEsPA CEC15";
dim=10;
bound=4;
testID=3;
(*--------*)
min=20.26379035606925;
max=21.025370791913588;
median=20.589315092232425;
mean=20.614161629920705;
std=0.18743735554765523;
(*--------*)
data={20.585083487797192, 20.81181879760055, 20.482722194781104, 20.60887957670053, 20.501831511634236, 20.348311181518, 20.448605541316567, 20.789820837085983, 20.482632121330596, 20.754597106659332, 20.672196677552506, 20.431305145746705, 20.589315092232425, 20.629033610453064, 20.561117109277006, 20.540363752599376, 20.77967056245268, 20.530115892498827, 20.446939593840284, 20.391634757575957, 20.447311950239794, 20.89824421003965, 20.70483870604079, 20.26379035606925, 20.42435144531612, 20.568236721929225, 20.823160885075026, 20.324373003852543, 20.34627347476919, 21.00944408738701, 20.742312380770784, 20.979875815018715, 20.44662861693098, 20.474931834670485, 20.619839987589216, 20.732792701586845, 20.56244848461813, 20.488799203377994, 20.76003577942714, 20.800863065460703, 20.921953894998694, 20.63684880367407, 21.025370791913588, 20.618699135869633, 20.52043200509314, 20.84445709951541, 20.512810860789443, 20.602781764748613, 20.37760722131884, 20.83967923109992, 20.617055056112463};