name="DEsPA CEC15";
dim=10;
bound=0;
testID=14;
(*--------*)
min=100.00005962551404;
max=2664.3611427322503;
median=100.00067513147633;
mean=351.41965374680774;
std=770.1420183582908;
(*--------*)
data={100.00067513147633, 100.00013835125992, 100.00046153023186, 100.00083665061152, 100.00216197881377, 100.00042529033408, 100.00083098948176, 100.00061259224208, 2664.3611233236606, 100.00118187017665, 100.00005962551404, 100.00112005728215, 100.00059607511366, 100.00049693604547, 100.00028725646484, 100.00018029662601, 100.00136387279031, 100.00047074556869, 100.00060171236123, 2664.3611381960245, 100.00099959320823, 100.00029533378392, 100.00057961063271, 100.00036986994292, 100.00089396328963, 100.00122291690059, 100.00026367822647, 100.00013665662004, 2664.3611427322503, 100.001148487416, 100.00025702829271, 100.00094349328879, 100.54374904227006, 100.00033955852723, 100.00039098753996, 100.00035425185206, 100.000450701295, 100.00029130186977, 100.00129317540222, 100.00057929132504, 2664.361126768507, 100.00089052886233, 2664.3611301857095, 100.00022347843901, 100.0006800549213, 100.00442190973786, 100.00120583253147, 100.00141950264333, 100.00082067748349, 100.01974265504032, 100.00021533731183};