name="DEsPA CEC15";
dim=10;
bound=4;
testID=15;
(*--------*)
min=205.2139039739859;
max=205.24518903193098;
median=205.23410579370488;
mean=205.23318426951192;
std=0.006693845556087863;
(*--------*)
data={205.2372270267033, 205.2281250637791, 205.23547003394265, 205.23762763602008, 205.23012647412816, 205.2356472212723, 205.22919760201216, 205.23639427160697, 205.2407673399082, 205.24037003231274, 205.2253056988834, 205.2376747359217, 205.23470466148547, 205.23724802070046, 205.22409568207468, 205.22466345669454, 205.23408487593997, 205.24062496795864, 205.23489712432638, 205.2280038066342, 205.224806199569, 205.24518903193098, 205.24515298174038, 205.23410579370488, 205.2409802692057, 205.2400190651524, 205.24127034955632, 205.2266718130411, 205.23448482982872, 205.23466194530965, 205.22852614260864, 205.230106508704, 205.23264687242977, 205.22879326701695, 205.2139039739859, 205.23988840610355, 205.23113292882863, 205.2412698473695, 205.22961823860715, 205.23337617782045, 205.22316118886806, 205.23711069513547, 205.23199421587287, 205.2254351089473, 205.2189848415951, 205.23779619166862, 205.2411976258627, 205.22550957287012, 205.2305039362509, 205.2339658087658, 205.23787818445408};