name="DEsPA CEC15";
dim=10;
bound=4;
testID=4;
(*--------*)
min=23.501676342688597;
max=60.667475339061184;
median=46.03383241811321;
mean=45.65548393317676;
std=9.060052161228436;
(*--------*)
data={58.223070227399546, 47.30263366761483, 45.91606005048766, 50.829347452050285, 39.8349523719188, 47.45921336455956, 50.48868911743767, 41.51289867994683, 42.80963823635557, 43.78506565090669, 51.532220144256655, 35.71062923449779, 31.934731712135203, 49.36058351219111, 42.57385035467706, 58.40572442013382, 58.358240355130306, 50.50832468507525, 26.582534507003686, 32.29438446478463, 60.667475339061184, 37.82752374921631, 49.61445008270243, 54.210893965746095, 43.70231869634188, 50.91688497257201, 43.150303287808754, 43.24532832381851, 46.03383241811321, 45.648663085668204, 46.8196731333054, 55.36794311621924, 37.12041626112028, 23.501676342688597, 43.631696689721934, 54.48600576456761, 41.235852925740005, 48.942034456864576, 54.95663023338477, 54.45901508833754, 40.154431816326394, 52.642266831250026, 28.144403019295396, 55.315664455481965, 57.56732853020634, 35.55063388667861, 52.74117828319294, 53.98146995361276, 42.82345609576714, 42.27802647634377, 26.26941110229768};