name="DEsPA CEC15";
dim=10;
bound=5;
testID=11;
(*--------*)
min=1.808661898608534;
max=200.1080717511452;
median=7.472249456005329;
mean=96.79895602635752;
std=98.37538775647745;
(*--------*)
data={200.10708774344812, 3.2056335524114274, 200.10694899487294, 3.3492792163281138, 7.080897151178078, 200.1072915840516, 4.444143685887411, 5.171292399838194, 200.10734735527103, 200.10683401612346, 4.952499666826725, 200.1073232983017, 7.882443636224934, 200.10691396363586, 200.10744990932608, 6.651076531922399, 4.088121542228919, 200.10737288620248, 3.1627552869558713, 7.472249456005329, 200.10696638899253, 6.352288063167407, 200.10738103442918, 200.1080717511452, 200.10718778222827, 200.10693136764644, 5.862194477116418, 5.858032307159192, 200.1069920785999, 200.10711785495073, 4.816727193937595, 3.2050481842195495, 4.521266281523594, 3.3806274551261595, 6.044312216504977, 6.64910984223161, 200.1073411887296, 5.02922617966442, 200.10754185419682, 1.808661898608534, 200.10736700387065, 200.10781335383604, 200.10709462799446, 2.8381088942878705, 4.738475066326146, 4.356414604312704, 5.377135994875061, 5.875429322929222, 200.1068948495381, 200.10688452460454, 200.1071518244412};