name="DEsPA CEC15";
dim=10;
bound=0;
testID=13;
(*--------*)
min=30.18849517905801;
max=44.580625864427475;
median=38.86629218172311;
mean=38.73973943544636;
std=2.737965899487185;
(*--------*)
data={34.19055354683155, 38.77238629962176, 41.48876948718862, 39.43356075094789, 39.58350298764117, 42.41337961564591, 34.21132352134168, 40.209295958203484, 41.40728595237033, 36.09712268696512, 38.10624700623384, 36.28163262215003, 38.39166134754964, 41.650789204942384, 36.10075031923816, 35.73439495382081, 39.391019832399024, 40.25655077329566, 39.14447025467075, 40.80095070287393, 42.093939297881434, 35.45436860256041, 38.062220966809264, 39.684488788370345, 40.117762193090584, 37.16966037767111, 41.944782752632136, 40.23813767142633, 36.83217898010139, 44.580625864427475, 37.432911377461096, 35.99407991780072, 38.86629218172311, 41.886649506661115, 43.69967909958905, 40.033774561528844, 35.31852953775274, 38.850153739814914, 41.0483917393492, 37.711642807587396, 30.18849517905801, 40.39518274310262, 35.77768738850182, 38.55213852503812, 37.7900452404142, 40.45178188225418, 40.2835243542163, 36.14827249823361, 36.57838016044457, 41.898820175776336, 36.97646527255438};