name="DEsPA CEC15";
dim=10;
bound=4;
testID=10;
(*--------*)
min=23.191334231647033;
max=300.29678316324316;
median=63.09417870162838;
mean=81.42034478291373;
std=55.68091915648716;
(*--------*)
data={58.03069524881994, 115.92815785715766, 52.35908895860916, 113.109530479858, 38.303315979434956, 55.36593862426162, 122.19581603418487, 23.191334231647033, 66.47031704184815, 63.09417870162838, 56.40946382322477, 62.797934459026465, 137.88234769479322, 48.206411960572495, 200.86214146179464, 70.04415071509698, 97.89234933197372, 105.76567743809915, 64.41650892992675, 49.091458666533754, 39.93511942014243, 36.432547671984594, 45.82010301387959, 51.0604677174847, 81.7534456053861, 48.926931698756334, 135.2603615318426, 79.03662276737941, 38.280025804719344, 88.4569690536623, 86.81687024101461, 31.65700701304354, 269.87061468273964, 45.43673043701847, 142.1049616934531, 39.9141322901512, 109.78566280149744, 103.65745946784205, 26.455005346032067, 104.42328296160463, 61.308237816917654, 93.02125902716125, 49.097426992945884, 27.163836215505853, 98.39723072843981, 31.313210814156264, 78.8931287100022, 300.29678316324316, 121.21384480552524, 52.98365434469815, 32.2478324518795};