name="DEsPA CEC15";
dim=10;
bound=5;
testID=5;
(*--------*)
min=754.8514704240151;
max=2204.788007669603;
median=1539.9322321437044;
mean=1583.5700770196104;
std=341.7218746759116;
(*--------*)
data={2204.788007669603, 1739.0870227955907, 1813.6463704695298, 1635.9116818398525, 754.8514704240151, 1566.1939123737893, 1857.7640978289828, 1539.9322321437044, 1475.3256483353002, 1741.6757591177943, 1411.8390899539154, 1978.161802328767, 760.2656157998968, 1426.920225972398, 2034.0574008493627, 1359.1254069054776, 1016.5262561853001, 1620.9665743871751, 1330.7790011586717, 1934.6747011866146, 1814.6369649798403, 1403.1117164927523, 1874.4573200039658, 1202.6027843048182, 1224.0609738197886, 1229.9500978242859, 1512.925028246722, 1326.7365849088428, 2038.9799045875648, 2005.6826815787294, 1987.3527311124922, 1418.71155910366, 1778.355891189863, 1338.9374229709342, 1937.5929998118522, 1212.9274619393223, 1499.4881048371226, 2006.7448907885587, 1383.8830232507707, 1048.0530952324639, 1824.9894609228136, 1440.5329736149633, 1967.9442414071605, 1978.4790766809733, 1272.7799012270466, 2093.437275657073, 1393.1433983857123, 1763.7220604704967, 1468.8155301695128, 1490.0019497421645, 1620.5445450121324};