name="DEsPA CEC15";
dim=10;
bound=0;
testID=8;
(*--------*)
min=15.916075368479824;
max=162.7032363199894;
median=68.56984157929526;
mean=69.47746474676921;
std=32.86513374445441;
(*--------*)
data={80.70429816907256, 70.95984175880017, 39.90681385469077, 60.00693978756317, 58.330354895666005, 68.56984157929526, 77.94847563149608, 108.91688225937742, 65.68728734713056, 41.74589360314724, 48.658198017341306, 35.15753782439788, 96.93020442390662, 76.69117764803377, 39.34757204361415, 95.53118211403921, 104.31020351793927, 89.49472222312272, 74.12250475258816, 55.407021058865325, 49.43333152999287, 125.27489212115108, 162.7032363199894, 99.96843876593596, 31.69033769178668, 91.25027723713481, 44.173816631222735, 44.998607905677204, 15.916075368479824, 54.137657776841934, 51.94950254302444, 37.797223978363036, 41.16200309761814, 97.06942682448937, 146.328639007191, 25.88424763031537, 59.168919819567236, 77.23695958623182, 68.62193092603877, 77.22763818497106, 26.0074142161576, 104.59809844567917, 20.29642571009458, 95.1358181398607, 77.38488567551815, 71.08614707777042, 99.79391544929683, 45.14525052763304, 54.55735585778257, 24.44892645793982, 134.4763490713865};