name="AGSK CEC20";
dim=5;
bound=2;
testID=3;
(*--------*)
min=0.004396952272145427;
max=6.033686851701077;
median=5.150711103049559;
mean=3.6398675404809677;
std=2.098987682484107;
(*--------*)
data={5.416513024686651, 5.153194240037806, 4.2478342362604735, 5.356604932084565, 0.6130271864105907, 6.033686851701077, 1.423196442275298, 3.159360676959409, 1.0072939589524594, 0.7309007585423615, 5.148227966061313, 5.433449628417975, 5.414649934087038, 5.4146499236039745, 5.178696494493465, 5.405824467675984, 1.9958945133965926, 5.399169061020302, 5.419773038726589, 5.443628564129426, 5.308887312940669, 3.393248620257168, 0.6130271864105907, 1.3726354891721257, 0.004396952272145427, 0.6130271866226167, 5.3942985207994525, 5.308887312940328, 0.7550358933544885, 3.0370058401360893};