name="AGSK CEC20";
dim=5;
bound=1;
testID=10;
(*--------*)
min=0.;
max=347.36691593518754;
median=300.;
mean=252.4556926332944;
std=115.16431507060659;
(*--------*)
data={100.00004893202367, 347.36691593518754, 300., 300., 300., 100.00008697757494, 100.00065997727279, 300., 347.36691593518754, 300., 347.36691593518754, 347.36691593518754, 347.36691593518754, 300., 100.00007408835108, 200., 347.36691593518754, 0., 300., 100.0006083247099, 0., 300., 300., 100.00014134702496, 347.36691593518754, 347.36691593518754, 347.36691593518754, 300., 347.36691593518754, 300.};