name="AGSK CEC20";
dim=5;
bound=3;
testID=4;
(*--------*)
min=0.0010324035986286617;
max=0.19371695858512794;
median=0.12483046150850896;
mean=0.11204067354772936;
std=0.055049333325788305;
(*--------*)
data={0.1565386108347866, 0.1566320131894372, 0.12283077126221542, 0.19371695858512794, 0.041539947885894435, 0.11770160486889836, 0.13325948077749672, 0.16752335278511055, 0.12492736417289052, 0.18477094369404767, 0.11667585340524056, 0.1247335588441274, 0.14292292716504562, 0.03595863660689247, 0.005369116301153554, 0.1721871386419025, 0.004167552526268992, 0.1407308333155015, 0.10489722651050215, 0.17338507618410404, 0.09050178715142465, 0.13117691396632836, 0.14112009155951455, 0.072095754553402, 0.12946355741109983, 0.08469979058781973, 0.02749120650992154, 0.11767598385745259, 0.0010324035986286617, 0.14549374967964468};