name="AGSK CEC20";
dim=5;
bound=4;
testID=4;
(*--------*)
min=0.02037737527371064;
max=0.20687555435233662;
median=0.13445573353590135;
mean=0.12741808380170216;
std=0.04977122855882155;
(*--------*)
data={0.14166426219230743, 0.02384004919849758, 0.0647963051762872, 0.18314336401181208, 0.20231684490931912, 0.08809761386305581, 0.2028987142691676, 0.15765326791756706, 0.13764155876538098, 0.10480842685774405, 0.04482183821005492, 0.11282013252434808, 0.20687555435233662, 0.1312699083064217, 0.14104172395536807, 0.10844663025773116, 0.06323929852896981, 0.107543392801972, 0.02037737527371064, 0.10770477631285758, 0.15637131003427385, 0.12689538058680228, 0.15194712732409243, 0.11989226493096794, 0.1538852524813592, 0.1672096894378683, 0.1548510926591007, 0.19054465026397338, 0.10630145836398697, 0.1436432502837306};