name="AGSK CEC20";
dim=5;
bound=2;
testID=2;
(*--------*)
min=0.24979796946718125;
max=129.83184597568925;
median=9.278896394986532;
mean=14.692681957472436;
std=23.606399244387955;
(*--------*)
data={0.3118190592344945, 4.424079337558851, 15.205459104666716, 1.178426370644047, 0.9041286790570666, 129.83184597568925, 5.862356530072702, 14.885755587369204, 0.24979796946718125, 8.317629952412062, 1.8540326240308787, 6.829380707026303, 11.302705163542214, 17.508997144549994, 14.362867004525924, 18.233087535084906, 34.48516758560163, 33.13544684343333, 3.9139025802087417, 15.766851596380093, 7.544468315694303, 14.546667918700678, 10.406167087570793, 5.133241440704296, 15.488286082493687, 7.137531835766822, 28.707975699492636, 10.240162837561002, 2.0015700006374573, 1.0106501549958011};