name="AGSK CEC20";
dim=5;
bound=1;
testID=5;
(*--------*)
min=0.;
max=0.6240993205096856;
median=0.;
mean=0.04160662136731238;
std=0.15833907260328864;
(*--------*)
data={0., 0., 0., 0., 0., 0., 0., 0., 0., 0., 0., 0., 0., 0., 0., 0., 0., 0., 0.6240993205096856, 0., 0., 0., 0., 0., 0.6240993205096856, 0., 0., 0., 0., 0.};