name="AGSK CEC20";
dim=5;
bound=5;
testID=9;
(*--------*)
min=0.;
max=100.;
median=0.;
mean=33.333333333333336;
std=47.94633014853841;
(*--------*)
data={100., 0., 0., 100., 0., 0., 0., 0., 0., 0., 100., 100., 0., 0., 0., 100., 100., 100., 100., 0., 100., 0., 0., 0., 0., 100., 0., 0., 0., 0.};