name="AGSK CEC20";
dim=5;
bound=2;
testID=4;
(*--------*)
min=0.026973832144221888;
max=0.2802702831845636;
median=0.12692458636649917;
mean=0.12542763739730464;
std=0.05850267901900618;
(*--------*)
data={0.11983972865868964, 0.16988845795594898, 0.1747654859125305, 0.14239853396907165, 0.12846895467464492, 0.10677489048771349, 0.1474543045817427, 0.13448132119583533, 0.12538021805835342, 0.08235148634344114, 0.09387490191193137, 0.20896445612493153, 0.04405860180327181, 0.1444078674978755, 0.12297370567148391, 0.06709839304517118, 0.041782776758282125, 0.08964044225626822, 0.05861822642009429, 0.16431526006545027, 0.17469121146700672, 0.2802702831845636, 0.1436926486203447, 0.06576136624971696, 0.20386235200953706, 0.19145392506698045, 0.15885549483891737, 0.04025419721142498, 0.026973832144221888, 0.10947579773369398};