name="AGSK CEC20";
dim=5;
bound=4;
testID=10;
(*--------*)
min=0.;
max=347.36691593518754;
median=300.;
mean=246.31559675671434;
std=120.70396227662044;
(*--------*)
data={200., 300., 347.36691593518754, 300., 300., 300., 300., 0., 300., 300., 0., 347.36691593518754, 300., 300., 300., 0., 0., 347.36691593518754, 300., 100.00023896067978, 300., 300., 300., 0., 347.36691593518754, 300., 300., 300., 300., 300.};