name="AGSK CEC20";
dim=5;
bound=0;
testID=2;
(*--------*)
min=1.4133627788969534;
max=69.54964446801887;
median=13.442532477773057;
mean=17.296688330261727;
std=16.013331877376913;
(*--------*)
data={14.899076780504402, 7.2858826239471455, 28.10962141900427, 6.053829077527098, 10.038842457692681, 1.4133627788969534, 10.928827286169508, 31.94682533701689, 19.410818629833557, 19.252430099310914, 3.8973455486138846, 13.814975783294813, 3.138363467259751, 8.196171775829043, 1.6719116533276974, 13.0700891722513, 42.00374776465105, 33.53924250070577, 14.690390566191581, 21.83472579203044, 6.509796875164739, 11.079293223398508, 21.4311513504058, 3.846754752461493, 4.0683616917617655, 56.87450633536537, 14.656401695769091, 10.760257384148645, 69.54964446801887, 14.928001617298833};