name="AGSK CEC20";
dim=5;
bound=3;
testID=2;
(*--------*)
min=0.2919969130125537;
max=124.52182325335798;
median=9.123210602761446;
mean=20.811480940634677;
std=31.019886782272145;
(*--------*)
data={119.54765533941895, 7.109523002483911, 0.9190511275087374, 5.11967040296804, 5.98477137777445, 28.97155492934462, 7.284744478481571, 15.56093571976453, 9.270691044313025, 0.2919969130125537, 5.237673595403066, 23.016504686316694, 26.444342821997907, 6.497611137494459, 3.3655552807313143, 30.252198814875555, 9.509906090318964, 11.89446362048784, 0.7826325117257511, 20.596051762130628, 4.075098954048826, 2.307143008143157, 6.943345169290751, 1.118112920376916, 124.52182325335798, 10.764780870793857, 67.11563235312019, 8.975730161209867, 19.022763776417833, 41.84246309572836};