name="AGSK CEC20";
dim=5;
bound=0;
testID=3;
(*--------*)
min=0.;
max=5.7859481225451646;
median=2.489424100582312;
mean=2.7175192190413138;
std=2.051696673667922;
(*--------*)
data={2.6040164957843217, 3.384007464486558, 5.7859481225451646, 2.6098964183066755, 1.0334376612164533, 5.657269582748995, 0.03217454070943404, 5.148227966061313, 5.629638888308364, 1.3799342264659344, 2.055413526749703, 0.9949590575671436, 5.643316954318266, 2.374831705380302, 0.15006630045695601, 1.1946538424728033, 0.03971930265061019, 0.8495502934285923, 1.7399569665791432, 1.2965026026621445, 0., 5.438133145387042, 2.7746547252255596, 5.540413602360331, 5.1487945324510065, 3.0590305351805682, 0.054371250970120855, 5.148229931629771, 2.9614702919029696, 1.7969566372331656};