name="AGSK CEC20";
dim=5;
bound=1;
testID=4;
(*--------*)
min=0.002287408644633615;
max=0.20547960905719265;
median=0.10890389556755053;
mean=0.11300325786886181;
std=0.052687962794568284;
(*--------*)
data={0.20521341925427805, 0.13680395933056388, 0.15185299359177407, 0.12567458405396792, 0.06859733922510713, 0.07126405571693795, 0.15200836848271138, 0.017683663582147346, 0.002287408644633615, 0.08262735386256281, 0.0830125396312269, 0.0890109773979475, 0.08634742008302965, 0.20547960905719265, 0.08695712411963541, 0.06949229142219338, 0.13640212387758766, 0.11199252572782825, 0.15962593056792684, 0.13420208174215986, 0.15412774129504214, 0.19831669058248735, 0.10061361158295767, 0.05699788159813579, 0.06316509664634395, 0.19709220703634855, 0.0642400999788606, 0.12200887794074333, 0.10581526540727282, 0.15118449462624994};