name="AGSK CEC20";
dim=5;
bound=4;
testID=2;
(*--------*)
min=0.2538163767262631;
max=122.84940873950859;
median=9.03648840349183;
mean=14.859785776065829;
std=22.825234441365538;
(*--------*)
data={9.305371943910359, 8.1576265972094, 8.535451553063922, 38.87912204805343, 15.02072153249037, 2.565798498349068, 24.952433540301627, 2.650892161126194, 17.68985757736982, 1.2728211244298109, 8.45609436349605, 8.909774690758695, 3.7934938202206467, 10.528269009391352, 9.163202116224966, 0.2538163767262631, 1.482271114935429, 11.108867449567697, 1.5308363594695038, 7.628980595424764, 0.6277059430240115, 2.9546438137840596, 0.995991628192769, 30.306939972839245, 16.934036491586085, 17.80915970706019, 122.84940873950859, 36.42922486671932, 14.588409113748185, 10.41235053299306};