name="AGSK CEC20";
dim=5;
bound=0;
testID=4;
(*--------*)
min=0.032791787954693064;
max=0.22903713313826302;
median=0.12384789828695375;
mean=0.12190852451528068;
std=0.04742322556523395;
(*--------*)
data={0.10678394787669276, 0.0652211659742079, 0.18548457332144608, 0.17525117851960204, 0.1371682011822486, 0.051079164197972204, 0.11061354477692475, 0.130275929286654, 0.11457408947671865, 0.1468969410423142, 0.22903713313826302, 0.1817592215179502, 0.032791787954693064, 0.07706251861623059, 0.08995679803115308, 0.10850048520273958, 0.09482544144611893, 0.16041580418823287, 0.08117444857407463, 0.1465139245035516, 0.0867697057112764, 0.14380457615970954, 0.1411972074595269, 0.058337481196304, 0.04653393353237334, 0.14869063215746792, 0.17604582177114025, 0.11741986728725351, 0.1664469571335303, 0.14662325422204958};