name="AGSK CEC20";
dim=5;
bound=2;
testID=9;
(*--------*)
min=0.;
max=100.00000000000045;
median=0.;
mean=20.000000000000014;
std=40.68381021724864;
(*--------*)
data={0., 0., 0., 100., 0., 0., 0., 0., 0., 0., 100.00000000000045, 0., 0., 100., 0., 100., 0., 0., 0., 0., 0., 100., 0., 0., 0., 0., 0., 0., 100., 0.};