name="AGSK CEC20";
dim=5;
bound=3;
testID=10;
(*--------*)
min=0.;
max=347.36691593518754;
median=300.;
mean=260.9746526619278;
std=108.2814388249719;
(*--------*)
data={300., 347.36691593518754, 0., 0., 0., 300., 300., 300., 100.00057343740173, 347.36691593518754, 300., 300., 300., 200., 100.000020129939, 300., 300., 297.67057474418107, 300., 347.36691593518754, 300., 347.36691593518754, 300., 300., 300., 347.36691593518754, 200., 300., 347.36691593518754, 347.36691593518754};