name="AGSK CEC20";
dim=5;
bound=2;
testID=10;
(*--------*)
min=0.;
max=347.36691593518754;
median=300.;
mean=282.4951207681803;
std=100.28383511479035;
(*--------*)
data={259.08352777587334, 0., 300., 300., 347.36691593518754, 347.36691593518754, 347.36691593518754, 347.36691593518754, 300., 300., 100.00002475342717, 300., 300., 200., 100.00016335866894, 300., 347.36691593518754, 347.36691593518754, 0., 347.36691593518754, 347.36691593518754, 347.36691593518754, 347.36691593518754, 300., 300., 300., 347.36691593518754, 300., 347.36691593518754, 347.36691593518754};