name="AGSK CEC20";
dim=5;
bound=5;
testID=3;
(*--------*)
min=0.015316230780513251;
max=5.633762779567974;
median=2.2526770832021725;
mean=2.762042545089984;
std=2.0942100127970105;
(*--------*)
data={1.4126932222662845, 2.1197240796585675, 5.633762779567974, 5.308887312941351, 0.28557425046267326, 0.14087560248094633, 4.119648976827648, 0.10818445414406597, 5.498404390801966, 2.9485832590256678, 1.3744690722502355, 1.5038130200325668, 1.5924236159398788, 2.6592857208867144, 1.0427544709081076, 1.0428698630116742, 0.266492715572781, 0.7354965327136824, 0.015316230780513251, 0.11258997633024137, 4.054792354231495, 2.3856300867457776, 5.150010446557985, 5.054684658845645, 5.383116480545482, 5.148227966061313, 5.287199724127959, 5.406752857503989, 5.148546349023263, 1.9204658824530725};