name="AGSK CEC20";
dim=5;
bound=1;
testID=3;
(*--------*)
min=0.;
max=5.728191357111541;
median=2.641867361080699;
mean=2.97085144917847;
std=2.1263390161262326;
(*--------*)
data={5.148227966061313, 1.4107007593664775, 2.1355026870313623, 0.4339391313002352, 0.05520582470705904, 5.148228163136537, 1.7828639887433155, 1.6220943451561425, 5.148227966061427, 0.2508117829266894, 2.9305725631528503, 4.05425538290649, 5.148227966061313, 5.728191357111541, 2.747816671885971, 5.1482279660640415, 0.007171486453898979, 5.383116480545482, 0.9949590570932969, 2.1269558185181268, 5.19011218985986, 5.392682178544192, 1.1845535786882238, 0., 1.4623322996502566, 5.4044735837202325, 5.154177953850763, 2.535918050275427, 5.395996192241114, 8.42404688228271*^-8};