name="AGSK CEC20";
dim=5;
bound=3;
testID=5;
(*--------*)
min=0.;
max=0.6240993205096856;
median=0.;
mean=0.02080331068365619;
std=0.11394442532226719;
(*--------*)
data={0., 0., 0., 0., 0., 0., 0., 0., 0., 0., 0., 0., 0., 0.6240993205096856, 0., 0., 0., 0., 0., 0., 0., 0., 0., 0., 0., 0., 0., 0., 0., 0.};