name="AGSK CEC20";
dim=5;
bound=1;
testID=9;
(*--------*)
min=0.;
max=100.00000000000045;
median=0.;
mean=43.33333333333335;
std=50.40069329937312;
(*--------*)
data={100., 0., 0., 100., 0., 0., 100., 0., 100., 100., 100., 100.00000000000045, 0., 0., 100., 100., 100., 0., 0., 0., 0., 0., 100., 100., 100., 0., 0., 0., 0., 0.};