name="AGSK CEC20";
dim=5;
bound=5;
testID=10;
(*--------*)
min=0.;
max=347.36691593518754;
median=300.;
mean=237.8945107747938;
std=126.69608932294474;
(*--------*)
data={300., 0., 100.0002576744655, 300., 347.36691593518754, 347.36691593518754, 300., 0., 100.0004392162914, 347.36691593518754, 347.36691593518754, 300., 300., 300., 300., 300., 300., 300., 300., 100.00004667711983, 300., 300., 347.36691593518754, 0., 300., 300., 300., 0., 0., 300.};