name="AGSK CEC20";
dim=5;
bound=5;
testID=2;
(*--------*)
min=0.7127536088473789;
max=40.28021875334207;
median=10.644916384798535;
mean=14.456632328375372;
std=11.718496565621003;
(*--------*)
data={8.611162199331375, 2.718776702766263, 9.929237025270595, 18.48802234732557, 1.93619065439907, 14.595972673892902, 9.604170941923712, 40.28021875334207, 4.510591292220397, 40.14736156708432, 2.431689479691613, 0.7127536088473789, 22.74092207517333, 24.628233039002225, 17.59267603191074, 11.226743525670827, 21.55271079763861, 1.1351484292904388, 36.132244655396335, 5.002253992975966, 10.063089243926242, 2.8822043962982207, 8.762383998987389, 4.479212023787568, 19.53439955524891, 16.700005764557773, 17.767792759489566, 36.45449586562199, 15.193925701558783, 7.884380748630974};