name="AGSK CEC20";
dim=5;
bound=4;
testID=3;
(*--------*)
min=0.12153776390175608;
max=5.541265052537028;
median=4.361676952200867;
mean=3.5604184657903337;
std=1.8776377692724504;
(*--------*)
data={5.16683366807672, 5.1555469936365625, 5.400688781355257, 3.5751259383404204, 5.541265052537028, 1.0846930913851338, 2.1153047197028627, 2.397676262085156, 5.14822805200788, 1.343450134108025, 0.7081266291514794, 5.148227966061313, 1.4403686317137954, 5.2347610411377445, 5.305915093671047, 5.148227966061313, 2.8032998567954337, 5.208956012230374, 1.020769886082121, 5.516780508952479, 5.4687044035047165, 5.148227966061313, 5.452858324352519, 5.306302849877966, 1.860967675014649, 1.4118792432473128, 0.12153776390175608, 2.8623901847649904, 2.678402101018605, 2.037037176874037};