name="AGSK CEC20";
dim=5;
bound=5;
testID=4;
(*--------*)
min=0.003844930518880574;
max=0.227872883280952;
median=0.11037703008184963;
mean=0.10813593998714169;
std=0.05490725706398763;
(*--------*)
data={0.17044774385522032, 0.07615475050192799, 0.003844930518880574, 0.11372390212295613, 0.1512832534183417, 0.11664219206477355, 0.08182614537258814, 0.15777970367457783, 0.032780053697706535, 0.15322888336845608, 0.12248811300992202, 0.09570072996257295, 0.03208296030788915, 0.03187541946999772, 0.18377240864765554, 0.13827023421345075, 0.05528959314096937, 0.07744195883492466, 0.028671562803765482, 0.13484795499130087, 0.17335332347238364, 0.042955871547519564, 0.227872883280952, 0.09172990850038332, 0.16317452635166774, 0.12718976624910283, 0.09262791086416655, 0.10703015804074312, 0.15969029292750747, 0.10030106440194686};