name="AGSK CEC20";
dim=5;
bound=0;
testID=10;
(*--------*)
min=0.;
max=347.36691593518754;
median=300.;
mean=277.5434540958174;
std=93.78316463985654;
(*--------*)
data={347.36691593518754, 300., 347.36691593518754, 100.00025573577614, 347.36691593518754, 300., 300., 0., 300., 300., 300., 300., 300., 100.00004613634837, 300., 347.36691593518754, 347.36691593518754, 347.36691593518754, 347.36691593518754, 300., 300., 100.00077584744986, 300., 300., 300., 100.00030173826099, 300., 347.36691593518754, 300., 347.36691593518754};