name="AGSK CEC20";
dim=5;
bound=1;
testID=2;
(*--------*)
min=0.00023194289542516344;
max=101.86796428745606;
median=14.008138126691165;
mean=20.87967456600799;
std=24.256013590621084;
(*--------*)
data={31.181814604552983, 25.802898753519912, 61.92005048173564, 14.23261682839211, 15.88240271658924, 13.78365942499022, 6.829380220128769, 17.949393189683178, 6.491692485491967, 31.245455135018346, 11.603709262768916, 6.954279204861905, 0.00023194289542516344, 0.3973584646546442, 4.382730339251793, 19.81809618761872, 26.7070864238558, 33.904570407471056, 19.97918416393668, 7.0791782102855905, 1.6468687894102914, 14.762785242721293, 1.439468855645373, 2.3565444561531876, 85.07763040463101, 101.86796428745606, 41.62149210084408, 7.313338016485432, 6.954279204861905, 7.204077174328177};