name="AGSK CEC20";
dim=5;
bound=3;
testID=3;
(*--------*)
min=0.;
max=5.416164247108327;
median=2.041653323302171;
mean=2.7796523207826263;
std=2.2769373361065846;
(*--------*)
data={1.3863961026863763, 5.351578404253132, 5.277952758438914, 0.001999106180619492, 2.08088170189842, 1.6614214952370503, 0.41547762886204964, 0.3827225968275343, 0.006130710354796065, 0.2619883541369745, 5.326656410234023, 3.8454464366767525, 5.416164247108327, 5.360419119367862, 5.3158190521021425, 0., 5.351788860463671, 5.394694499437833, 5.365138050237533, 2.002424944705922, 0.08514600461933242, 1.9619659381967267, 2.8937121725859924, 5.1482539214312055, 5.148227966061313, 0.9949590570932969, 0.7728328036421317, 0.7403114783738829, 0.06866168972453579, 5.3703981125404425};