name="jSO CEC17";
dim=100;
bound=1;
testID=18;
(*--------*)
min=90.5466;
max=296.443;
median=183.991;
mean=187.14856078431373;
std=43.99011348471872;
(*--------*)
data={160.806, 226.869, 151.668, 190.713, 145.717, 231.328, 183.991, 159.416, 156.52, 189.88, 121.415, 148.974, 146.012, 196.253, 192.888, 165.268, 214.229, 147.113, 236.115, 184.785, 143.826, 218.036, 196.56, 243.438, 155.355, 191.837, 138.816, 222.99, 90.5466, 217.528, 259.309, 166.247, 208.728, 124.975, 183.497, 153.251, 139.14, 217.312, 236.053, 240.31, 110.619, 253.037, 158.987, 265.377, 183.728, 231.239, 235.447, 296.443, 157.678, 181.433, 172.874};