name="jSO CEC17";
dim=100;
bound=4;
testID=17;
(*--------*)
min=755.473;
max=1686.95;
median=1275.19;
mean=1288.9683333333335;
std=238.0995216545104;
(*--------*)
data={1530.42, 1113.45, 1138.98, 1260.39, 1684.59, 1404.5, 1623.34, 1445.06, 1239.58, 882.132, 925.127, 791.322, 1006.29, 1334.2, 1600.52, 915.64, 1275.19, 1033.98, 1479.47, 1319.48, 1347.95, 1456.07, 1506.93, 1019.33, 1448.04, 1207.04, 882.941, 1086.64, 755.473, 1362.59, 1144.96, 1259.77, 1175.18, 1178.23, 1195.65, 1218.5, 1414.68, 1620, 1314.64, 1668.74, 1686.95, 1427.39, 1239.65, 1549.81, 1553.46, 1532.08, 1277.04, 1264.05, 1501.26, 1266.73, 1171.95};