name="jSO CEC17";
dim=100;
bound=1;
testID=12;
(*--------*)
min=5399.45;
max=46108.1;
median=13863.9;
mean=16259.262352941176;
std=7724.893185291972;
(*--------*)
data={22122.9, 19332.7, 23804.4, 13357.1, 13863.9, 9255.96, 10169.2, 23259.9, 11045.1, 17403.8, 13570.9, 10189.4, 13699.6, 11249.4, 17219.3, 8025.22, 11561.5, 12552.4, 23848.4, 15282.6, 11033.7, 30430, 19317.7, 31324.9, 24241.1, 9817.44, 19180.6, 10247, 12166.7, 9486.09, 16643.7, 9763.49, 16614.1, 19374.8, 32428.9, 9768.12, 16035.7, 12483.5, 13901.6, 13838, 10718.8, 16345.8, 19357.7, 5399.45, 20798.1, 7281.15, 46108.1, 10927.6, 29562.4, 14569.7, 9242.76};