name="jSO CEC17";
dim=100;
bound=3;
testID=10;
(*--------*)
min=8441.17;
max=11294.3;
median=10426.8;
mean=10276.303529411764;
std=649.8977094738018;
(*--------*)
data={9555.52, 8889.31, 11294.3, 10935.2, 10441.8, 9955.28, 9975.91, 10717.5, 10077.4, 10582.9, 8441.17, 9197.72, 9901.71, 9606.59, 10842.6, 10779.9, 10856.4, 10772.6, 10053, 10744, 10904, 10164.6, 10917.5, 10345.6, 10837.3, 9100.65, 11050.9, 10191, 10895.9, 10003.6, 10554.6, 11108.3, 11221.6, 10193.8, 9825.59, 10146, 9661.87, 10469.1, 10426.8, 9759.4, 9286.5, 10746.2, 8999.26, 10108.2, 10120.2, 10023.1, 10704.5, 10662.5, 10486, 11004.4, 10551.7};