name="jSO CEC17";
dim=100;
bound=2;
testID=13;
(*--------*)
min=75.1367;
max=286.147;
median=154.966;
mean=155.35404509803922;
std=40.661790780339786;
(*--------*)
data={98.5648, 204.646, 178.168, 125.879, 175.668, 118.252, 201.597, 146.791, 137.647, 95.4059, 142.041, 179.889, 94.0708, 150.446, 169.802, 183.189, 206.34, 154.32, 153.552, 189.236, 142.871, 95.2749, 165.968, 225.938, 286.147, 162.36, 189.817, 179.386, 143.67, 191.674, 154.966, 154.639, 178.826, 229.119, 151.522, 137.124, 92.4496, 90.0846, 162.4, 161.469, 130.389, 104.981, 124.878, 133.979, 109.136, 183.064, 179.068, 75.1367, 161.446, 157.057, 162.712};