name="jSO CEC17";
dim=100;
bound=1;
testID=13;
(*--------*)
min=66.9453;
max=249.553;
median=141.913;
mean=147.21120196078428;
std=41.473074710595014;
(*--------*)
data={152.045, 204.431, 66.9453, 135.673, 148.811, 202.877, 168.652, 103.537, 191.982, 154.991, 135.214, 214.573, 115.019, 141.913, 136.972, 240.415, 131.545, 82.9634, 172.414, 141.91, 154.366, 109.922, 110.218, 126.87, 243.564, 96.4116, 114.087, 211.677, 130.31, 96.825, 160.864, 86.379, 123.802, 115.006, 166.398, 97.678, 135.763, 126.8, 112.232, 173.921, 249.553, 166.839, 142.089, 141.961, 114.62, 124.995, 166.645, 176.26, 167.239, 178.337, 143.257};