name="jSO CEC17";
dim=100;
bound=5;
testID=29;
(*--------*)
min=845.3;
max=1844.97;
median=1379.53;
mean=1341.6047450980393;
std=192.5098673718148;
(*--------*)
data={1302.94, 1379.53, 1399.63, 1496.61, 1563.43, 1617.52, 1272.95, 1344.46, 1474.75, 1119.04, 1049.77, 1238.04, 975.382, 1331.08, 1453.58, 1264.34, 1245.33, 1313.48, 1153.24, 1360.24, 1379.93, 1382.61, 1388.07, 1139.11, 1432.73, 845.3, 1036.24, 1579.18, 1488.23, 1182.18, 1430.22, 1395.8, 1407.96, 1497.31, 1364.59, 1419.39, 1442.81, 1450.26, 1081.62, 1291.09, 1844.97, 1073.65, 1577.85, 1561.13, 1371.07, 1437.32, 1261.58, 1096.5, 1082.07, 1453.03, 1672.7};