name="jSO CEC17";
dim=100;
bound=0;
testID=15;
(*--------*)
min=90.9647;
max=230.506;
median=159.609;
mean=162.24580392156867;
std=36.762459495180465;
(*--------*)
data={127.222, 159.561, 124.844, 176.165, 99.6736, 205.274, 192.754, 148.46, 181.438, 176.202, 107.35, 188.222, 160.751, 127.161, 186.841, 141.552, 95.0783, 99.9574, 159.609, 187.876, 151.219, 166.782, 216.242, 152.004, 168.962, 177.131, 228.961, 176.336, 204.765, 138.812, 147.617, 170.706, 125.619, 146.594, 208.763, 142.188, 220.545, 127.395, 179.156, 110.692, 174.429, 220.412, 132.856, 151.361, 90.9647, 230.506, 187.032, 158.69, 228.877, 150.737, 142.191};