name="jSO CEC17";
dim=100;
bound=4;
testID=10;
(*--------*)
min=7840.68;
max=10817.1;
median=9875.4;
mean=9774.569411764707;
std=631.8152405645554;
(*--------*)
data={8949.67, 9967.01, 9767.33, 9289.07, 9847.25, 9370.82, 10053.8, 9875.4, 10118.9, 9793.95, 9721.58, 9921.06, 9881.49, 7984.29, 10283.5, 9706.71, 9335.34, 10256.9, 8980.13, 10219.6, 9863.46, 9611, 10135.1, 9676.45, 10052.9, 9820.1, 8790.94, 9808.74, 8666.56, 10459, 9936.3, 10275.2, 10130.6, 10518.8, 9952.41, 10630.9, 10479.6, 10817.1, 9431.6, 8603.76, 9918.28, 7840.68, 10285.2, 9914.34, 10707.2, 9691.86, 9104.61, 10234.8, 10516, 9673.95, 9631.8};