name="jSO CEC17";
dim=100;
bound=0;
testID=14;
(*--------*)
min=41.9231;
max=101.706;
median=62.285;
mean=63.979488235294106;
std=12.446409611798048;
(*--------*)
data={61.9815, 56.9526, 64.868, 65.7827, 52.1741, 61.1719, 62.285, 56.9458, 41.9231, 69.873, 58.8318, 58.0579, 73.8727, 54.0943, 56.8744, 101.706, 77.815, 68.8143, 56.1116, 76.8383, 52.9059, 47.0028, 91.7267, 74.9116, 52.0435, 95.6469, 76.8591, 41.9331, 70.8535, 64.8926, 57.876, 66.0371, 52.0894, 52.034, 58.1239, 60.0055, 50.0333, 50.1775, 76.0384, 51.9446, 64.8413, 68.8026, 63.2475, 65.8036, 59.8543, 80.9826, 75.7657, 67.246, 56.9724, 70.259, 69.0695};