name="jSO CEC17";
dim=100;
bound=1;
testID=19;
(*--------*)
min=59.2182;
max=160.539;
median=92.6075;
mean=93.5180862745098;
std=18.531388589450277;
(*--------*)
data={94.5775, 108.696, 89.5237, 74.3515, 101.546, 111.82, 103.983, 91.0187, 84.7699, 104.104, 99.1196, 83.8172, 81.4068, 75.8638, 83.2349, 98.4093, 98.6103, 85.993, 92.874, 82.4857, 101.397, 113.626, 90.8595, 94.8459, 87.7438, 132.675, 130.67, 59.2182, 109.259, 62.5027, 74.7965, 66.9416, 110.812, 98.6655, 92.2134, 95.1804, 100.914, 85.5345, 114.602, 96.543, 63.7941, 71.8768, 72.4289, 75.2414, 78.4931, 99.6644, 92.6075, 109.473, 90.8045, 89.2948, 160.539};