name="jSO CEC17";
dim=100;
bound=5;
testID=16;
(*--------*)
min=1283.21;
max=2523.33;
median=1830;
mean=1806.6135294117648;
std=277.38073353298006;
(*--------*)
data={1562.68, 1410.27, 1691.23, 1730.32, 2158.93, 2050.72, 2241.93, 1601.61, 1726.7, 2523.33, 1855.98, 1886.35, 1667.24, 1577.6, 1342.42, 2039.04, 2092.12, 1830, 1831.36, 1867.46, 1955.76, 1472.47, 1459, 1851.74, 1726.13, 1338.82, 1902.09, 1866.32, 1429.68, 1541.37, 1535.46, 1778.45, 1513.11, 1876.66, 2061.61, 1757.72, 2122.74, 1900.35, 1821.9, 2075.55, 1465.82, 2239.66, 1283.21, 1919.8, 2018.68, 2010.02, 1524.91, 1734.08, 2234.73, 1809.03, 2223.13};