name="jSO CEC17";
dim=100;
bound=4;
testID=6;
(*--------*)
min=9.63962*^-6;
max=0.00155376;
median=0.0000375874;
mean=0.0001404568376470588;
std=0.00029956673192732764;
(*--------*)
data={0.000282401, 0.00155376, 0.000021274, 0.0000309535, 0.0000367991, 0.0000205155, 0.0000332637, 0.0000673605, 0.0000660013, 0.0000323688, 0.0000419746, 0.0000278758, 0.0000181308, 0.0000460919, 0.0000361886, 0.0000183859, 0.00124929, 0.0000352612, 0.0000168743, 0.0000941025, 0.0000554973, 0.0000316772, 0.0000780583, 0.0000670172, 0.000046503, 0.0000618307, 0.000143094, 0.0000565805, 0.0000212465, 0.0000712222, 0.0000303288, 0.0000172866, 0.0000111971, 0.00051272, 0.0000254051, 9.63962*^-6, 0.0000227925, 0.00083099, 0.000502623, 0.0000514349, 0.0000210875, 0.0000391752, 0.0000320241, 0.0000735469, 0.0000375874, 0.000346671, 0.0000265016, 0.0000904326, 0.0000797147, 0.0000234781, 0.0000170621};