name="jSO CEC17";
dim=100;
bound=3;
testID=21;
(*--------*)
min=264.373;
max=297.595;
median=280.67;
mean=280.4816470588235;
std=6.861200879798027;
(*--------*)
data={281.295, 287.734, 279.755, 283.679, 274.24, 276.397, 277.294, 280.658, 270.245, 282.743, 264.373, 283.823, 280.45, 279.255, 284.426, 283.052, 281.039, 290.158, 272.397, 271.872, 279.598, 280.051, 297.595, 272.065, 285.668, 292.16, 286.453, 275.027, 285.608, 281.57, 274.755, 280.972, 278.786, 282.647, 278.374, 295.544, 290.658, 283.225, 277.089, 284.803, 278.793, 288.672, 268.555, 264.483, 278.643, 276.804, 280.67, 281.202, 280.977, 273.516, 284.716};