name="jSO CEC17";
dim=100;
bound=3;
testID=24;
(*--------*)
min=842.522;
max=907;
median=876.314;
mean=875.8400588235294;
std=15.88876335453677;
(*--------*)
data={873.598, 871.157, 857.931, 846.394, 864.215, 874.634, 887.98, 898.758, 888.145, 884.268, 864.972, 876.314, 844.271, 900.138, 877.034, 890.096, 900.173, 869.132, 861.64, 888.466, 877.439, 864.173, 858.533, 872.726, 874.5, 885.631, 880.419, 892.095, 864.527, 857.606, 864.047, 878.995, 878.002, 892.242, 877.623, 901.181, 859.123, 873.442, 907, 877.885, 872.412, 885.37, 868.415, 863.395, 886.113, 900.134, 860.058, 900.55, 842.522, 847.692, 884.677};