name="jSO CEC17";
dim=100;
bound=4;
testID=7;
(*--------*)
min=131.297;
max=159.839;
median=145.206;
mean=145.79298039215686;
std=7.087349683739886;
(*--------*)
data={142.248, 144.321, 148.6, 145.206, 148.95, 141.556, 152.85, 158.734, 156.234, 139.15, 158.99, 134.765, 140.1, 143.55, 149.416, 144.59, 153.526, 140.231, 144.652, 139.41, 156.182, 158.123, 141.014, 151.551, 147.358, 146.439, 137.357, 139.687, 140.097, 145.599, 145.789, 140.37, 152.398, 145.635, 141.803, 134.367, 141.456, 145.277, 137.859, 151.19, 150.739, 137.261, 159.839, 131.297, 141.146, 151.61, 145.069, 135.816, 146.656, 154.629, 154.75};