name="jSO CEC17";
dim=100;
bound=5;
testID=15;
(*--------*)
min=86.1166;
max=277.703;
median=157.226;
mean=165.3229254901961;
std=42.982402487919835;
(*--------*)
data={148.483, 97.9302, 129.125, 140.585, 171.028, 145.866, 164.325, 215.997, 145.242, 140.58, 237.675, 115.397, 160.404, 150.174, 144.512, 175.467, 277.703, 128.92, 173.675, 209.494, 154.708, 99.3984, 198.411, 248.4, 153.41, 145.591, 179.302, 223.127, 196.149, 86.1166, 203.998, 116.23, 183.634, 122.27, 177.876, 113.539, 166.825, 155.969, 203.216, 164.827, 205.283, 157.226, 208.415, 136.104, 172.459, 244.258, 125.719, 140.001, 240.118, 121.568, 114.739};