name="jSO CEC17";
dim=100;
bound=1;
testID=29;
(*--------*)
min=888.496;
max=1654.37;
median=1316.32;
mean=1298.166117647059;
std=180.24647730401247;
(*--------*)
data={1278.58, 932.281, 1559.45, 1316.32, 1363.16, 1421.95, 888.496, 1490.9, 1390.48, 1269.54, 1407.14, 1052.2, 1374.78, 1287.7, 1151, 1494.41, 1432.23, 1298.63, 928.986, 1406.1, 1246.13, 1412.69, 1312.35, 1406.33, 1204.7, 989.249, 1426.8, 1280.31, 964.91, 1421.02, 1380.77, 1257.57, 1654.37, 1506.71, 1263.35, 1515.94, 1342.67, 1090.74, 1297.55, 1036.98, 1191.42, 1579.04, 1402.67, 1277.55, 1385.33, 1109.8, 1542.56, 1337.25, 1074.45, 1202.59, 1348.34};