name="jSO CEC17";
dim=100;
bound=3;
testID=19;
(*--------*)
min=59.186;
max=106.538;
median=78.2089;
mean=78.98753725490197;
std=10.576206741908196;
(*--------*)
data={68.6355, 81.5309, 94.4036, 78.9832, 71.4258, 69.3805, 72.7177, 64.5193, 80.7735, 91.2043, 81.47, 67.8662, 68.6251, 73.4376, 78.2089, 95.7381, 73.1069, 92.6912, 64.1788, 66.6633, 78.9193, 88.9083, 80.1004, 81.7851, 91.1117, 81.9648, 76.5657, 96.6189, 103.098, 69.0999, 70.6173, 85.179, 77.534, 88.7904, 82.3857, 74.511, 59.186, 86.2146, 76.0792, 106.538, 74.8475, 69.7674, 67.5816, 66.7126, 93.5515, 84.1851, 67.4544, 72.5816, 77.1722, 78.4803, 85.2625};