name="jSO CEC17";
dim=100;
bound=1;
testID=16;
(*--------*)
min=1132.88;
max=2652.19;
median=1801.33;
mean=1816.660980392157;
std=360.3597222512799;
(*--------*)
data={1817.68, 2357.22, 1854.26, 1623.45, 1568.83, 1885.65, 2480.02, 2075.85, 2586.59, 1255.76, 1668.73, 1680.69, 1572.3, 2061.62, 1492.86, 1335.39, 1132.88, 1721.95, 1745.55, 1748.08, 2300.53, 2433.47, 1820.74, 2652.19, 1601.65, 1935.06, 1994.21, 2512.56, 1977.43, 2292.18, 2083.15, 1920.29, 1557, 1803.7, 1834.04, 1771.19, 1742.87, 1720.18, 1158.26, 1501.18, 1888.63, 1964.4, 1841.39, 1407.27, 1537.76, 2005.76, 1526.31, 1801.33, 1293.27, 1391.84, 1714.51};