name="jSO CEC17";
dim=100;
bound=4;
testID=15;
(*--------*)
min=94.6141;
max=272.255;
median=155.659;
mean=159.82833529411766;
std=39.34683397999805;
(*--------*)
data={164.639, 116.917, 158.646, 206.168, 220.377, 148.403, 180.014, 112.739, 167.373, 121.551, 108.991, 178.444, 147.75, 157.047, 161.905, 198.132, 117.866, 126.837, 168.271, 154.11, 148.671, 155.659, 113.693, 239.257, 173.449, 132.998, 184.445, 185.456, 146.712, 151.436, 142.519, 204.649, 188.507, 200.23, 127.368, 185.602, 104.124, 118.183, 118.908, 109.232, 183.31, 197.524, 153.438, 272.255, 188.231, 121.126, 103.858, 151.884, 94.6141, 222.259, 215.468};