name="jSO CEC17";
dim=100;
bound=4;
testID=14;
(*--------*)
min=41.3361;
max=86.6769;
median=62.8546;
mean=62.95363921568627;
std=10.661938954919568;
(*--------*)
data={73.8139, 66.4606, 70.9547, 57.8779, 74.9375, 48.9854, 86.6769, 79.1718, 64.8152, 62.8876, 55.1027, 48.0094, 66.8163, 79.139, 60.8918, 53.8646, 58.9538, 51.9495, 62.0883, 59.864, 74.7311, 59.8343, 52.2798, 65.9615, 41.3361, 57.9145, 58.3341, 64.9516, 84.9714, 49.0279, 76.9004, 62.8923, 45.9223, 67.5232, 62.0026, 43.3599, 67.85, 55.3032, 62.8546, 67.0099, 56.9733, 62.9031, 62.9261, 55.9165, 79.7584, 59.8845, 60.9688, 47.2223, 68.7889, 69.9199, 81.1522};