name="jSO CEC17";
dim=100;
bound=1;
testID=2;
(*--------*)
min=0;
max=5.00587*^6;
median=1.04824*^-6;
mean=98344.94274074223;
std=700935.6981719706;
(*--------*)
data={34.0186, 0, 1.05533*^-6, 0.0000134122, 4.38367*^-8, 0, 99.4121, 2.9721*^-7, 2.56209*^-8, 0, 7.18932*^-7, 2.63653*^-8, 1.38451*^-7, 2.72198*^-8, 0, 3.55287*^-6, 3.96309*^-6, 6.54955*^-8, 0.0000152795, 3.88803*^-6, 807.356, 1.45908*^-7, 0.0000612475, 0, 1.04824*^-6, 0, 3.86207*^-6, 0.0000430916, 0, 1.66767*^-7, 1.65253*^-8, 69.1467, 149.355, 3.76032*^-8, 0, 2.43676*^-6, 1.19856*^-6, 0.00153464, 4.63185*^-8, 2.20441*^-7, 8096.61, 4.20985*^-6, 153.328, 139.693, 3.11665*^-7, 39.0026, 5.00587*^6, 134.156, 0.0000826533, 2.5075*^-8, 0};