name="jSO CEC17";
dim=100;
bound=2;
testID=4;
(*--------*)
min=4.00571;
max=221.986;
median=84.2094;
mean=116.90199176470587;
std=63.83799148806847;
(*--------*)
data={68.9386, 68.2237, 221.986, 79.4443, 153.7, 142.552, 134.66, 162.877, 68.951, 81.496, 149.238, 4.15439, 165.666, 181.884, 218.396, 197.357, 74.349, 183.944, 218.396, 69.8932, 78.231, 162.852, 69.0776, 82.4297, 74.0758, 70.4328, 17.6364, 74.2725, 76.331, 4.00571, 73.0328, 200.7, 76.7604, 197.357, 76.7641, 195.71, 101.964, 166.45, 151.434, 184.83, 73.0345, 83.7884, 183.945, 84.2094, 74.9779, 183.944, 197.357, 85.5783, 4.10668, 197.357, 13.2504};