name="jSO CEC17";
dim=100;
bound=4;
testID=29;
(*--------*)
min=833.162;
max=1660.04;
median=1264.91;
mean=1244.9984901960784;
std=209.97204881749116;
(*--------*)
data={1623.22, 1133.61, 1660.04, 856.731, 1375.99, 1262.21, 1434.39, 1096.45, 1548.71, 1138.57, 1061.04, 1264.91, 1277.27, 1305.42, 1564.9, 910.741, 1128.38, 1021.16, 1519.98, 1470.4, 1572.8, 1188.32, 1023.12, 833.162, 993.794, 1295.15, 1298.17, 1286.5, 1349.08, 871.475, 1276.34, 1274.95, 1347.21, 1013.89, 1313.38, 1041.64, 1166.89, 1410.96, 1005.24, 1299.51, 1260.18, 1130.14, 1220.89, 1639, 1220.49, 1064.61, 1355.92, 1506.45, 1115.01, 1387.79, 1078.74};