name="jSO CEC17";
dim=100;
bound=5;
testID=14;
(*--------*)
min=42.0079;
max=101.819;
median=61.196;
mean=62.284396078431385;
std=11.19619879169642;
(*--------*)
data={70.9088, 56.1068, 101.819, 54.9047, 52.8761, 52.8978, 83.7983, 60.8098, 68.8916, 51.8889, 55.018, 60.873, 52.8683, 68.9466, 42.0079, 45.1439, 67.8494, 65.1121, 43.7132, 67.8374, 68.7763, 60.8313, 74.9344, 64.8081, 66.8552, 64.9677, 59.9425, 66.1115, 42.0186, 53.9077, 63.012, 57.9184, 69.9325, 85.8353, 62.0056, 58.8481, 50.0763, 49.9595, 64.0386, 53.9106, 59.0555, 57.8598, 71.2696, 56.9461, 62.885, 61.196, 62.935, 57.8909, 73.8549, 80.7206, 68.929};