name="jSO CEC17";
dim=100;
bound=0;
testID=3;
(*--------*)
min=1.67929*^-7;
max=0.0000218703;
median=1.53799*^-6;
mean=2.799146784313726*^-6;
std=3.88690368078582*^-6;
(*--------*)
data={0.0000119652, 0.0000218703, 4.08189*^-6, 1.72135*^-6, 1.28024*^-6, 8.6046*^-7, 6.89424*^-6, 4.35992*^-6, 1.28471*^-6, 1.46037*^-6, 1.55363*^-6, 2.31256*^-6, 2.87673*^-6, 1.9472*^-6, 6.95192*^-7, 1.95256*^-6, 2.79684*^-7, 1.2237*^-6, 2.80224*^-6, 5.21209*^-7, 1.78527*^-7, 1.67357*^-6, 2.13405*^-6, 3.48374*^-6, 4.95698*^-7, 2.73555*^-7, 1.53799*^-6, 2.56013*^-7, 7.65276*^-7, 3.90091*^-7, 4.02365*^-7, 1.47501*^-6, 4.40011*^-6, 2.99879*^-6, 1.40599*^-6, 5.7473*^-6, 1.84589*^-7, 1.10288*^-6, 8.5534*^-6, 4.13958*^-6, 2.24259*^-6, 1.67929*^-7, 2.60791*^-6, 5.6667*^-7, 1.16118*^-6, 0.0000138614, 6.83043*^-7, 3.89297*^-6, 1.27506*^-6, 9.31105*^-7, 1.82472*^-6};