name="jSO CEC17";
dim=100;
bound=0;
testID=20;
(*--------*)
min=522.865;
max=1902.15;
median=1305.89;
mean=1284.2880588235296;
std=306.492043686319;
(*--------*)
data={1602.03, 1636.36, 1529.53, 1902.15, 1344.61, 641.689, 808.672, 1172.96, 1352.05, 1173.06, 1112.44, 1372.73, 1258.71, 1497.46, 1520.16, 1477.17, 1375.63, 776.205, 1606.72, 1594.38, 1402.15, 1203.52, 1355.38, 977.683, 1014.14, 1018.27, 1542.43, 1305.89, 522.865, 1335.37, 620.877, 1432.4, 1234.53, 1303.62, 1224.42, 949.015, 1721.56, 1150.51, 1831.56, 1564.97, 996.685, 1451.77, 1087.55, 982.58, 1541.4, 1088.37, 1237.15, 1688.37, 1276.04, 1099.65, 1583.25};