name="jSO CEC17";
dim=100;
bound=0;
testID=4;
(*--------*)
min=113.318;
max=212.277;
median=197.357;
mean=198.1533529411765;
std=16.041290209735028;
(*--------*)
data={212.277, 197.357, 192.069, 194.222, 212.277, 210.922, 212.277, 183.947, 212.277, 192.549, 212.277, 212.277, 212.277, 197.357, 192.069, 197.357, 197.357, 197.357, 113.318, 197.357, 197.357, 190.165, 192.069, 212.277, 212.277, 212.277, 190.398, 212.277, 192.07, 192.069, 212.277, 212.277, 212.277, 192.068, 197.357, 192.068, 192.068, 207.761, 207.761, 192.068, 182.904, 212.277, 197.357, 192.069, 169.196, 197.357, 212.277, 192.07, 197.357, 181.862, 200.7};