name="jSO CEC17";
dim=100;
bound=3;
testID=8;
(*--------*)
min=47.0802;
max=82.9207;
median=58.857;
mean=60.91798235294116;
std=8.0502686840802;
(*--------*)
data={66.9553, 72.8352, 50.9313, 47.0802, 58.857, 64.975, 56.3902, 71.1596, 53.0618, 73.7147, 60.474, 56.0149, 66.9719, 59.6157, 56.2527, 66.2289, 72.0096, 66.7912, 57.5609, 56.6091, 56.9561, 57.0678, 67.581, 53.3931, 62.3109, 60.8291, 67.1162, 68.6185, 51.5864, 57.6672, 54.9396, 54.7369, 53.0669, 58.8037, 70.4078, 55.2416, 49.895, 69.5941, 82.9207, 58.3559, 62.8368, 58.7172, 66.3129, 48.4731, 50.8864, 50.7723, 56.3959, 67.2406, 59.0377, 79.9028, 60.6637};