name="jSO CEC17";
dim=100;
bound=5;
testID=6;
(*--------*)
min=8.06974*^-6;
max=0.00409481;
median=0.0000382969;
mean=0.00024095098117647067;
std=0.0008218206810936723;
(*--------*)
data={0.0000492434, 0.00409481, 0.0000179408, 0.0000594167, 0.0000206124, 8.06974*^-6, 0.0000307859, 0.0000789255, 0.0000381084, 0.0000289052, 0.000045699, 0.0000428777, 0.0000340843, 0.0000111407, 0.0000432952, 0.0000983206, 0.0000320516, 0.00376471, 0.0000218797, 0.00237375, 0.0000683352, 0.00001828, 0.0000104532, 0.0000348546, 0.0000190922, 0.0000462808, 0.0000522405, 0.0000413505, 0.0000382969, 0.000039126, 0.0000784097, 0.0000409539, 0.0000332087, 0.0000293919, 0.0000229608, 0.0000553693, 0.0000161214, 0.0000202754, 0.0000320838, 0.0000271198, 0.0000609159, 0.0000401215, 0.000266284, 0.0000436724, 0.0000352732, 0.0000362606, 0.0000578682, 0.0000212955, 0.0000437781, 0.0000401979, 0.0000240013};