name="jSO CEC17";
dim=100;
bound=1;
testID=9;
(*--------*)
min=0;
max=0.454324;
median=0;
mean=0.06547603921568627;
std=0.12832866993433864;
(*--------*)
data={0, 0, 0, 0.0895283, 0.0895283, 0, 0.0895283, 0, 0, 0, 0, 0.0895283, 0, 0, 0, 0, 0, 0, 0, 0.0895283, 0, 0, 0, 0.454324, 0, 0, 0, 0.454324, 0, 0.0895283, 0.179057, 0.0895283, 0, 0.0895283, 0, 0.179057, 0.0895283, 0, 0.0895283, 0, 0.268585, 0, 0, 0, 0, 0.454324, 0, 0.454324, 0, 0, 0};