name="jSO CEC17";
dim=100;
bound=5;
testID=30;
(*--------*)
min=2093.33;
max=2960.59;
median=2301.88;
mean=2330.512156862745;
std=167.32536322164344;
(*--------*)
data={2356.21, 2403.62, 2239.91, 2367.51, 2443.67, 2252.53, 2193.2, 2375.38, 2261.86, 2311.16, 2150.15, 2388.04, 2368.39, 2280.94, 2369.52, 2215.24, 2259.51, 2367.24, 2384.99, 2100.61, 2470.77, 2139.1, 2354.87, 2921.77, 2103.99, 2432.21, 2149.12, 2181.1, 2281.86, 2093.33, 2275.38, 2324.17, 2365.75, 2236.03, 2231.47, 2377, 2299.58, 2548.22, 2381, 2153.48, 2515.65, 2239.31, 2214.39, 2265.03, 2290.92, 2301.88, 2289.15, 2960.59, 2471.99, 2339.45, 2557.88};