name="jSO CEC17";
dim=100;
bound=1;
testID=30;
(*--------*)
min=2101.24;
max=2860.63;
median=2314.75;
mean=2342.7123529411765;
std=156.6497117467917;
(*--------*)
data={2543.96, 2281.64, 2236.72, 2668.24, 2366.01, 2384.04, 2146.01, 2394.15, 2314.75, 2223.05, 2510.62, 2269.76, 2185.51, 2390.76, 2191.81, 2349.01, 2393.27, 2289.38, 2322.73, 2289.43, 2860.63, 2532.9, 2541.15, 2513.11, 2298.04, 2101.24, 2315.91, 2212.53, 2206.96, 2384.28, 2488.31, 2226.23, 2286.51, 2282.32, 2371.63, 2185.24, 2250.51, 2350.19, 2262.93, 2163.01, 2379.44, 2257.38, 2208.15, 2402.16, 2315.17, 2107.89, 2541.6, 2666.57, 2589.54, 2259.22, 2166.73};