name="jSO CEC17";
dim=100;
bound=0;
testID=19;
(*--------*)
min=59.9379;
max=150.066;
median=99.7599;
mean=99.96812156862744;
std=17.134410357060016;
(*--------*)
data={108.674, 86.6674, 150.066, 82.5177, 101.314, 128.602, 103.166, 98.9243, 103.463, 92.4579, 90.2927, 88.8915, 80.7495, 90.9332, 93.2164, 105.182, 85.042, 83.5834, 104.979, 114.013, 122.109, 99.7599, 101.566, 98.6103, 106.724, 121.239, 117.994, 105.723, 101.749, 94.9366, 90.3138, 115.779, 97.4904, 110.563, 115.341, 120.946, 127.747, 59.9379, 116.171, 96.2022, 78.6793, 110.844, 74.9327, 114.148, 95.2833, 69.9653, 110.845, 83.4115, 65.7797, 86.9536, 93.8947};