name="jSO CEC17";
dim=100;
bound=0;
testID=24;
(*--------*)
min=879.024;
max=922.058;
median=902.269;
mean=900.5266666666669;
std=10.156570759201482;
(*--------*)
data={911.404, 905.681, 910.948, 906.174, 898.094, 891.889, 902.26, 909.915, 890.349, 903.875, 898.653, 902.269, 902.967, 887.392, 910.3, 885.158, 905.855, 887.564, 892.149, 892.049, 886.699, 906.104, 900.467, 904.72, 908.057, 898.322, 904.552, 893.286, 902.478, 898.696, 915.463, 898.863, 922.058, 879.024, 915.053, 881.312, 886.696, 908.994, 887.963, 914.495, 907.743, 884.219, 900.306, 909.837, 907.275, 894.183, 903.345, 904.678, 888.826, 898.955, 919.246};