name="jSO CEC17";
dim=100;
bound=0;
testID=12;
(*--------*)
min=4696.46;
max=45524.3;
median=15646.5;
mean=17603.921176470587;
std=8468.54622829412;
(*--------*)
data={10563.3, 31453.1, 11588.9, 18403.7, 12942.7, 17105.5, 19057.2, 22925.9, 10086.2, 10664.5, 4696.46, 12185.4, 11383.6, 15591.3, 13534.3, 8171.45, 30703.9, 6958.98, 25541.5, 17779.3, 45524.3, 7807.81, 24870.7, 15437.6, 14584.6, 13186.3, 23286.8, 18273.2, 7531.36, 21884.6, 33391.4, 28681.9, 14745.3, 30895, 15646.5, 15683.8, 34843.1, 16185.2, 12412.4, 11167.6, 15013.8, 16426.5, 16530.9, 31747.6, 20028, 12990.4, 13917.9, 9313.62, 20104.4, 8411.9, 15938.3};