name="jSO CEC17";
dim=100;
bound=4;
testID=4;
(*--------*)
min=84.1441;
max=279.123;
median=197.357;
mean=194.239668627451;
std=29.887860557159257;
(*--------*)
data={197.357, 192.069, 197.357, 197.357, 197.357, 214.397, 200.7, 197.357, 197.357, 115.369, 279.123, 197.357, 218.719, 133.862, 197.357, 117.307, 197.357, 212.277, 192.068, 197.357, 192.069, 192.069, 212.277, 218.396, 144.112, 197.357, 197.357, 84.1441, 192.068, 192.068, 212.277, 197.357, 212.277, 214.397, 197.357, 197.357, 212.277, 158.89, 192.068, 192.072, 197.357, 212.277, 210.922, 192.069, 212.277, 212.277, 197.357, 212.277, 197.357, 192.069, 212.277};