name="jSO CEC17";
dim=100;
bound=4;
testID=18;
(*--------*)
min=127.819;
max=314.838;
median=178.107;
mean=190.76092156862745;
std=43.426304713085194;
(*--------*)
data={153.997, 267.807, 304.641, 154.641, 229.928, 147.161, 192.273, 132.303, 314.838, 192.798, 187.415, 219.976, 183.119, 172.417, 144.21, 234.971, 174.504, 173.584, 169.985, 131.626, 157.772, 209.972, 234.34, 204.408, 191.298, 127.819, 153.714, 157.421, 220.762, 216.418, 239.559, 200.846, 174.72, 195.462, 169.015, 211.776, 290.343, 260.227, 158.62, 192.976, 170.299, 144.929, 171.501, 205.017, 165.289, 171.684, 178.107, 158.846, 154.227, 216.613, 142.633};