name="jSO CEC17";
dim=100;
bound=0;
testID=28;
(*--------*)
min=478.186;
max=573.614;
median=523.669;
mean=526.6246666666667;
std=27.668746851757973;
(*--------*)
data={524.245, 521.669, 518.742, 570.747, 501.615, 490.899, 527.816, 523.669, 518.742, 550.857, 492.614, 570.744, 523.669, 543.408, 478.186, 573.614, 492.932, 531.848, 492.614, 543.41, 489.493, 573.614, 524.245, 489.543, 523.669, 523.669, 478.186, 527.816, 518.742, 572.387, 524.245, 518.742, 518.643, 521.669, 497.594, 497.595, 518.742, 523.669, 543.409, 518.742, 485.198, 523.669, 518.742, 550.857, 572.385, 572.381, 524.245, 572.381, 518.742, 550.423, 572.381};