name="jSO CEC17";
dim=100;
bound=3;
testID=7;
(*--------*)
min=131.54;
max=159.279;
median=146.799;
mean=146.1809019607843;
std=6.3917477117136015;
(*--------*)
data={147.762, 147.462, 146.283, 131.54, 153.863, 138.44, 144.519, 155.27, 146.799, 136.094, 147.851, 150.85, 143.227, 142.19, 148.697, 152.47, 143.688, 150.165, 156.333, 141.304, 154.826, 159.279, 140.719, 153.404, 154.056, 150.079, 142.956, 150.641, 145.004, 139.117, 148.607, 155.552, 152.936, 146.714, 145.185, 137.085, 141.354, 142.415, 136.168, 137.109, 134.411, 139.675, 144.351, 149.15, 153.137, 147.245, 150.692, 146.957, 144.166, 138.079, 149.35};