name="jSO CEC17";
dim=100;
bound=3;
testID=18;
(*--------*)
min=64.1896;
max=159.092;
median=119.012;
mean=117.59594509803922;
std=18.827231125115702;
(*--------*)
data={133.785, 146.153, 98.9842, 141.476, 104.1, 117.468, 97.9972, 115.533, 125.862, 115.425, 119.012, 91.0365, 159.092, 129.431, 120.377, 87.9781, 119.837, 144.269, 144.64, 109.913, 112.463, 119.961, 105.626, 128.368, 118.568, 99.4106, 131.076, 77.6556, 131.295, 96.6511, 109.677, 123.432, 126.441, 103.338, 103.754, 133.532, 111.668, 140.61, 123.101, 130.482, 87.2821, 124.823, 97.4542, 64.1896, 116.787, 134.492, 145.366, 114.513, 122.563, 129.673, 110.772};