name="jSO CEC17";
dim=100;
bound=2;
testID=5;
(*--------*)
min=42.4926;
max=72.5813;
median=53.5452;
mean=54.127898039215665;
std=6.357694295213957;
(*--------*)
data={61.4866, 72.5813, 48.8416, 46.3512, 52.9024, 53.2534, 55.7058, 55.6819, 58.2294, 53.5545, 54.1924, 48.0448, 42.4926, 52.976, 47.3312, 48.274, 48.5945, 59.9376, 49.8443, 51.8454, 57.2155, 52.3123, 52.5309, 53.5452, 57.6, 59.7274, 60.8011, 60.2937, 61.3772, 56.2999, 48.0194, 56.0827, 53.4356, 54.7478, 59.199, 53.5447, 45.171, 59.6355, 60.801, 44.3712, 67.2633, 59.4374, 49.7216, 52.2252, 57.998, 45.6884, 47.3597, 46.5222, 56.7093, 65.1944, 43.5713};