name="jSO CEC17";
dim=100;
bound=2;
testID=18;
(*--------*)
min=112.902;
max=201.714;
median=150.421;
mean=151.69139215686275;
std=21.621096282176286;
(*--------*)
data={182.602, 181.213, 151.732, 128.389, 171.783, 149.271, 152.771, 170.904, 124.577, 153.911, 147.566, 174.768, 128.899, 164.597, 179.473, 166.494, 163.757, 189.318, 127.975, 148.713, 136.998, 132.295, 201.714, 178.154, 139.582, 153.996, 158.375, 143.11, 143.859, 143.417, 125.012, 139.987, 147.297, 113.888, 113.085, 186.804, 128.13, 133.604, 161.531, 147.554, 152.346, 150.421, 133.583, 184.172, 118.038, 145.31, 158.079, 175.092, 112.902, 151.347, 167.866};