name="jSO CEC17";
dim=100;
bound=2;
testID=20;
(*--------*)
min=750.015;
max=2012.56;
median=1508.86;
mean=1478.2428431372548;
std=258.92144527299183;
(*--------*)
data={1343.52, 1381.91, 1031.36, 1710.06, 1758.84, 1538.1, 1876.33, 1508.86, 1476.24, 1709.86, 1210.21, 1236.94, 1085.32, 1334.23, 1144.32, 1578.32, 1757.74, 1433.67, 1246.9, 1578.59, 1269.32, 1587.68, 1596.37, 1603.86, 1461.86, 1508.93, 1227.15, 1613.01, 1667.88, 1310.67, 750.015, 1801.76, 1562.88, 1001.19, 1937.82, 1365.87, 1129.98, 1405.96, 1478.35, 2012.56, 1276.61, 1747.39, 1427.77, 1576.99, 1618.05, 1242.37, 1560.95, 1727.73, 1496.13, 1567.89, 1914.07};