name="jSO CEC17";
dim=100;
bound=2;
testID=29;
(*--------*)
min=818.346;
max=1806;
median=1202.36;
mean=1231.3760980392155;
std=192.26190111431384;
(*--------*)
data={1391.89, 1112.89, 1380.89, 1193.4, 937.67, 1544.29, 1147.41, 1039.87, 1154.26, 1354.8, 1125.43, 1020.28, 1038.41, 1355.21, 1535.92, 1202.36, 1086.71, 1071.63, 1139.26, 1309.76, 1445.81, 1257.18, 1099.72, 1806, 1360.32, 1155.33, 1387.28, 1297.27, 818.346, 1220.5, 1265.39, 1501.78, 947.275, 1027.15, 1158.01, 1060.16, 1505.25, 1187.73, 1015.72, 1307.87, 1040.51, 1172.23, 1253.96, 1286.3, 1004.47, 1311.68, 1310.76, 1428.76, 1099.1, 1573.62, 1352.36};