name="jSO CEC17";
dim=100;
bound=2;
testID=9;
(*--------*)
min=0;
max=0.908648;
median=0;
mean=0.07802629411764705;
std=0.17234065846772711;
(*--------*)
data={0, 0.454324, 0, 0, 0, 0, 0.0895283, 0, 0.179057, 0.454324, 0, 0, 0.0895283, 0.0895283, 0, 0.0895283, 0, 0, 0.454324, 0.0895283, 0, 0, 0, 0, 0, 0.0895283, 0, 0, 0, 0.454324, 0.179057, 0, 0, 0, 0.0895283, 0.0895283, 0, 0, 0, 0.0895283, 0, 0, 0, 0.0895283, 0, 0.908648, 0, 0, 0, 0, 0};