name="jSO CEC17";
dim=100;
bound=0;
testID=22;
(*--------*)
min=9008.9;
max=11785.4;
median=10560.9;
mean=10524.298235294116;
std=690.3450106365827;
(*--------*)
data={11592.2, 9826.85, 11634.4, 11518.3, 11050.9, 9353.67, 11001.6, 10356.1, 11388, 10568.5, 10448.9, 9210.88, 10560.9, 9008.9, 10297, 10346.8, 11785.4, 10063.8, 10989.8, 9387.39, 11166.8, 9785.88, 10239.9, 10632.8, 10166.8, 10969, 9950.7, 10532.2, 10822.1, 10713.4, 11114.4, 10733.1, 10891, 11475, 9300.52, 9865.45, 10374.2, 11308.1, 10503.2, 11161.4, 11066.5, 10059.9, 10963.3, 10538.9, 10897.9, 10311.2, 10496.2, 10739, 10786.5, 9164.58, 9618.99};