name="jSO CEC17";
dim=100;
bound=2;
testID=2;
(*--------*)
min=0;
max=135.162;
median=4.87482*^-8;
mean=4.668466699577759;
std=21.52054203942499;
(*--------*)
data={0, 0, 72.6024, 0, 0, 0, 2.71267*^-6, 0, 3.03844*^-8, 1.72124*^-8, 0.0000150005, 2.13916*^-6, 6.82468*^-6, 0.000156513, 6.86241*^-8, 2.44331*^-7, 1.27627*^-8, 0, 1.69908*^-8, 0, 3.57766, 1.09272*^-8, 0, 135.162, 5.05002*^-7, 0, 0, 6.14772*^-6, 0, 0, 0, 0, 26.7495, 0, 2.30033*^-7, 1.27592*^-7, 5.26052*^-7, 4.48093*^-7, 4.87482*^-8, 4.42178*^-6, 6.9074*^-6, 1.33348*^-8, 0, 5.80773*^-7, 6.80716*^-6, 0, 0.0000273038, 3.90342*^-6, 6.01935*^-8, 5.61216*^-8, 0};