name="jSO CEC17";
dim=100;
bound=4;
testID=5;
(*--------*)
min=30.2612;
max=63.3614;
median=41.9526;
mean=41.947188235294114;
std=6.926297005547684;
(*--------*)
data={39.1486, 36.881, 42.7289, 50.4265, 32.6543, 45.2596, 41.6877, 36.1866, 33.8207, 43.6398, 43.6216, 36.2517, 41.1501, 49.4732, 33.2711, 52.5687, 36.0655, 41.9526, 35.8842, 30.2612, 43.2794, 38.5685, 46.6403, 46.7914, 37.8665, 32.9723, 48.1695, 49.086, 40.7427, 48.3589, 37.4723, 43.3913, 40.3415, 31.6774, 41.9754, 46.0497, 63.3614, 52.8652, 42.281, 39.5816, 35.5724, 53.3602, 52.5194, 36.4362, 43.1598, 42.0154, 34.4058, 40.335, 46.6078, 49.8507, 30.638};