name="jSO CEC17";
dim=100;
bound=2;
testID=23;
(*--------*)
min=556.322;
max=622.203;
median=594.093;
mean=590.7332352941178;
std=13.386694732589117;
(*--------*)
data={589.225, 611.27, 583.516, 598.617, 576.044, 597.499, 574.69, 577.019, 570.06, 585.694, 604.972, 594.821, 589.562, 597.991, 596.266, 594.568, 611.816, 560.407, 600.183, 601.708, 589.698, 592.143, 592.821, 569.772, 578.339, 581.248, 605.216, 577.248, 588.983, 602.344, 600.952, 556.322, 567.935, 601.875, 596.517, 584.785, 622.203, 604.044, 597.017, 595.159, 590.537, 584.914, 603.808, 600.108, 589.088, 577.484, 596.817, 594.093, 596.59, 573.75, 599.657};