name="jSO CEC17";
dim=100;
bound=2;
testID=27;
(*--------*)
min=549.47;
max=611.28;
median=577.593;
mean=578.2696274509805;
std=11.293713008503063;
(*--------*)
data={593.889, 567.252, 580.205, 574.526, 583.359, 577.593, 611.28, 588.421, 572.849, 578.262, 574.855, 591.625, 574.473, 579.506, 578.91, 549.47, 594.446, 580.13, 587.838, 570.709, 603.207, 576.695, 581.698, 586.125, 587.682, 574.41, 561.524, 558.065, 572.066, 580.454, 573.361, 564.928, 580.24, 575.358, 577.634, 562.782, 601.296, 584.901, 583.697, 574.221, 572.708, 589.358, 568.372, 567.981, 564.873, 570.167, 572.963, 573.34, 582.67, 577.507, 581.87};