name="jSO CEC17";
dim=100;
bound=2;
testID=6;
(*--------*)
min=0.0000247439;
max=0.00329337;
median=0.0000598123;
mean=0.00023066335294117649;
std=0.0005694910713606991;
(*--------*)
data={0.0000451025, 0.000153415, 0.0000428336, 0.000088293, 0.000160395, 0.0000288626, 0.0000598123, 0.0000426403, 0.00181086, 0.000169305, 0.0000632113, 0.0000255409, 0.0000624788, 0.0000250897, 0.0000357958, 0.0000560056, 0.0000529803, 0.000042984, 0.0000377469, 0.0000614815, 0.0000693929, 0.0000343167, 0.0000362272, 0.000072764, 0.0000536094, 0.0000443981, 0.00114917, 0.0000887436, 0.0000669324, 0.0000873982, 0.0000377299, 0.00122384, 0.0000404488, 0.0000573415, 0.000150718, 0.0000870774, 0.0000928908, 0.00131891, 0.0000727018, 0.0000582753, 0.0000497704, 0.0000842436, 0.0000427052, 0.0000547043, 0.0000636022, 0.0000916079, 0.00329337, 0.0000247439, 0.000049842, 0.0000637565, 0.0000377649};