name="jSO CEC17";
dim=100;
bound=3;
testID=15;
(*--------*)
min=74.058;
max=194.201;
median=111.865;
mean=116.92944901960784;
std=28.117609341829706;
(*--------*)
data={98.4275, 174.873, 120.407, 145.632, 111.642, 98.7977, 146.609, 143.654, 119.636, 112.704, 106.802, 102.152, 105.53, 117.195, 132.29, 99.8423, 83.4965, 80.8435, 75.28, 157.39, 164.549, 102.835, 94.3898, 127.437, 136.695, 92.7318, 135.048, 97.2233, 115.668, 118.855, 99.8621, 92.5527, 105.872, 194.201, 138.469, 122.295, 100.87, 148.233, 99.1524, 77.3115, 92.3216, 119.514, 94.5828, 115.769, 125.632, 84.8865, 170.051, 74.058, 99.7369, 111.865, 177.531};