name="jSO CEC17";
dim=100;
bound=1;
testID=11;
(*--------*)
min=52.7777;
max=296.632;
median=94.5456;
mean=108.53396274509807;
std=41.16653552156636;
(*--------*)
data={167.916, 166.43, 79.3659, 180.18, 117.931, 126.129, 81.5724, 74.4257, 100.522, 64.4417, 79.5985, 97.2775, 79.3681, 86.3306, 87.3544, 88.4821, 81.9061, 141.556, 120.202, 132.098, 89.3354, 94.5456, 150.511, 112.204, 67.1806, 296.632, 85.3357, 52.7777, 143.266, 83.4391, 110.212, 80.3645, 110.922, 97.5772, 168.973, 134.114, 80.3683, 69.4164, 145.788, 63.4466, 89.3155, 144.588, 91.3069, 108.22, 139.593, 67.4264, 116.179, 122.151, 90.9973, 91.3059, 84.653};