name="jSO CEC17";
dim=100;
bound=2;
testID=17;
(*--------*)
min=754.572;
max=1853.19;
median=1370.69;
mean=1381.9059215686273;
std=212.47279695507783;
(*--------*)
data={1470.12, 1312.96, 1216.28, 1488.11, 1523.01, 1571, 1370.68, 1574.21, 1270.56, 1284.4, 1331.16, 1248.3, 1507.47, 1337.02, 1086.01, 1510.83, 1684.28, 1228.7, 1336.27, 1277.04, 1734.72, 1032.98, 1132.89, 1397.47, 1476.2, 1316.25, 1402.25, 1853.19, 1370.69, 1443.51, 1013.75, 1283.5, 1041.34, 1655.16, 754.572, 1747.3, 1441.27, 1651.93, 1502.12, 1427.2, 1555.83, 1451.33, 1676.06, 1314.54, 1157.88, 1236.48, 1128.15, 1353.44, 1417.26, 1287.57, 1591.96};