name="jSO CEC17";
dim=100;
bound=5;
testID=28;
(*--------*)
min=470.107;
max=573.614;
median=524.245;
mean=527.9309215686276;
std=27.88667991629203;
(*--------*)
data={543.408, 518.742, 518.742, 538.074, 545.533, 492.638, 524.245, 543.409, 527.816, 470.107, 518.643, 527.816, 497.946, 521.669, 518.643, 524.245, 518.742, 523.669, 480.473, 518.742, 550.856, 497.166, 572.382, 572.383, 492.873, 544.446, 573.614, 543.408, 523.669, 523.669, 528.92, 523.669, 572.381, 528.041, 520.071, 550.857, 572.381, 488.693, 572.406, 528.041, 479.06, 521.669, 573.614, 543.409, 543.408, 529.647, 492.614, 492.62, 543.408, 573.614, 478.186};