name="jSO CEC17";
dim=100;
bound=3;
testID=6;
(*--------*)
min=8.89288*^-6;
max=0.00797416;
median=0.000130799;
mean=0.0006605592211764705;
std=0.0014449997368209426;
(*--------*)
data={0.0000391499, 0.0000915559, 0.000196004, 0.0000864323, 0.000203431, 0.000115657, 0.0000727492, 0.00181961, 0.000163846, 0.0000698928, 0.000235444, 0.0000370325, 0.0000454814, 0.00298381, 0.0000935186, 0.0000575158, 0.000179391, 0.000148452, 0.000130799, 8.89288*^-6, 0.000124771, 0.0000623544, 0.00398153, 0.00120096, 0.000244871, 0.000148016, 0.0000883189, 0.000080554, 0.00026064, 0.0000697516, 0.00378071, 0.000216122, 0.000176928, 0.0000990545, 0.0017008, 0.0000385643, 0.0000783634, 0.000131759, 0.000106893, 0.0000924328, 0.000239483, 0.000060275, 0.00018729, 0.000198762, 0.00155069, 0.00362921, 0.000159918, 0.00797416, 0.0000884964, 0.0000128467, 0.00012533};