name="jSO CEC17";
dim=100;
bound=3;
testID=5;
(*--------*)
min=43.2258;
max=74.7256;
median=60.167;
mean=60.25781960784316;
std=7.6438404358808985;
(*--------*)
data={64.2658, 56.6958, 49.4941, 60.167, 50.9362, 55.2837, 65.4356, 60.7548, 49.8917, 46.3246, 54.7848, 53.9384, 69.6046, 58.1092, 56.2466, 71.6366, 72.814, 51.6001, 57.885, 70.174, 53.9725, 66.8859, 71.425, 61.1797, 63.0124, 64.869, 66.7397, 65.5113, 67.6347, 66.0883, 73.6172, 60.3613, 52.3942, 50.1732, 51.3259, 63.8324, 53.9404, 60.5493, 55.0073, 65.1813, 59.8933, 58.6671, 57.0865, 43.2258, 60.1993, 70.5731, 55.9937, 54.0257, 59.0956, 69.9195, 74.7256};