name="jSO CEC17";
dim=100;
bound=3;
testID=17;
(*--------*)
min=879.87;
max=1855.25;
median=1435.12;
mean=1396.6765686274507;
std=238.67545929033048;
(*--------*)
data={1400.55, 1375.49, 1506.24, 920.207, 1419.56, 1292.06, 1460.85, 1235.25, 892.29, 1125.73, 1739.71, 1504.11, 1469.28, 1652.72, 1463.34, 1557.08, 1343.14, 1327.55, 1437.97, 1186.39, 1684.1, 1012.13, 1595.43, 1531.12, 1503.01, 1074.15, 1435.12, 1693.7, 1266.04, 1472.68, 1485.99, 1151.95, 1538.32, 1821.22, 1079.91, 946.518, 1421.27, 1126.32, 1482, 1855.25, 1668.52, 1481.04, 1720.87, 1407.47, 1689.73, 1366, 879.87, 1525.89, 1320.95, 1408.13, 1276.29};