name="jSO CEC17";
dim=100;
bound=5;
testID=26;
(*--------*)
min=3075.94;
max=3416.45;
median=3259.72;
mean=3258.8911764705886;
std=81.55432112762776;
(*--------*)
data={3134, 3260.74, 3303.71, 3232.77, 3416.45, 3266.74, 3353.51, 3231.96, 3267.75, 3206.84, 3205.54, 3255.22, 3196.44, 3178.4, 3173.08, 3377.88, 3113.17, 3289.79, 3378.96, 3251.75, 3368.14, 3289.96, 3316.02, 3288.57, 3208.19, 3304.93, 3268.17, 3248.58, 3203.04, 3177.56, 3303.95, 3382.47, 3334.35, 3243.8, 3258.97, 3284.83, 3308.6, 3259.72, 3132.35, 3177.31, 3319.32, 3151.96, 3288.4, 3075.94, 3378.23, 3392.98, 3208.68, 3258.94, 3346.49, 3077.55, 3250.75};