name="jSO CEC17";
dim=100;
bound=5;
testID=11;
(*--------*)
min=48.7791;
max=270.136;
median=99.7035;
mean=106.57188431372549;
std=40.99667873561161;
(*--------*)
data={127.359, 72.7349, 85.3437, 78.3441, 101.255, 155.977, 76.1893, 131.105, 58.796, 79.3769, 88.4178, 106.235, 53.4972, 129.114, 48.7791, 78.3749, 138.07, 65.8507, 175.876, 146.028, 100.263, 85.3359, 64.6724, 192.299, 74.3911, 99.2661, 164.44, 106.23, 149.015, 108.966, 158.47, 96.2801, 114.42, 77.5468, 66.4315, 66.4315, 77.6125, 93.8379, 122.427, 112.281, 91.8459, 62.7019, 144.038, 99.7035, 115.185, 105.235, 143.043, 109.246, 99.265, 270.136, 67.4264};