name="jSO CEC17";
dim=100;
bound=2;
testID=10;
(*--------*)
min=7620.98;
max=11007.7;
median=10005.5;
mean=9890.716078431373;
std=657.3271462402216;
(*--------*)
data={10379, 9768.12, 10795.9, 10301.4, 10652.1, 11007.7, 9768.67, 9779.07, 9704.89, 10238.4, 9155.16, 10321.6, 10482.5, 9516.24, 9183.96, 8660.5, 9737.7, 10210.3, 10003.8, 9807.76, 10736.8, 9318.01, 8921.97, 10127.1, 10064.2, 10181.9, 10405, 9858.55, 10375.9, 10315.7, 8304.95, 10466.3, 10780.6, 7620.98, 9663.53, 10116, 10357.8, 9694.4, 9141.28, 10005.5, 10189.9, 9893.01, 10477.7, 10415.7, 9190.83, 9864.06, 10387.7, 9615.85, 9204.13, 9249.4, 10007};