name="jSO CEC17";
dim=100;
bound=5;
testID=19;
(*--------*)
min=71.3966;
max=154.247;
median=107.427;
mean=104.48971176470589;
std=17.437196027339336;
(*--------*)
data={116.946, 116.137, 111.484, 105.089, 113.978, 128.325, 114.148, 78.7345, 108.474, 103.153, 122.299, 88.9514, 108.283, 110.18, 120.327, 81.0989, 88.0589, 87.4002, 109.334, 80.8138, 123.704, 108.981, 128.7, 97.0674, 93.0734, 110.697, 71.3966, 96.8062, 120.396, 82.5315, 107.427, 95.2346, 112.732, 121.575, 115.591, 108.399, 154.247, 85.5012, 96.4962, 96.0865, 101.31, 95.1867, 72.9373, 111.74, 141.082, 92.0994, 84.2249, 89.2019, 91.6967, 97.9401, 131.699};