name="jSO CEC17";
dim=100;
bound=3;
testID=30;
(*--------*)
min=2177.03;
max=2679.62;
median=2332.18;
mean=2357.1323529411766;
std=112.62431429470696;
(*--------*)
data={2235.95, 2428.28, 2288.57, 2247.95, 2214.24, 2332.18, 2526.83, 2566.11, 2379.71, 2326.91, 2273.7, 2242.41, 2481.27, 2499.21, 2537.49, 2342.76, 2263.71, 2364.6, 2235.82, 2473.65, 2392.48, 2367.12, 2278.5, 2306.98, 2298.82, 2679.62, 2280.39, 2577.3, 2320.87, 2358.3, 2503.89, 2211.74, 2385.39, 2290.5, 2429.31, 2358.64, 2450.41, 2279.61, 2242.6, 2177.03, 2332.25, 2304.31, 2522.66, 2400.66, 2457.43, 2400.9, 2327.46, 2224.1, 2244.15, 2250.19, 2298.79};