name="jSO CEC17";
dim=100;
bound=5;
testID=21;
(*--------*)
min=249.675;
max=276.15;
median=263.2;
mean=263.623862745098;
std=6.2555264047707695;
(*--------*)
data={263.733, 263.96, 273.72, 258.853, 263.725, 270.297, 260.228, 251.121, 269.606, 265.877, 258.829, 249.675, 261.569, 260.508, 265.678, 263.2, 265.306, 269.076, 259.654, 260.225, 260.842, 256.637, 265.592, 263.906, 274.353, 259.621, 257.284, 271.822, 261.014, 261.986, 261.225, 265.552, 265.872, 256.281, 275.606, 251.088, 267.979, 268.841, 268.932, 257.175, 271.945, 272.993, 264.981, 263.159, 256.75, 263.11, 257.906, 258.752, 261.081, 271.542, 276.15};