name="jSO CEC17";
dim=100;
bound=3;
testID=3;
(*--------*)
min=4.07023*^-7;
max=0.0000202962;
median=2.34913*^-6;
mean=3.9296944313725484*^-6;
std=4.097826172678721*^-6;
(*--------*)
data={8.79289*^-7, 5.01358*^-6, 9.85028*^-7, 0.0000202962, 2.34214*^-6, 4.63227*^-6, 0.0000108287, 7.67295*^-7, 1.13022*^-6, 9.3747*^-7, 2.95997*^-6, 2.63385*^-6, 4.00854*^-6, 3.25675*^-6, 1.63414*^-6, 5.54818*^-6, 2.05385*^-6, 1.69736*^-6, 8.15785*^-7, 3.46887*^-6, 1.79245*^-6, 2.4048*^-6, 1.49474*^-6, 2.34913*^-6, 6.58596*^-6, 4.37847*^-6, 1.51972*^-6, 1.82611*^-6, 1.8343*^-6, 0.0000162112, 2.13898*^-6, 4.07023*^-7, 8.04523*^-7, 2.17002*^-6, 9.99567*^-6, 0.0000109002, 3.33258*^-6, 2.7718*^-6, 1.66674*^-6, 0.0000105716, 2.61826*^-6, 6.68836*^-7, 1.79797*^-6, 4.91221*^-6, 7.55257*^-6, 6.57365*^-6, 9.8541*^-7, 8.33025*^-7, 8.9952*^-6, 6.01472*^-7, 3.83031*^-6};