name="jSO CEC17";
dim=100;
bound=2;
testID=24;
(*--------*)
min=836.988;
max=900.862;
median=871.689;
mean=871.1498431372547;
std=13.140392149966525;
(*--------*)
data={853.171, 882.339, 893.724, 888.456, 863.276, 877.399, 885.689, 871.689, 880.938, 883.363, 850.15, 877.234, 880.248, 879.866, 869.715, 900.862, 853.595, 860.295, 870.448, 869.803, 862.022, 863.01, 836.988, 875.647, 873.925, 866.313, 874.401, 866.194, 866.429, 865.929, 881.635, 871.715, 882.943, 879.005, 854.568, 881.072, 875.334, 876.012, 861.254, 865.843, 878.535, 891.099, 863.61, 861.207, 857.548, 841.234, 853.884, 869.331, 893.486, 878.931, 867.278};