name="jSO CEC17";
dim=100;
bound=4;
testID=19;
(*--------*)
min=64.7422;
max=144.738;
median=99.2631;
mean=98.57732352941173;
std=18.075445576633378;
(*--------*)
data={104.518, 82.3551, 103.347, 96.7947, 97.5699, 99.2631, 133.631, 102.256, 74.1649, 102.265, 124.014, 64.7422, 80.1794, 101.342, 104.108, 90.0896, 100.608, 110.911, 87.0119, 89.2905, 93.4675, 101.8, 76.3975, 114.27, 119.238, 101.834, 123.002, 94.5484, 127.619, 80.194, 131.312, 85.2333, 100.571, 70.8395, 89.2342, 87.2311, 81.3513, 89.776, 105.774, 80.1674, 101.211, 80.4044, 98.3442, 105.281, 70.5507, 144.738, 140.99, 82.0622, 106.157, 104.839, 90.5445};