name="jSO CEC17";
dim=100;
bound=0;
testID=21;
(*--------*)
min=244.891;
max=288.683;
median=263.311;
mean=264.31803921568627;
std=8.671147095882496;
(*--------*)
data={263.477, 265.698, 261.911, 253.425, 269.797, 278.197, 255.898, 263.495, 269.422, 257.713, 263.09, 256.947, 254.414, 258.928, 273.261, 259.175, 265.958, 276.066, 263.311, 250.155, 278.073, 274.446, 265.035, 259.856, 270.48, 275.252, 265.495, 262.887, 257.121, 270.79, 260.204, 258.626, 281.297, 276.924, 263.174, 266.09, 250.368, 261.667, 267.78, 288.683, 267.288, 260.225, 265.347, 260.432, 268.899, 257.912, 252.096, 244.891, 263.293, 254.74, 270.511};