name="jSO CEC17";
dim=100;
bound=5;
testID=9;
(*--------*)
min=0;
max=0.454324;
median=0;
mean=0.03524018431372549;
std=0.0828804138011373;
(*--------*)
data={0, 0, 0, 0.0895283, 0, 0, 0.454324, 0, 0, 0, 0, 0, 0.0895283, 0.0895283, 0, 0.0895283, 0, 0, 0, 0.0895283, 0, 0, 0.0895283, 0.179057, 0, 0, 0.0895283, 0, 0, 0, 0, 0, 0, 0, 0, 0, 0, 0, 0, 0.179057, 0.0895283, 0.268585, 0, 0, 0, 0, 0, 0, 0, 0, 0};