name="jSO CEC17";
dim=100;
bound=4;
testID=27;
(*--------*)
min=537.82;
max=605.177;
median=569.664;
mean=572.1017058823528;
std=16.76816996967065;
(*--------*)
data={562.616, 582.467, 583.21, 587.41, 555.311, 552.966, 590.794, 569.008, 551.232, 556.341, 585.255, 552.824, 550.04, 594.95, 569.664, 579.978, 566.261, 562.952, 537.82, 568.058, 539.134, 595.86, 581.512, 573.284, 574.223, 573.4, 585.724, 582.495, 587.87, 564.817, 590.527, 541.016, 588.172, 564.444, 605.177, 568.249, 566.371, 554.89, 561.859, 579.816, 598.032, 549.099, 586.499, 569.309, 589.213, 574.105, 565.104, 600.31, 588.561, 568.594, 550.364};