name="jSO CEC17";
dim=100;
bound=0;
testID=10;
(*--------*)
min=7743.17;
max=11125.5;
median=9423.6;
mean=9519.864705882354;
std=737.5904730603642;
(*--------*)
data={10568.7, 9418.43, 9790.43, 10380.5, 9948.51, 9930.38, 9895.81, 9081.22, 10339.5, 9423.6, 10237.3, 8324.61, 9791.29, 10338.2, 9271.47, 9327.9, 9958.67, 8290.35, 9913.81, 9991.26, 8525.41, 9387.55, 9075.62, 9934.31, 7743.17, 9083.32, 9243.86, 9603.83, 9873.09, 9093.62, 10700.1, 10780.6, 9797.44, 8944.78, 9756.73, 8327.2, 8364.83, 10831, 9131.5, 10386.7, 8867.92, 9614.78, 9269.61, 8724.4, 8975.16, 9228.49, 9734.69, 9169.44, 9388.74, 8607.77, 11125.5};