name="jSO CEC17";
dim=100;
bound=4;
testID=24;
(*--------*)
min=882.729;
max=928.683;
median=903.623;
mean=903.1011568627448;
std=8.195296542218708;
(*--------*)
data={902.004, 903.949, 894.769, 882.729, 898.162, 896.811, 898.987, 899.389, 906.973, 901.411, 898.792, 911.248, 904.943, 906.238, 901.993, 904.952, 928.683, 901.693, 906.012, 907.285, 918.323, 898.71, 894.842, 888.977, 911.11, 908.369, 890.562, 902.997, 901.375, 907.853, 909.748, 906.083, 902.013, 911.918, 904.835, 889.013, 910.085, 892.754, 894.678, 894.918, 903.623, 902.167, 909.533, 910.182, 907.436, 905.24, 908.261, 891.647, 918.344, 907.619, 897.921};