name="jSO CEC17";
dim=100;
bound=4;
testID=8;
(*--------*)
min=29.4346;
max=61.7324;
median=42.1001;
mean=42.923376470588245;
std=6.320465001139972;
(*--------*)
data={38.1907, 52.3725, 47.3425, 40.8712, 40.96, 51.0049, 48.1991, 30.5487, 40.9044, 49.5175, 40.8152, 45.6101, 36.3527, 46.5889, 46.7362, 39.7849, 51.3958, 42.1001, 39.8166, 44.4984, 35.8321, 44.6997, 45.7018, 46.0629, 45.8499, 51.3424, 38.9951, 29.4346, 43.8098, 49.7098, 42.5985, 42.8273, 40.9126, 37.3, 34.7605, 39.0731, 40.1514, 48.186, 36.0887, 56.2152, 35.9512, 38.8125, 61.7324, 41.9907, 43.2323, 48.3009, 37.9985, 47.0075, 36.8524, 40.1756, 33.8764};