name="jSO CEC17";
dim=100;
bound=0;
testID=25;
(*--------*)
min=637.671;
max=773.885;
median=714.594;
mean=723.7489019607843;
std=42.29367306785018;
(*--------*)
data={773.541, 698.073, 761.707, 697.921, 714.641, 773.885, 698.072, 773.79, 714.695, 703.05, 697.826, 761.844, 658.691, 761.776, 761.733, 761.846, 638.836, 698.106, 638.712, 714.514, 697.837, 773.552, 698.095, 714.673, 703.855, 714.594, 698.007, 697.91, 761.702, 702.8, 773.525, 697.961, 761.896, 773.557, 703.9, 761.693, 658.874, 761.828, 697.945, 643.504, 761.879, 761.865, 761.845, 703.884, 773.586, 697.944, 697.878, 766.068, 773.732, 773.875, 637.671};