name="jSO CEC17";
dim=100;
bound=5;
testID=17;
(*--------*)
min=638.13;
max=1744.8;
median=1287.67;
mean=1246.8508039215687;
std=260.3906581542449;
(*--------*)
data={756.959, 1332.84, 1429.66, 1475.87, 1452.06, 638.13, 800.689, 1251.24, 1437.5, 1480.42, 1289.91, 1089.24, 1663.38, 1283.45, 1374.11, 1228.54, 1502.38, 1671.3, 1351.2, 1346.7, 1258.06, 1326.78, 1070.03, 1054.79, 1081.92, 1102.32, 1427.45, 1241.72, 979.072, 767.685, 1418.56, 1515.46, 1639.97, 1287.67, 1093.56, 1744.8, 1655.26, 963.625, 952.941, 1321.43, 1366.04, 1230.73, 1401.98, 976.278, 1068.65, 923.466, 1215.95, 730.476, 1372.43, 1350.45, 1194.26};