name="jSO CEC17";
dim=100;
bound=5;
testID=27;
(*--------*)
min=540.406;
max=649.669;
median=579.855;
mean=583.0499019607842;
std=23.88615231321688;
(*--------*)
data={570.322, 570.299, 572.834, 579.855, 579.029, 624.301, 589.281, 613.544, 649.669, 572.774, 564.446, 604.08, 548.662, 600.715, 588.761, 578.543, 560.765, 577.628, 541.194, 609.683, 554.666, 607.899, 569.61, 557.213, 592.242, 578.973, 619.762, 544.795, 589.396, 593.738, 597.306, 602.986, 583.39, 599.728, 590.168, 576.211, 595.334, 571.628, 620.1, 565.284, 560.653, 562.765, 590.789, 542.576, 572.049, 608.086, 540.406, 583.514, 558.888, 621.366, 587.639};