name="jSO CEC17";
dim=100;
bound=5;
testID=5;
(*--------*)
min=26.8967;
max=55.9601;
median=42.4328;
mean=42.20569019607843;
std=7.037675409629373;
(*--------*)
data={46.5227, 45.7459, 46.3678, 46.826, 50.1614, 39.8175, 34.5372, 33.2119, 40.8021, 42.5371, 42.4328, 26.8967, 45.3473, 32.4687, 35.8354, 42.3996, 31.081, 31.8573, 53.6098, 45.4786, 47.4419, 31.6729, 41.4828, 49.3511, 48.9817, 39.5216, 55.9601, 34.4426, 42.8397, 53.9168, 40.449, 37.2979, 55.4184, 48.1869, 49.9813, 44.6832, 46.9678, 40.6471, 35.9669, 43.5443, 44.0811, 47.9965, 37.8183, 40.9767, 38.2958, 47.782, 39.1542, 52.2075, 37.5227, 31.9843, 31.9803};