name="jSO CEC17";
dim=100;
bound=1;
testID=26;
(*--------*)
min=3133.55;
max=3551.68;
median=3370.48;
mean=3368.082745098039;
std=92.80671592246829;
(*--------*)
data={3334.67, 3450.15, 3424.92, 3310.48, 3473.4, 3366.36, 3374, 3204.23, 3300.5, 3344.82, 3308.16, 3433.67, 3409.47, 3513.73, 3220.16, 3426.66, 3354.95, 3404.82, 3366.92, 3282.22, 3295.72, 3361.41, 3378.6, 3384.1, 3391.42, 3530.86, 3379.99, 3481.17, 3365.34, 3551.68, 3362.7, 3265.51, 3386.99, 3133.55, 3315.31, 3225.93, 3545.84, 3394.73, 3452.87, 3373.58, 3310.03, 3345.55, 3370.48, 3477.79, 3263.6, 3539.71, 3238.91, 3329.54, 3409.12, 3391.67, 3214.23};