name="jSO CEC17";
dim=100;
bound=4;
testID=20;
(*--------*)
min=911.888;
max=1857.67;
median=1439.94;
mean=1450.834862745098;
std=225.67491790883804;
(*--------*)
data={1271.22, 1552.27, 1189.86, 1376.58, 1549.59, 1715.95, 1715, 1399.03, 1353.92, 1483.44, 1351.09, 1665.47, 1857.67, 1626.43, 1521.9, 1678.73, 1591.52, 1429.34, 1210.9, 1391.23, 1063.8, 1625.21, 1315.73, 1441.41, 1236.96, 1742.36, 1803.12, 1473.51, 1078.03, 971.38, 1751.56, 1365.49, 1563.51, 911.888, 1380.23, 1395.44, 1432.71, 1665.4, 1700.88, 1640.3, 1135.65, 1220.18, 1203.81, 1787.2, 1439.94, 1304.57, 1520.35, 1214.1, 1377.21, 1592.87, 1706.64};