name="jSO CEC17";
dim=100;
bound=0;
testID=2;
(*--------*)
min=0;
max=14512.8;
median=2.28428*^-7;
mean=361.33098724280023;
std=2073.731917098875;
(*--------*)
data={9.99417*^-7, 3.99403*^-7, 9.31033*^-8, 0, 0, 6.40757*^-6, 1.72334*^-6, 4.41248*^-6, 3316.9, 6.37487*^-7, 1.81567*^-8, 2.28428*^-7, 1.32297*^-7, 1.57092*^-8, 0, 45.5584, 26.7709, 34.8971, 2.10922*^-8, 14512.8, 0.0000877302, 1.18826*^-7, 0, 6.8164*^-8, 7.32925*^-8, 60.8419, 3.7166*^-6, 1.35272*^-6, 0, 0.0000415429, 68.875, 4.2936*^-8, 0, 0.000246295, 4.20502*^-8, 2.98121*^-7, 35.6254, 0, 149.707, 0, 0, 0, 0, 56.5597, 0.0043216, 119.34, 0, 1.65186*^-8, 0, 0.000231397, 0};