name="jSO CEC17";
dim=100;
bound=5;
testID=13;
(*--------*)
min=94.5301;
max=249.192;
median=155.293;
mean=160.78314509803923;
std=41.45087795481449;
(*--------*)
data={122.784, 187.043, 237.205, 150.516, 171.969, 197.686, 102.145, 138.906, 176.492, 232.019, 190.009, 187.601, 131.388, 153.381, 147.998, 120.754, 139.491, 204.884, 102.032, 182.112, 164.868, 101.829, 249.192, 135.967, 145.156, 197.618, 98.2293, 135.974, 94.5301, 123.085, 203.288, 139.413, 174.004, 98.3189, 150.527, 124.398, 97.5001, 132.588, 209.248, 125.333, 203.453, 157.689, 217.258, 140.721, 155.293, 211.259, 158.271, 243.969, 192.162, 184.887, 157.497};