name="jSO CEC17";
dim=100;
bound=3;
testID=25;
(*--------*)
min=637.309;
max=773.892;
median=714.763;
mean=727.563411764706;
std=38.011532771608394;
(*--------*)
data={637.531, 638.652, 773.537, 761.893, 697.896, 714.586, 697.999, 761.786, 698.254, 698.018, 698.292, 761.744, 637.309, 773.545, 761.797, 761.771, 714.56, 761.699, 698.113, 697.744, 697.878, 714.763, 714.541, 761.635, 698.401, 773.524, 698.122, 719.348, 697.914, 714.62, 761.821, 761.818, 703.995, 697.907, 761.794, 773.603, 703.334, 761.82, 698.1, 714.537, 761.76, 761.826, 761.835, 761.847, 761.648, 773.603, 773.892, 698.177, 762.036, 698.039, 714.87};