name="jSO CEC17";
dim=100;
bound=4;
testID=13;
(*--------*)
min=77.4633;
max=285.583;
median=149.584;
mean=153.24067058823533;
std=42.924584696708685;
(*--------*)
data={91.7328, 179.647, 134.69, 140.37, 223.511, 165.162, 122.247, 218.797, 149.584, 167.319, 124.603, 95.4882, 104.099, 96.8789, 180.496, 148.763, 124.471, 176.665, 107.341, 182.935, 238.091, 105.098, 111.28, 106.286, 285.583, 131.613, 203.2, 188.041, 139.074, 196.086, 205.264, 199.911, 143.942, 117.504, 194.86, 107.826, 77.4633, 112.21, 150.289, 176.403, 121.142, 166.368, 165.895, 185.145, 140.156, 162.029, 163.087, 187.328, 117.711, 163.474, 118.115};