name="jSO CEC17";
dim=100;
bound=3;
testID=26;
(*--------*)
min=2979.35;
max=3626.3;
median=3239.82;
mean=3267.0539215686276;
std=129.85804660595247;
(*--------*)
data={3135.52, 3289.08, 3461.24, 3442.5, 3144.97, 3089.21, 3414.86, 3320.46, 3216.42, 3205.84, 3212.92, 3230.44, 3210.76, 3453.1, 3300.1, 3323.1, 3107.79, 3316.26, 3130.78, 3354.89, 3518.09, 3183.62, 3231.58, 3102.28, 3145.82, 3473.22, 3360.61, 3211.4, 3195.07, 3413, 3343.35, 3380.82, 3186.18, 3162.05, 3232.79, 3146.47, 3239.82, 3626.3, 3141.23, 2979.35, 3247.9, 3256.19, 3271.03, 3249.55, 3431.15, 3263.83, 3131.96, 3462.89, 3145.45, 3211.09, 3315.42};