name="jSO CEC17";
dim=100;
bound=2;
testID=3;
(*--------*)
min=4.66412*^-8;
max=0.0000276163;
median=8.17863*^-7;
mean=1.991721350980392*^-6;
std=4.108757828386075*^-6;
(*--------*)
data={7.21104*^-8, 1.90112*^-6, 4.58441*^-7, 8.17863*^-7, 3.15427*^-6, 8.87998*^-7, 2.94188*^-7, 6.15757*^-6, 3.33102*^-7, 5.00035*^-6, 6.83259*^-7, 2.26172*^-6, 4.41573*^-7, 4.66412*^-8, 4.82415*^-7, 4.10989*^-6, 2.49772*^-7, 1.39923*^-6, 7.80155*^-7, 7.74881*^-7, 9.32494*^-7, 1.00543*^-6, 9.21966*^-7, 1.1045*^-6, 4.19288*^-7, 3.9079*^-7, 4.53306*^-7, 2.75747*^-7, 1.88094*^-6, 6.43453*^-8, 1.30379*^-7, 3.6717*^-7, 1.61451*^-6, 2.237*^-6, 1.83486*^-6, 1.91099*^-6, 5.3249*^-7, 7.23688*^-7, 9.88038*^-6, 2.14244*^-7, 4.98193*^-6, 4.95613*^-6, 1.08525*^-6, 4.11578*^-7, 1.82603*^-6, 6.19686*^-7, 0.0000276163, 1.63317*^-6, 2.43751*^-7, 8.38075*^-7, 1.64823*^-7};