name="jSO CEC17";
dim=100;
bound=5;
testID=3;
(*--------*)
min=1.08779*^-7;
max=4.12674*^-6;
median=1.11035*^-6;
mean=1.3985726470588235*^-6;
std=1.0897671544397518*^-6;
(*--------*)
data={4.3071*^-7, 2.38104*^-6, 1.72118*^-6, 5.49143*^-7, 3.06201*^-6, 1.96887*^-6, 2.27249*^-6, 1.08779*^-7, 1.03421*^-6, 4.88192*^-7, 4.12674*^-6, 1.11035*^-6, 8.95856*^-7, 1.74979*^-6, 1.6053*^-6, 1.84795*^-6, 3.57141*^-6, 2.20206*^-6, 2.83791*^-7, 4.20557*^-7, 3.99713*^-7, 2.68512*^-7, 2.59461*^-6, 2.43597*^-6, 3.77839*^-6, 2.61018*^-7, 5.52925*^-7, 6.00327*^-7, 1.34085*^-6, 5.43151*^-7, 3.81957*^-6, 1.33966*^-6, 7.07508*^-7, 1.22514*^-6, 6.47103*^-7, 4.83283*^-7, 1.02182*^-6, 2.54336*^-6, 7.55059*^-7, 5.88292*^-7, 3.75539*^-7, 1.798*^-6, 3.72237*^-6, 1.52949*^-6, 1.57289*^-6, 1.26286*^-6, 1.40338*^-6, 6.13179*^-7, 3.12848*^-7, 1.45703*^-7, 8.54257*^-7};