name="jSO CEC17";
dim=100;
bound=2;
testID=22;
(*--------*)
min=100;
max=12418.6;
median=11308.9;
mean=10376.12950980392;
std=3112.7761211367215;
(*--------*)
data={10876.8, 12153.4, 11948, 11643.1, 11892.3, 11085.7, 11016.6, 12114.2, 11309.2, 11478.4, 11443.1, 11530.5, 12418.6, 102.857, 11705.1, 10470.4, 11204.3, 10312.1, 10398.7, 9289.03, 12079.8, 100, 10743.9, 11747.4, 11131.2, 11881.9, 100.034, 11335.9, 11547.2, 11279.5, 10450.8, 11342.2, 12409.5, 11832.1, 11308.9, 12267.1, 10608.7, 11914.3, 10245.9, 11201.2, 11072, 11785.1, 10340.2, 9851.97, 10227.9, 11468.9, 11155.5, 12284.3, 11625.3, 121.834, 9329.68};