name="jSO CEC17";
dim=100;
bound=2;
testID=25;
(*--------*)
min=637.618;
max=799.694;
median=714.838;
mean=725.72068627451;
std=37.12882812828338;
(*--------*)
data={718.231, 698.132, 698.017, 761.751, 761.798, 714.465, 697.899, 714.565, 773.575, 718.113, 697.93, 761.734, 698.003, 761.679, 698.183, 742.832, 714.894, 637.618, 714.744, 697.941, 761.937, 766.139, 658.57, 761.715, 761.703, 698.02, 774.041, 697.852, 761.691, 761.825, 714.551, 698.127, 761.822, 714.838, 773.657, 697.813, 660.74, 714.7, 773.587, 761.82, 698.307, 762.014, 761.944, 658.618, 702.886, 697.992, 799.694, 698.197, 698.195, 761.713, 714.943};