name="jSO CEC17";
dim=100;
bound=2;
testID=14;
(*--------*)
min=39.0829;
max=73.8119;
median=50.0512;
mean=52.34171960784315;
std=7.475029126605985;
(*--------*)
data={67.0938, 42.9589, 50.9292, 61.854, 67.0879, 41.9832, 56.0224, 46.9409, 46.9922, 66.8247, 61.8257, 44.8994, 60.1878, 44.0385, 46.0054, 54.1327, 48.3968, 55.891, 49.0282, 48.928, 73.8119, 54.9384, 39.0829, 64.8434, 46.0188, 48.9746, 58.1023, 49.1848, 49.9008, 50.0512, 44.1617, 50.052, 54.9249, 42.9645, 49.9067, 48.0785, 54.9288, 60.8505, 47.938, 44.9857, 55.0725, 53.3505, 48.0192, 61.0374, 48.0933, 48.9259, 50.1016, 52.0092, 57.0741, 49.8918, 50.1311};