name="jSO CEC17";
dim=100;
bound=4;
testID=12;
(*--------*)
min=6455.06;
max=56993.5;
median=14044;
mean=16339.078235294117;
std=9092.281976919261;
(*--------*)
data={29652.5, 30935.8, 11708.5, 8990.86, 16676.1, 56993.5, 7717.21, 23628.1, 15646.7, 13268.7, 10993.5, 14892.2, 15577.6, 13868.4, 6557.17, 9152.61, 8469.22, 11160.6, 23133.1, 29435.8, 24389.2, 19348.9, 6600.51, 14012.1, 15314.2, 13791.5, 20486.8, 19038.1, 7976.92, 7751.38, 16299.6, 10378.1, 26824.1, 11445.4, 19617.5, 21673.9, 14471.6, 14044, 21291.8, 9274.73, 6455.06, 11157.4, 9132.54, 7921.08, 21205.8, 9514.21, 7703.49, 20092, 26397.6, 10594.1, 30631.2};