name="jSO CEC17";
dim=100;
bound=1;
testID=7;
(*--------*)
min=133.365;
max=159.622;
median=145.658;
mean=146.08976470588237;
std=6.031558308060148;
(*--------*)
data={140.772, 155.253, 148.777, 139.899, 139.489, 157.245, 144.391, 140.599, 140.827, 155.223, 141.102, 140.68, 138.612, 141.726, 145.599, 144.172, 147.502, 156.043, 146.144, 140.504, 138.686, 133.365, 145.156, 139.954, 151.374, 146.612, 159.457, 149.02, 141.162, 159.622, 144.586, 151.794, 152.253, 143.62, 147.017, 148.176, 157.27, 137.085, 142.145, 149.611, 145.739, 140.645, 144.188, 143.143, 148.757, 147.946, 145.829, 145.71, 150.638, 149.801, 145.658};