name="jSO CEC17";
dim=100;
bound=1;
testID=21;
(*--------*)
min=245.985;
max=275.918;
median=261.861;
mean=261.6305098039215;
std=5.5828303480315356;
(*--------*)
data={268.188, 266.732, 255.144, 262.247, 270.11, 261.861, 264.009, 254.142, 253.485, 260.132, 263.4, 259.711, 258.944, 255.934, 263.412, 255.152, 264.259, 265.178, 261.825, 259.362, 265.494, 258.136, 253.77, 265.14, 253.576, 273.145, 258.992, 260.836, 265.507, 258.649, 256.821, 275.918, 262.98, 268.46, 258.906, 267.414, 262.952, 255.219, 270.087, 262.266, 263.085, 258.588, 245.985, 260.844, 265.261, 256.028, 268.452, 259.526, 263.318, 264.604, 259.97};