name="jSO CEC17";
dim=100;
bound=4;
testID=25;
(*--------*)
min=637.151;
max=773.807;
median=714.839;
mean=727.3482352941174;
std=43.14944693670511;
(*--------*)
data={638.979, 714.697, 702.93, 761.854, 697.937, 698.294, 761.769, 658.523, 637.633, 773.616, 773.66, 698.115, 698.21, 714.541, 761.777, 703.822, 714.623, 761.734, 773.615, 697.936, 761.803, 773.624, 761.739, 697.98, 761.659, 761.782, 637.546, 766.244, 638.594, 773.759, 704.787, 761.784, 704.535, 714.661, 773.733, 761.781, 704.603, 637.151, 761.823, 761.912, 698.011, 761.738, 704.474, 773.772, 761.701, 761.613, 714.839, 714.431, 773.807, 761.583, 703.026};