name="jSO CEC17";
dim=100;
bound=0;
testID=13;
(*--------*)
min=95.2071;
max=273.989;
median=155.886;
mean=163.03984509803922;
std=45.320917321737056;
(*--------*)
data={166.278, 190.684, 152.64, 213.133, 109.569, 254.685, 142.826, 116.245, 116.253, 154.378, 196.68, 100.012, 181.158, 145.221, 256.356, 129.906, 133.862, 129.702, 207.593, 155.886, 102.647, 156.473, 113.722, 132.444, 204.781, 181.759, 137.644, 237.312, 131.77, 182.094, 126.659, 202.111, 159.505, 141.34, 206.342, 234.663, 190.645, 156.22, 95.2071, 111.764, 119.149, 228.061, 116.721, 117.421, 160.541, 160.942, 152.028, 273.989, 208.076, 116.773, 203.162};