name="jSO CEC17";
dim=100;
bound=5;
testID=25;
(*--------*)
min=665.905;
max=774.614;
median=761.705;
mean=740.347725490196;
std=32.862694078896496;
(*--------*)
data={773.738, 762.055, 768.071, 761.814, 773.962, 697.928, 761.761, 773.959, 702.814, 773.654, 714.766, 704.023, 761.705, 773.634, 704.737, 761.738, 742.73, 698.034, 761.735, 761.758, 773.642, 773.593, 704.476, 697.901, 697.894, 761.908, 697.822, 714.617, 773.691, 761.787, 774.614, 761.702, 719.384, 697.953, 721.064, 714.793, 665.905, 773.404, 698.388, 697.959, 773.839, 697.876, 697.918, 766.139, 718.216, 761.942, 761.767, 761.695, 766.104, 773.464, 761.661};