name="jSO CEC17";
dim=100;
bound=3;
testID=20;
(*--------*)
min=814.457;
max=2105.64;
median=1577.25;
mean=1538.2193137254897;
std=302.33841345442636;
(*--------*)
data={1737.16, 1537.24, 1447.05, 1181.2, 1540.99, 1352.28, 1717.45, 1827.91, 1890.12, 1733.19, 1348.26, 814.457, 1475.2, 1738.79, 2105.64, 976.729, 1669.82, 928.179, 1777.03, 1739.28, 1896.12, 1627.05, 1975.39, 1182.74, 1958.2, 1254.7, 1521.88, 1702.31, 1132.96, 1252.26, 1412.88, 1850.18, 1507.3, 1450.97, 1806.49, 1369.71, 1763.26, 1805.61, 1023.89, 1620.35, 1615.15, 1403.57, 1059.83, 1031.6, 1746.25, 1482.01, 1516.54, 1711.61, 1850.48, 1802.67, 1577.25};