name="jSO CEC17";
dim=100;
bound=1;
testID=22;
(*--------*)
min=9619.43;
max=12150.1;
median=10783.3;
mean=10760.448039215686;
std=595.8192416531026;
(*--------*)
data={9619.43, 11059.4, 11539, 10464.7, 10827.3, 10700.9, 10909.2, 10418.5, 10826.1, 10433.7, 11746, 10080.2, 10038.7, 11584.4, 10803.8, 10809.8, 10424.8, 9761.15, 11521.4, 10363, 11362, 10635.9, 9866.14, 11418.2, 11009.4, 11209.6, 10848.7, 10478.9, 9749.63, 10794.3, 11052.5, 10113.2, 11332.8, 10451.5, 10927.9, 10385.2, 12150.1, 10657.2, 10156.7, 10152.2, 12028.8, 10985.5, 10783.3, 11539.3, 11408.6, 11458.7, 10423.2, 10580.5, 10660.3, 10151.5, 10079.6};