name="jSO CEC17";
dim=100;
bound=2;
testID=30;
(*--------*)
min=2103.52;
max=2740.73;
median=2338.71;
mean=2347.112941176471;
std=124.11251964719946;
(*--------*)
data={2336.16, 2316.21, 2264.58, 2305.17, 2178.24, 2396.97, 2352.85, 2305.44, 2351.85, 2215.02, 2527.07, 2424.38, 2181.24, 2374.89, 2239.72, 2273.79, 2294.54, 2740.73, 2532.7, 2359.32, 2474.13, 2313.67, 2493.98, 2555.44, 2169.63, 2424.45, 2367.55, 2191.22, 2363.61, 2172.95, 2520.3, 2338.71, 2103.52, 2484.91, 2416.95, 2288.77, 2303.71, 2331.1, 2215.4, 2555.26, 2341.86, 2370.36, 2362.45, 2234.56, 2231.28, 2268.65, 2368.1, 2455.26, 2488.58, 2246.49, 2279.04};