name="jSO CEC17";
dim=100;
bound=4;
testID=26;
(*--------*)
min=3045.63;
max=3491.02;
median=3241.17;
mean=3243.3896078431376;
std=99.27496697477737;
(*--------*)
data={3049.05, 3438.55, 3197.68, 3373.86, 3218.16, 3167.71, 3228.61, 3374.08, 3268.77, 3305.65, 3066.76, 3343.11, 3269.82, 3215.73, 3140.61, 3253.85, 3298.38, 3045.63, 3214.71, 3225.92, 3178.52, 3174.1, 3248.35, 3370.9, 3287.06, 3176.91, 3243.54, 3416.34, 3328.43, 3241.17, 3234.25, 3283.46, 3153.07, 3196.3, 3491.02, 3055.81, 3187.86, 3198.05, 3184.25, 3111.2, 3277.5, 3348.42, 3233.46, 3262.19, 3085.91, 3371.02, 3202.81, 3276.34, 3306.98, 3338.47, 3252.54};