name="jSO CEC17";
dim=100;
bound=5;
testID=18;
(*--------*)
min=94.1845;
max=273.696;
median=178.204;
mean=183.7220882352941;
std=38.36762393525378;
(*--------*)
data={210.368, 263.652, 152.608, 219.005, 182.074, 166.797, 133.601, 149.445, 176.819, 139.296, 170.171, 239.573, 239.863, 200.014, 240.787, 178.204, 192.955, 164.779, 209.51, 188.709, 144.726, 153.249, 200.456, 155.452, 176.072, 165.188, 273.696, 218.314, 195.502, 197.819, 171.079, 165.807, 187.374, 188.22, 156.125, 253.695, 161.438, 210.084, 94.1845, 138.521, 162.886, 182.3, 193, 186.199, 122.751, 211.798, 155.762, 176.433, 127.021, 264.919, 161.526};