name="jSO CEC17";
dim=100;
bound=0;
testID=29;
(*--------*)
min=879.252;
max=1829.22;
median=1331.55;
mean=1309.1887647058822;
std=203.36812639886205;
(*--------*)
data={977.415, 1093.36, 981.743, 1529.93, 1265.24, 1539.71, 1149.91, 1483.42, 1282.96, 1104.83, 1542.9, 1187.43, 1638.5, 1390.08, 1218.38, 1319.11, 1108.8, 1358.54, 1425.03, 1275.87, 1419.96, 1540.91, 1829.22, 1526.92, 897.545, 1127.43, 1136.97, 1170.8, 879.252, 1478.79, 1412.77, 1238.27, 1356.31, 1085.33, 1390.9, 1469.98, 1271.82, 1439.91, 1558.78, 1380.52, 1182.06, 1478.53, 942.222, 1397.17, 1401.63, 1490.95, 1075.39, 1331.55, 1206.99, 1459.1, 1317.49};