name="jSO CEC17";
dim=100;
bound=5;
testID=10;
(*--------*)
min=7577.6;
max=10797.2;
median=9897.78;
mean=9818.883529411765;
std=621.1943524850288;
(*--------*)
data={10130.4, 8767.57, 8441.25, 9804.4, 10186, 9949.22, 9041.65, 9964.53, 10437.8, 9703.24, 10291.5, 10390.5, 9897.78, 10257.2, 10627.9, 9549.71, 10680.1, 10215.2, 10042.9, 9300.51, 9638.47, 8946.25, 10553.9, 10059.3, 9916, 10007.1, 10067, 9603.94, 9276.11, 9792.25, 8885.57, 9669.34, 9858.1, 10412.7, 10221.9, 10199.7, 9807.19, 9406.04, 9316.53, 10247.7, 10243.9, 8947.67, 7577.6, 9400.75, 9870.19, 10585.2, 9792.01, 9573.89, 9830, 10797.2, 10580.2};