name="jSO CEC17";
dim=100;
bound=3;
testID=9;
(*--------*)
min=0;
max=0.454324;
median=0;
mean=0.06372056666666667;
std=0.12608745879017416;
(*--------*)
data={0.454324, 0, 0.0895283, 0, 0, 0, 0, 0, 0, 0.0895283, 0.268585, 0, 0, 0, 0.0895283, 0, 0, 0, 0, 0, 0, 0, 0, 0.0895283, 0.0895283, 0.0895283, 0, 0, 0.0895283, 0, 0, 0.0895283, 0.0895283, 0.0895283, 0, 0.0895283, 0, 0, 0, 0, 0, 0, 0.0895283, 0, 0.454324, 0, 0, 0, 0.0895283, 0.454324, 0.454324};