name="jSO CEC17";
dim=100;
bound=5;
testID=24;
(*--------*)
min=881.33;
max=921.669;
median=904.943;
mean=903.6749607843137;
std=8.583405456951882;
(*--------*)
data={893.028, 909.999, 895.039, 907.764, 903.919, 903.553, 904.943, 881.33, 898.5, 907.579, 907.427, 909.068, 897.421, 908.55, 896.092, 902.705, 913.235, 900.468, 899.587, 907.01, 895.239, 894.321, 888.806, 906.733, 897.716, 917.982, 905.45, 898.011, 914.44, 908.482, 906.235, 906.358, 897.861, 910.778, 911.379, 910.794, 889.459, 895.971, 917.596, 909.788, 917.941, 911.893, 921.669, 895.473, 899.665, 886.067, 906.357, 900.886, 901.65, 902.137, 913.069};