name="jSO CEC17";
dim=100;
bound=4;
testID=23;
(*--------*)
min=549.619;
max=594.779;
median=570.487;
mean=571.343588235294;
std=11.705448692256901;
(*--------*)
data={583.367, 578.139, 581.844, 568.881, 572.517, 580.739, 574.681, 555.354, 555.249, 589.823, 581.573, 560.685, 582.154, 558.674, 562.965, 571.588, 570.487, 564.384, 552.511, 561.139, 577.643, 569.245, 566.68, 564.04, 588.45, 569.729, 566.745, 556.956, 581.658, 549.619, 561.371, 554.428, 568.271, 571.677, 589.404, 589.121, 578.127, 594.779, 587.429, 583.385, 558.792, 591.644, 568.76, 568.747, 572.634, 560.4, 557.706, 555.691, 575.118, 571.895, 581.625};