name="jSO CEC17";
dim=100;
bound=3;
testID=22;
(*--------*)
min=100.193;
max=12953.5;
median=11684.3;
mean=11231.208980392157;
std=2351.7202897502966;
(*--------*)
data={11042.5, 10800.8, 12953.5, 12371.1, 11576.2, 11595, 11684.3, 11913, 11478.1, 11205, 12162.6, 12337.3, 11667, 12884.9, 11931.2, 100.193, 11377.1, 11725.6, 11620.7, 11197.8, 12060.1, 12353.3, 12320.5, 12016.2, 12373.7, 12081.8, 11708.8, 12248.3, 10890.5, 11117.9, 12021.6, 11104, 12346.6, 12500.7, 11915.5, 11858.6, 10559, 11200.1, 105.165, 12516.3, 12192.9, 11239.8, 9960.3, 11679.1, 11853, 11316.6, 11175.4, 11197.6, 10737.3, 11722.8, 10794.3};