name="jSO CEC17";
dim=100;
bound=5;
testID=20;
(*--------*)
min=580.479;
max=1860;
median=1410.53;
mean=1350.1812156862745;
std=292.09402219616294;
(*--------*)
data={1392.91, 1047.47, 730.646, 1360.23, 1465.09, 1330.74, 1386.91, 1595.34, 1619.83, 1245.6, 1292.22, 1411.23, 1228.32, 1410.53, 1679.12, 1300.72, 1654.87, 1527.59, 580.479, 1574.24, 1381.49, 1746.18, 854.745, 1114.4, 1529.23, 1200.12, 1549.36, 935.625, 1764.98, 946.465, 1860, 1673.84, 1339.88, 1171.52, 1427.22, 1094.96, 1006.46, 1557.23, 1478.3, 857.744, 1505.1, 1481.08, 1529.06, 1484.09, 1183.67, 1414.59, 1620.85, 1562.79, 710.158, 1707.66, 1336.36};