name="jSO CEC17";
dim=100;
bound=0;
testID=8;
(*--------*)
min=29.6185;
max=58.1258;
median=41.1726;
mean=41.93881960784313;
std=5.51737001923995;
(*--------*)
data={38.6656, 38.6493, 44.8395, 32.6181, 45.1173, 40.8101, 45.4722, 48.942, 39.945, 35.0983, 39.6327, 29.6185, 43.1087, 42.2352, 44.3675, 53.296, 36.6383, 44.2589, 39.0505, 58.1258, 49.9789, 49.4843, 46.4458, 38.0408, 40.2325, 31.8112, 39.1675, 40.8136, 40.3033, 36.2618, 47.9137, 40.7231, 43.4049, 40.4033, 40.1235, 49.0702, 46.1295, 45.8507, 41.1726, 41.1068, 42.7678, 39.0424, 41.7608, 30.127, 45.7961, 47.1752, 43.2703, 34.5983, 41.7346, 41.0512, 42.6286};