name="jSO CEC17";
dim=100;
bound=3;
testID=14;
(*--------*)
min=32.0377;
max=55.9715;
median=44.0446;
mean=43.65230000000001;
std=5.375341744596337;
(*--------*)
data={49.9036, 42.9889, 54.542, 40.2629, 47.0387, 48.24, 44.9718, 32.0377, 41.1702, 37.1457, 36.3565, 48.0356, 51.6402, 40.1943, 45.0116, 36.9413, 48.9708, 42.9396, 44.3642, 42.4766, 40.9268, 40.9889, 40.2708, 36.1782, 55.9715, 47.9952, 32.1955, 38.9338, 38.4582, 45.6905, 44.3025, 47.0482, 39.1515, 52.0105, 44.9606, 45.1532, 49.0497, 38.9707, 41.1941, 50.1011, 44.9416, 47.0862, 52.2937, 45.5185, 45.9475, 43.9671, 44.0446, 38.004, 43.1684, 39.3456, 37.1664};