name="jSO CEC17";
dim=100;
bound=0;
testID=18;
(*--------*)
min=119.374;
max=259.883;
median=184.711;
mean=182.5130784313726;
std=32.867063861466626;
(*--------*)
data={140.314, 184.711, 209.775, 186.302, 153.454, 259.883, 204.822, 224.944, 208.15, 187.462, 121.081, 180.165, 154.253, 209.923, 186.336, 196.413, 206.801, 160.138, 248.567, 198.086, 160.681, 123.945, 212.996, 189.164, 141.318, 159.286, 234.702, 152.341, 207.681, 215.785, 211.613, 145.574, 202.871, 179.249, 186.63, 134.716, 164.688, 138.555, 206.983, 179.222, 171.602, 175.044, 176.14, 182.015, 193.949, 148.833, 221.218, 226.956, 148.848, 119.374, 174.608};