name="jSO CEC17";
dim=100;
bound=1;
testID=3;
(*--------*)
min=2.8724*^-7;
max=0.0000344846;
median=3.9335*^-6;
mean=5.620089156862744*^-6;
std=6.0819802064567845*^-6;
(*--------*)
data={4.83923*^-6, 8.91913*^-6, 5.97166*^-6, 2.01065*^-6, 5.89137*^-6, 8.14446*^-7, 4.93034*^-6, 3.52909*^-6, 2.73213*^-6, 1.17262*^-6, 6.06952*^-6, 0.0000186399, 4.1226*^-6, 2.5041*^-6, 2.92786*^-6, 2.8724*^-7, 2.20246*^-6, 4.11209*^-6, 1.87927*^-6, 9.71598*^-7, 4.5956*^-6, 6.06322*^-7, 0.0000133222, 0.0000127515, 3.17969*^-6, 2.92683*^-6, 0.0000113234, 5.78763*^-6, 0.0000142259, 2.18776*^-6, 0.0000111191, 3.91215*^-6, 5.28271*^-7, 3.9335*^-6, 8.89427*^-7, 4.83995*^-6, 6.20702*^-6, 3.89169*^-6, 3.5681*^-6, 0.0000344846, 6.50627*^-6, 0.0000198635, 5.63401*^-6, 5.50973*^-7, 7.73752*^-6, 7.21463*^-6, 1.45417*^-6, 1.86481*^-6, 8.1205*^-7, 4.58489*^-6, 1.59378*^-6};