name="jSO CEC17";
dim=100;
bound=4;
testID=30;
(*--------*)
min=2125.46;
max=2682.2;
median=2268.45;
mean=2296.9533333333334;
std=120.45749347660637;
(*--------*)
data={2268.45, 2279.27, 2175.56, 2165.79, 2197.66, 2449.87, 2402.32, 2453.3, 2341.19, 2368.85, 2223.39, 2218.84, 2459.3, 2474.32, 2216.08, 2450.29, 2192.87, 2210.75, 2393.5, 2125.46, 2188.86, 2221.94, 2243.53, 2294.71, 2356.51, 2365.53, 2432.39, 2259.77, 2289.84, 2202, 2291.27, 2319.25, 2425.96, 2294.24, 2245.08, 2170.35, 2126.67, 2192.54, 2156.68, 2146.32, 2246.52, 2230.79, 2584.74, 2382.59, 2241.09, 2682.2, 2366.19, 2228.04, 2370.37, 2164.34, 2357.25};