name="jSO CEC17";
dim=100;
bound=4;
testID=16;
(*--------*)
min=1037.3;
max=2487.27;
median=1755.56;
mean=1793.674901960785;
std=338.0152836862414;
(*--------*)
data={2172.07, 1690.84, 1755.56, 1037.3, 1580.43, 1690.7, 1548.63, 1496.35, 2306.67, 1854.72, 1324.19, 2085.24, 1412.99, 1810.03, 1844.45, 1520.89, 1726.4, 1231.06, 2454.04, 2036.19, 1321.2, 1686.02, 1509.4, 1604.47, 1927.98, 2310.83, 1862.83, 2175.32, 1773.64, 1922.4, 1633.52, 1517.12, 2294.38, 2487.27, 1588.05, 2129.52, 1685.71, 1441.74, 2073.75, 1465.85, 1294.31, 1576.72, 1812.21, 1591.66, 2043.88, 1674.95, 2320.82, 2031.82, 1888.05, 1931.45, 2321.8};