name="jSO CEC17";
dim=100;
bound=1;
testID=10;
(*--------*)
min=8224.81;
max=11069.5;
median=9978.47;
mean=9945.075098039213;
std=674.2360910374719;
(*--------*)
data={8935.25, 9326.27, 9990.24, 11035.8, 9307.04, 9285.84, 10391.4, 8423.26, 9564.05, 10282.3, 11061.9, 9994.33, 9848.98, 10091.8, 8516.01, 10369.8, 10524.2, 10774.2, 10356.8, 9896.85, 9588.14, 9964.55, 10115.7, 10280.2, 10662.8, 10310.3, 9508.69, 9702.24, 9651.9, 9499.29, 9583.71, 8938.61, 10971.8, 10432.5, 10463.8, 10546.4, 9807.49, 11069.5, 9633.98, 8224.81, 9942.74, 9511.25, 9349.15, 9609.64, 9978.47, 10444.9, 10576.3, 10400.6, 10817.1, 10392.1, 9243.85};