name="jSO CEC17";
dim=100;
bound=5;
testID=12;
(*--------*)
min=6992.99;
max=51691.6;
median=15073.1;
mean=18095.869607843135;
std=9498.150185220902;
(*--------*)
data={13836.4, 12522.5, 20240.6, 12814.5, 7220.13, 19942.2, 20487.1, 16615.3, 19925.1, 18284.8, 27426.6, 40625.5, 18019.3, 9573.75, 9727.47, 20503.7, 25684.1, 22503.4, 20473.8, 10411.2, 16379.9, 14792.5, 15073.1, 16871.3, 11712.5, 8895.83, 14340.6, 12803.5, 12064.1, 13093.7, 11803.9, 41717, 14379.5, 14915.3, 11074.9, 6992.99, 11243.6, 11009.4, 30816.3, 23154.3, 51691.6, 17780.7, 8897.78, 36944.9, 33658, 16146.6, 12039.6, 15227.4, 9395, 28684.5, 12451.6};