name="jSO CEC17";
dim=100;
bound=5;
testID=23;
(*--------*)
min=540.595;
max=596.151;
median=568.965;
mean=569.0880392156862;
std=14.128288255780712;
(*--------*)
data={579.285, 560.167, 568.203, 564.16, 553.169, 568.965, 551.854, 574.94, 578.323, 556.08, 571.113, 540.595, 562.141, 596.151, 568.413, 578.067, 577.845, 560.52, 572.862, 554.161, 567.716, 574.655, 587.963, 547.248, 592.885, 573.929, 577.486, 588.566, 575.565, 572.171, 564.658, 551.208, 556.488, 574.353, 590.904, 566.713, 593.372, 567.642, 570.058, 588.663, 566.669, 588.432, 553.028, 585.424, 550.476, 572.659, 540.631, 565.118, 576.06, 541.403, 564.333};