name="jSO CEC17";
dim=100;
bound=1;
testID=25;
(*--------*)
min=638.777;
max=777.67;
median=761.64;
mean=737.0747843137253;
std=35.19502729893171;
(*--------*)
data={762.036, 762.076, 761.928, 638.777, 761.585, 773.722, 761.824, 761.615, 698.207, 697.975, 761.781, 777.67, 702.916, 761.895, 698.296, 697.934, 697.903, 704.444, 697.844, 761.674, 697.923, 698.227, 761.714, 773.795, 773.715, 761.827, 761.701, 761.839, 697.834, 714.714, 773.589, 704.624, 714.62, 762.159, 714.509, 761.61, 761.64, 773.66, 698.041, 773.6, 697.981, 698.259, 697.954, 708.79, 698.004, 773.831, 773.781, 761.77, 773.508, 761.84, 761.653};