name="jSO CEC17";
dim=100;
bound=4;
testID=22;
(*--------*)
min=8727.12;
max=11763.3;
median=10757.4;
mean=10542.262941176468;
std=770.9806652343342;
(*--------*)
data={11352.1, 9721.81, 10757.4, 11237.7, 11437.2, 11562.4, 11268, 10541.3, 11070.2, 9312.09, 9932.77, 10123.4, 11458.3, 11051.8, 9406.24, 11199.6, 11030.3, 9387.23, 11169.4, 10732.3, 10469.5, 9015.71, 9918.16, 9790.33, 9589.66, 11121.1, 10449.6, 10261.7, 9769.91, 10865.4, 8727.12, 10991.2, 11532.2, 10516.9, 11140.1, 10586.6, 10769.8, 11055.5, 11075.4, 9646.22, 10819.1, 11763.3, 10368.8, 11080.1, 10999.1, 10426.5, 11352, 9884.4, 11126.8, 9945.2, 8846.46};