name="jSO CEC17";
dim=100;
bound=1;
testID=6;
(*--------*)
min=5.39173*^-6;
max=0.00175267;
median=0.0000315464;
mean=0.00011639658431372554;
std=0.00033734077241714185;
(*--------*)
data={0.0000595836, 0.0000144784, 0.0000242962, 0.0000378423, 0.0000237782, 0.0000381136, 0.0000380917, 0.0000597811, 0.0000198128, 0.0000321876, 0.0000466836, 0.0000584746, 0.0000308276, 0.0000331607, 0.0000807263, 0.0000550446, 0.000046457, 0.0000593083, 0.0000535743, 0.00123489, 0.0000257162, 0.0013082, 0.0000219962, 0.0000368577, 0.0000186966, 0.000024249, 0.0000365945, 0.0000267598, 0.0000416365, 0.0000291625, 0.00175267, 0.0000155494, 9.90597*^-6, 0.0000201274, 0.0000271059, 0.0000180633, 0.0000184476, 0.0000315464, 5.39173*^-6, 0.0000237864, 0.0000211177, 0.0000127972, 0.0000461929, 0.0000283668, 0.0000243933, 0.0000499892, 0.0000182651, 0.000105762, 0.0000326055, 0.0000326892, 0.0000244713};