name="jSO CEC17";
dim=100;
bound=1;
testID=24;
(*--------*)
min=886.47;
max=927.886;
median=904.542;
mean=906.3631764705883;
std=9.110071966139191;
(*--------*)
data={903.477, 904.398, 900.91, 900.308, 923.681, 915.243, 915.373, 900.707, 911.823, 899.774, 891.345, 911.499, 909.093, 901.703, 904.897, 907.783, 896.219, 910.305, 904.542, 902.181, 916.27, 903.137, 905.063, 906.131, 902.424, 917.982, 898.422, 921.107, 927.886, 918.431, 913.534, 913.623, 891.827, 892.15, 904.343, 907.287, 901.904, 921.185, 903.202, 896.684, 912.901, 902.925, 913.742, 886.47, 919.438, 912.449, 896.086, 893.974, 907.792, 903.744, 897.148};