name="jSO CEC17";
dim=100;
bound=2;
testID=12;
(*--------*)
min=7510.06;
max=45817.3;
median=19780.1;
mean=20370.953137254903;
std=7904.59025342427;
(*--------*)
data={22326.2, 25872.3, 15082.1, 11563.4, 22488.5, 17833.4, 25494.4, 13835.9, 15048.7, 26146.3, 14436.9, 21115.8, 19780.1, 7510.06, 9119.69, 29866, 14931.9, 14432.1, 24841.6, 30671.1, 19385.1, 18558.8, 9733.98, 19089.4, 30335.7, 10378.6, 23604.2, 13977.4, 14847.5, 16379.2, 45817.3, 25397.8, 29283.5, 14963.4, 36396.6, 8987.78, 34937, 20574.5, 16165.1, 23619, 19849, 20705.2, 23717.9, 17764.3, 11884.2, 10232.9, 27628.3, 26043, 30313.2, 21225.7, 14726.6};