name="jSO CEC17";
dim=100;
bound=3;
testID=28;
(*--------*)
min=478.186;
max=614.038;
median=521.669;
mean=526.0420588235296;
std=30.693857896596683;
(*--------*)
data={490.485, 521.669, 558.562, 518.643, 482.654, 543.408, 614.038, 572.381, 538.56, 537.893, 502.711, 590.115, 497.801, 478.186, 497.913, 518.643, 543.41, 503.929, 521.669, 531.848, 543.57, 552.075, 498.398, 543.409, 498.543, 498.809, 543.409, 492.628, 521.669, 520.071, 543.409, 490.637, 492.223, 498.568, 546.256, 560.686, 542.096, 499.848, 498.001, 552.079, 521.669, 535.038, 498.235, 552.59, 492.325, 497.678, 576.782, 576.782, 497.838, 556.637, 521.669};