name="jSO CEC17";
dim=100;
bound=4;
testID=11;
(*--------*)
min=52.0882;
max=198.269;
median=93.2953;
mean=98.69560392156863;
std=30.126680647651582;
(*--------*)
data={97.2275, 85.9215, 76.381, 73.3962, 110.448, 79.3659, 74.6584, 83.3458, 105.236, 110.209, 57.384, 198.269, 154.982, 80.7041, 80.6463, 65.3336, 158.962, 109.215, 106.23, 97.6354, 64.9779, 76.3813, 176.38, 52.0882, 93.2953, 95.2851, 68.4693, 92.5866, 89.3168, 97.2767, 68.6599, 79.3661, 74.725, 105.235, 129.17, 111.208, 90.3104, 99.9727, 153.464, 87.3256, 69.0916, 77.6632, 145.633, 123.146, 99.9195, 106.23, 78.6294, 115.477, 113.198, 101.255, 92.1885};