name="jSO CEC17";
dim=100;
bound=1;
testID=14;
(*--------*)
min=43.1214;
max=89.7992;
median=58.011;
mean=60.68841176470587;
std=10.56871831231483;
(*--------*)
data={56.836, 71.1612, 49.101, 89.7992, 83.8576, 57.9422, 51.9861, 75.8367, 73.7636, 53.8886, 57.8864, 73.8375, 62.8539, 56.9387, 52.0568, 67.8342, 61.4209, 58.8395, 73.8867, 64.2962, 49.8944, 58.011, 53.9517, 54.9324, 58.0579, 75.7839, 53.0483, 57.9076, 59.8499, 57.928, 51.0459, 43.1214, 60.9157, 53.0242, 50.1033, 50.9046, 49.1983, 72.9613, 48.2007, 49.9106, 66.8403, 64.9071, 84.8624, 61.1063, 59.8696, 48.9566, 54.0241, 64.7965, 69.8471, 47.8699, 69.255};