name="jSO CEC17";
dim=100;
bound=1;
testID=28;
(*--------*)
min=478.186;
max=592.51;
median=523.669;
mean=524.2727450980391;
std=22.244828605177553;
(*--------*)
data={523.669, 523.669, 523.669, 523.669, 518.643, 518.742, 576.861, 478.186, 524.245, 523.669, 478.206, 528.041, 523.669, 526.02, 518.742, 521.669, 523.669, 592.51, 494.7, 523.669, 523.669, 520.071, 528.041, 518.742, 523.669, 518.643, 521.669, 524.245, 573.614, 485.175, 572.381, 518.742, 518.742, 521.669, 521.669, 551.241, 523.669, 492.653, 519.673, 518.643, 518.742, 531.848, 518.742, 488.628, 523.669, 520.071, 518.742, 569.104, 523.669, 518.742, 543.416};