name="jSO CEC17";
dim=100;
bound=1;
testID=20;
(*--------*)
min=698.062;
max=2036.48;
median=1406.76;
mean=1363.1468627450981;
std=295.55784093595076;
(*--------*)
data={1047, 881.988, 1585.18, 1193.83, 1546.07, 2036.48, 1346, 1467.39, 1570.84, 1262.49, 1433.42, 1240.51, 1111.82, 753.355, 1408.77, 1593.55, 1141.13, 1357.83, 1536.33, 1259.42, 1620.19, 1631.78, 1015.87, 1582.18, 1791.22, 1402.68, 1561.86, 1666.2, 1367.42, 1247.92, 1749.44, 1191.45, 1499.55, 1492.9, 1804.88, 884.32, 1477.67, 1788.6, 1322.41, 698.062, 1211.61, 1084.61, 1424.18, 1406.76, 1620.07, 979.54, 1165.72, 1596.47, 733.715, 1157.82, 1569.99};