name="jSO CEC17";
dim=100;
bound=3;
testID=11;
(*--------*)
min=55.7842;
max=190.309;
median=95.2852;
mean=101.34269019607844;
std=32.9956943398514;
(*--------*)
data={98.2698, 87.3256, 59.4668, 82.9957, 84.9779, 189.801, 91.5512, 55.7842, 84.3506, 152.993, 59.4668, 132.602, 83.6469, 82.3507, 99.2653, 93.3031, 115.184, 190.309, 117.178, 120.159, 145.178, 140.058, 121.154, 68.5034, 108.137, 127.127, 135.426, 166.43, 73.3961, 70.6762, 75.3861, 81.3715, 84.5744, 74.4027, 59.7783, 61.0479, 112.199, 96.5176, 84.8283, 67.7422, 95.2852, 91.3123, 99.3057, 106.461, 79.6093, 111.205, 111.205, 95.8813, 105.235, 66.4321, 171.631};