name="jSO CEC17";
dim=100;
bound=5;
testID=22;
(*--------*)
min=9218.34;
max=12025.9;
median=10652.9;
mean=10602.504705882353;
std=747.912827811779;
(*--------*)
data={10035.1, 11170.3, 9619.97, 11047.3, 11161.9, 11052.5, 10910, 10642.3, 9712.57, 11081, 9931.65, 12022.7, 11686.5, 10342, 11333.4, 10153.4, 11089.1, 11290.6, 9866.66, 10840.2, 9725.25, 10050.3, 11009.2, 9502.95, 10597.7, 11120.8, 10103.9, 11341, 9721.3, 9413.08, 9841.62, 9615.88, 10963, 10652.9, 11304.2, 12025.9, 11049.6, 10396.7, 9315.66, 11768, 11266.6, 10824.9, 9816.81, 10021.1, 11160.5, 11684.2, 10381.2, 11256.9, 10520.2, 10068.9, 9218.34};