name="jSO CEC17";
dim=100;
bound=3;
testID=12;
(*--------*)
min=9526.32;
max=38158.8;
median=17075.5;
mean=19403.629607843137;
std=8188.062057627302;
(*--------*)
data={18408, 32981.1, 31579.8, 32714.3, 11265.7, 16869.8, 10462.6, 22890.9, 9753.5, 22743.6, 23396.9, 37657.3, 10918.3, 13060.3, 17806.4, 9739.39, 14519.5, 11567.5, 27115.5, 17075.5, 18359.2, 10691, 10077.2, 23703.2, 29171, 12486.9, 28925.7, 21441.2, 32864.3, 20993.1, 10587.4, 14814, 15371.3, 10759.2, 31875.2, 10292.6, 19296.1, 38158.8, 9526.32, 28031.9, 16250, 14233.7, 21568.3, 12111.1, 15455.3, 28617.4, 12268.5, 15957.5, 17046.6, 20026.2, 26099};