name="jSO CEC17";
dim=100;
bound=4;
testID=2;
(*--------*)
min=0;
max=14355.4;
median=1.83703*^-7;
mean=296.5549863328787;
std=2008.3752120627769;
(*--------*)
data={0, 87.4303, 1.38423*^-6, 0.00178206, 125.491, 0, 0, 0, 8.87168*^-7, 0.000408355, 2.07939*^-8, 8.1233*^-7, 5.47761*^-8, 4.43544*^-8, 4.78087*^-6, 2.34157*^-7, 0, 1.24446*^-8, 0, 1.44093*^-8, 1.52946*^-6, 0, 6.90672*^-8, 1.94019*^-8, 0, 0, 6.82682*^-7, 132.726, 1.43822*^-6, 125.956, 1.37932*^-6, 1.83703*^-7, 9.14836*^-8, 39.8302, 14355.4, 126.883, 0.0000111221, 105.48, 1.15457*^-7, 0.0000237696, 1.61017*^-8, 0, 23.2362, 1.56398*^-8, 4.32358*^-8, 5.16785*^-8, 3.91289*^-8, 0, 0.00416593, 0.00189782, 1.8633};