name="jSO CEC17";
dim=100;
bound=4;
testID=21;
(*--------*)
min=247.783;
max=278.34;
median=265.088;
mean=264.032725490196;
std=6.492677010535578;
(*--------*)
data={259.635, 260.517, 265.715, 254.359, 258.335, 254.994, 253.288, 266.471, 273.829, 266.66, 247.783, 262.05, 265.088, 250.961, 267.713, 265.077, 278.34, 257.222, 262.193, 265.477, 261.394, 258.556, 266.396, 265.362, 265.42, 267.793, 262.338, 265.16, 268.484, 266.616, 268.501, 270.388, 260.946, 265.681, 265.505, 264.928, 261.658, 258.773, 271.361, 255.645, 277.777, 268.001, 260.984, 263.103, 267.991, 278.012, 261.55, 269.398, 259.279, 259.042, 273.92};