name="jSO CEC17";
dim=100;
bound=2;
testID=16;
(*--------*)
min=1158.99;
max=2552.41;
median=1890.58;
mean=1919.345098039216;
std=336.71404819741366;
(*--------*)
data={1709.55, 1748.9, 1416.26, 1578.06, 2052.75, 1690.81, 1870.96, 2066.62, 1913.82, 2210.87, 2088.26, 2018.26, 2093.79, 1774.5, 2501.78, 1158.99, 1964.48, 2397.18, 2082.71, 2254.3, 1531.12, 2181.23, 1701.58, 2524.4, 1582.66, 1783.93, 1585.32, 2552.41, 1718.95, 2291.15, 1798.4, 1184.86, 2032.74, 1533.99, 2212.29, 1639.92, 1862.07, 1801.93, 1753.18, 2325.98, 1605.08, 2531.53, 1592.86, 2213.46, 2289.99, 2211.74, 1890.58, 1715.62, 2092.35, 2024.61, 1527.82};