name="jSO CEC17";
dim=100;
bound=0;
testID=23;
(*--------*)
min=533.498;
max=596.452;
median=570.437;
mean=568.0479019607841;
std=12.760543291341316;
(*--------*)
data={555.704, 577.933, 569.17, 553.926, 579.132, 554.466, 578.194, 545.892, 565.439, 556.188, 591.039, 572.265, 570.437, 596.452, 576.574, 569.418, 574.629, 587.775, 577.271, 578.24, 533.498, 566.095, 561.604, 580.965, 571.113, 574.394, 562.508, 575.605, 563.735, 566.604, 583.35, 554.73, 556.835, 568.962, 549.8, 564.498, 563.547, 543.59, 574.384, 551.303, 575.629, 573.585, 559.008, 576.629, 571.763, 585.888, 573.309, 546.004, 563.403, 577.102, 570.859};