name="jSO CEC17";
dim=100;
bound=0;
testID=6;
(*--------*)
min=6.35859*^-6;
max=0.00181839;
median=0.0000473404;
mean=0.00021604588019607848;
std=0.000417362772557667;
(*--------*)
data={0.0000223927, 0.000650866, 0.00181839, 0.0000812711, 0.0000551088, 0.0011974, 0.000649491, 0.0000278704, 0.0000340516, 0.000076972, 0.000019224, 0.0000948544, 0.000121726, 0.0000319313, 0.0000462787, 0.0000835582, 0.000013359, 0.0000282905, 0.0000269077, 0.0000295806, 0.0000660627, 0.0000519917, 0.0000373449, 0.000277499, 0.0000424429, 0.0000876107, 0.000995931, 0.0000269177, 0.0000552983, 0.0000856138, 0.00097412, 0.0000335452, 0.000851253, 0.0000101211, 0.0000240013, 0.0000197112, 0.0000473404, 0.0000387567, 0.0000634385, 0.0000741663, 0.00162449, 0.0000229961, 0.0000459652, 0.000100255, 0.0000303542, 0.0000455529, 0.0000477058, 0.0000579402, 0.0000369961, 6.35859*^-6, 0.0000270354};