name="jSO CEC17";
dim=100;
bound=3;
testID=27;
(*--------*)
min=567.064;
max=622.018;
median=589.873;
mean=591.8248039215684;
std=13.830451816220046;
(*--------*)
data={615.902, 590.069, 584.299, 585.591, 589.374, 572.807, 613.846, 606.88, 569.831, 587.586, 593.524, 601.149, 579.357, 595.475, 613.418, 610.125, 579.114, 567.064, 584.936, 600.051, 595.79, 593.008, 606.047, 571.264, 585.236, 604.587, 588.852, 610.336, 574.41, 584.439, 596.544, 593.759, 587.85, 579.85, 581.685, 583.921, 579.269, 589.873, 602.188, 606.325, 597.429, 573.458, 585.389, 622.018, 578.725, 610.524, 581.449, 590.674, 570.605, 607.166, 609.997};