name="jSO CEC17";
dim=100;
bound=0;
testID=11;
(*--------*)
min=56.6141;
max=220.158;
median=105.466;
mean=114.77887450980388;
std=38.04304554594882;
(*--------*)
data={83.3458, 125.134, 128.119, 117.694, 174.882, 85.3396, 100.26, 68.4214, 166.43, 96.6244, 95.2914, 96.2804, 148.521, 146.635, 80.3608, 129.132, 129.115, 86.5889, 82.6199, 177.375, 220.158, 171.405, 105.466, 149.516, 166.986, 115.425, 77.376, 88.3211, 98.2801, 91.3054, 64.4416, 76.0778, 130.223, 121.154, 72.4012, 129.114, 210.208, 74.3911, 85.3691, 56.6141, 100.266, 134.088, 129.416, 121.404, 84.3408, 79.366, 133.388, 110.456, 91.5376, 76.6481, 170.41};