name="jSO CEC17";
dim=100;
bound=3;
testID=29;
(*--------*)
min=939.477;
max=1865.75;
median=1441.98;
mean=1409.6236274509802;
std=224.8343319966024;
(*--------*)
data={1449.84, 1534.32, 1865.75, 1070.03, 1437.94, 939.477, 1471.5, 967.492, 1522.47, 1600.12, 1633.12, 1282.21, 1004.38, 1545.33, 1217.47, 1124.63, 1548.18, 1508.32, 1013.71, 1273.23, 1305.51, 1300.16, 1460.21, 1016.5, 1417.36, 1340.38, 1438.8, 1441.98, 1403.11, 1718.38, 946.786, 1770.54, 1721.09, 1315.9, 1489.91, 1643.24, 1690.14, 1346.91, 1502.86, 1468.99, 1230.77, 1419.47, 1333.32, 1543.91, 1759.26, 1515.24, 1468.05, 1516.28, 1378.82, 1347.68, 1629.73};