name="jSO CEC17";
dim=100;
bound=2;
testID=19;
(*--------*)
min=57.42;
max=129.936;
median=94.2667;
mean=93.82564313725491;
std=16.213656096750725;
(*--------*)
data={84.7585, 95.3575, 59.4773, 87.0012, 95.6269, 102.168, 81.6915, 90.1145, 95.0627, 115.484, 73.078, 121.948, 57.42, 99.2091, 112.325, 116.815, 102.164, 112.368, 66.3449, 90.457, 83.1129, 129.936, 91.9271, 109.846, 93.9291, 110.026, 116.37, 93.8112, 97.4561, 92.6451, 98.9412, 106.307, 99.8057, 70.4706, 78.4834, 94.2667, 103.084, 80.7841, 69.2935, 99.636, 108.447, 100.933, 88.7926, 88.3643, 74.0278, 106.842, 109.85, 92.928, 79.6036, 90.7362, 65.5805};