name="jSO CEC17";
dim=100;
bound=1;
testID=4;
(*--------*)
min=113.34;
max=212.277;
median=193.973;
mean=193.195862745098;
std=21.624847985611;
(*--------*)
data={192.068, 185.601, 192.073, 113.34, 192.104, 212.277, 192.09, 192.068, 192.068, 197.357, 212.277, 192.071, 192.096, 212.277, 115.547, 197.357, 197.357, 212.277, 192.068, 212.277, 212.277, 192.068, 212.277, 192.122, 212.277, 192.07, 212.277, 212.277, 212.277, 192.069, 212.277, 170.07, 212.277, 212.277, 193.973, 197.357, 197.357, 200.7, 192.204, 175.909, 192.074, 200.7, 197.357, 197.357, 197.357, 192.069, 192.07, 192.069, 135.849, 197.357, 155.688};