name="jSO CEC17";
dim=100;
bound=3;
testID=23;
(*--------*)
min=568.785;
max=636.04;
median=598.084;
mean=597.9107058823528;
std=13.242837427521518;
(*--------*)
data={568.785, 622.147, 600.799, 575.235, 598.895, 590.861, 584.253, 606.632, 594.637, 636.04, 604.783, 584.041, 602.631, 592.258, 593.061, 611.478, 595.648, 583.132, 584.971, 585.177, 585.145, 611.451, 611.24, 601.731, 589.158, 583.114, 596.676, 591.389, 603.116, 620.19, 600.576, 595.498, 608.717, 618.756, 591.185, 601.726, 595.961, 598.963, 598.084, 584.373, 600.986, 617.801, 569.592, 600.403, 589.429, 593.285, 589.799, 608.417, 611.432, 605.618, 604.171};