name="jSO CEC17";
dim=100;
bound=0;
testID=16;
(*--------*)
min=1160.72;
max=2428.7;
median=1841.33;
mean=1863.8988235294116;
std=303.94334258639094;
(*--------*)
data={1826.7, 2366.93, 1672.03, 2303.27, 1524.62, 1792, 2422.28, 1596.33, 2291.75, 2428.7, 2077.74, 2088.12, 1483.85, 2075.25, 1561.09, 1809.88, 1949.2, 2352.82, 1437.93, 1160.72, 1830.54, 1526.36, 2081.29, 1954.8, 1841.33, 1660.67, 1692.31, 1294.56, 1872.37, 1723.52, 1924.51, 1922.38, 1866.83, 2138.83, 1569.18, 1875.64, 1662.16, 2341.86, 2013.28, 2183.36, 1724.02, 1724.05, 1382.75, 1808.76, 1676.94, 2129.43, 1643.31, 2208.2, 2040.59, 1562.13, 1961.67};