name="jSO CEC17";
dim=100;
bound=2;
testID=15;
(*--------*)
min=75.2234;
max=223.082;
median=140.297;
mean=139.84476470588234;
std=32.721296202362296;
(*--------*)
data={140.297, 173.404, 109.436, 143.64, 120.285, 106.94, 82.208, 143.965, 125.225, 113.343, 172.847, 195.973, 143.453, 160.374, 148.265, 146.731, 122.17, 145.095, 135.578, 110.603, 109.111, 183.114, 158.295, 132.429, 193.154, 155.715, 75.2234, 183.585, 138.163, 223.082, 148.238, 99.1922, 83.4384, 106.955, 176.849, 161.429, 107.066, 139.825, 157.95, 144.512, 175.33, 114.335, 133.083, 138.171, 143.096, 107.117, 133.247, 212.724, 100.745, 150.8, 106.277};