name="jSO CEC17";
dim=100;
bound=4;
testID=3;
(*--------*)
min=1.72969*^-7;
max=6.75253*^-6;
median=1.56558*^-6;
mean=1.882259843137255*^-6;
std=1.6269436498549835*^-6;
(*--------*)
data={4.46804*^-7, 4.55481*^-7, 1.92521*^-7, 4.25338*^-7, 5.99654*^-7, 1.75119*^-6, 4.0755*^-7, 1.09923*^-6, 3.79674*^-6, 3.89873*^-6, 6.14021*^-7, 4.6801*^-6, 2.25214*^-7, 1.24445*^-6, 4.74897*^-7, 1.69822*^-6, 8.8166*^-7, 1.04289*^-6, 8.80876*^-7, 1.71493*^-6, 2.99108*^-6, 3.38405*^-6, 3.29391*^-6, 2.13583*^-6, 1.90964*^-6, 1.87743*^-6, 2.99544*^-6, 1.04159*^-6, 1.77503*^-7, 2.43678*^-6, 7.40488*^-7, 5.06429*^-7, 3.26703*^-7, 4.70933*^-6, 1.71248*^-6, 2.3021*^-6, 2.17442*^-6, 4.01082*^-7, 6.75253*^-6, 1.72969*^-7, 1.95796*^-7, 3.79316*^-6, 7.47147*^-7, 2.93788*^-6, 3.1387*^-6, 6.68904*^-6, 4.07852*^-6, 2.15693*^-6, 1.56558*^-6, 1.49702*^-6, 6.23199*^-7};