name="jSO CEC17";
dim=100;
bound=1;
testID=5;
(*--------*)
min=31.7121;
max=55.6599;
median=42.2019;
mean=42.8962450980392;
std=6.023237582042194;
(*--------*)
data={38.9605, 47.2757, 53.9599, 31.7121, 54.3052, 36.6173, 42.3108, 42.7043, 39.2901, 44.2874, 39.3411, 38.2173, 43.8014, 42.0472, 54.4514, 42.0397, 53.3919, 38.8212, 34.8948, 40.6192, 46.1974, 32.2443, 39.5765, 41.0698, 38.8192, 53.4361, 49.8173, 42.2019, 43.0103, 44.0666, 36.5854, 45.8851, 43.4465, 45.4515, 37.495, 36.8274, 37.4107, 41.402, 55.6599, 48.0184, 32.9197, 43.7592, 41.4856, 38.8502, 37.585, 43.9291, 46.0189, 38.6528, 52.3371, 50.3017, 44.1994};