name="jSO CEC17";
dim=100;
bound=0;
testID=30;
(*--------*)
min=2102.1;
max=2783.77;
median=2283.63;
mean=2291.499019607844;
std=128.01375174964448;
(*--------*)
data={2341.49, 2475.24, 2205.12, 2220.75, 2452.94, 2308.31, 2220.78, 2151.91, 2227.59, 2783.77, 2350.45, 2159.23, 2310.22, 2364.35, 2169.98, 2285.67, 2186.42, 2204.64, 2298.98, 2284.74, 2257.55, 2285.76, 2203.49, 2366.39, 2110.43, 2209.12, 2490.2, 2385.88, 2355.83, 2256.8, 2319.77, 2102.1, 2151.08, 2178.77, 2186.85, 2118.81, 2503.2, 2211.97, 2313.9, 2243.57, 2241.4, 2283.63, 2190.9, 2385.1, 2346.59, 2297.13, 2382.46, 2208.25, 2560.3, 2256.53, 2460.11};