name="jSO CEC17";
dim=100;
bound=1;
testID=8;
(*--------*)
min=29.2229;
max=55.4725;
median=42.8636;
mean=42.54378823529411;
std=5.543331478583869;
(*--------*)
data={50.0332, 29.2229, 38.7713, 42.9291, 50.7492, 51.6863, 44.4245, 40.106, 42.5013, 37.8322, 45.187, 38.5435, 46.1251, 46.147, 42.8636, 49.0339, 34.0685, 44.016, 42.3098, 33.8963, 37.6756, 42.0881, 41.9571, 55.4725, 34.5561, 44.2548, 39.1506, 39.0684, 46.4291, 41.6099, 33.0037, 43.5001, 34.5824, 35.9946, 46.0487, 51.2077, 44.198, 40.5655, 49.1249, 43.3694, 39.4006, 46.9288, 44.9641, 31.1842, 47.8843, 45.4344, 45.7316, 47.0765, 42.6877, 41.8337, 42.3034};