name="jSO CEC17";
dim=100;
bound=1;
testID=23;
(*--------*)
min=528.76;
max=593.397;
median=563.593;
mean=563.601823529412;
std=13.51352574379593;
(*--------*)
data={565.88, 528.76, 576.156, 551.687, 574.713, 558.185, 558.051, 563.833, 545.464, 574.1, 552.687, 555.336, 581.953, 551.94, 544.078, 570.325, 570.388, 579.216, 544.877, 564.671, 556.113, 581.195, 567.242, 556.843, 579.323, 556.136, 593.397, 555.038, 551.266, 563.291, 589.668, 580.293, 569.425, 559.365, 549.979, 563.593, 575.147, 558.817, 584.162, 566.554, 571.826, 560.975, 568.656, 576.851, 570.629, 550.789, 547.667, 550.886, 546.253, 550.389, 579.625};