name="jSO CEC17";
dim=100;
bound=2;
testID=28;
(*--------*)
min=478.186;
max=571.166;
median=521.669;
mean=525.5940784313726;
std=26.39261563001526;
(*--------*)
data={520.071, 564.228, 538.008, 521.669, 521.669, 490.04, 478.186, 543.409, 488.515, 521.669, 543.408, 571.166, 548.329, 520.071, 564.228, 547.1, 543.409, 543.41, 534.983, 492.616, 543.452, 569.556, 543.413, 478.957, 548.42, 543.409, 520.071, 518.643, 570.744, 543.409, 495.752, 538.138, 543.408, 497.837, 543.413, 499.082, 478.186, 521.669, 518.437, 537.699, 540.167, 518.451, 497.527, 543.409, 556.542, 498.355, 485.231, 518.643, 484.407, 520.071, 492.616};