name="jSO CEC17";
dim=100;
bound=3;
testID=13;
(*--------*)
min=83.3867;
max=240.046;
median=153.98;
mean=152.54067647058824;
std=33.36248261541451;
(*--------*)
data={105.795, 240.046, 161.508, 135.68, 154.397, 171.457, 219.331, 119.183, 180.62, 161.518, 142.055, 176.572, 175.042, 121.587, 182.216, 100.838, 181.793, 130.919, 83.3867, 172.751, 109.388, 118.966, 160.348, 130.431, 125.062, 144.856, 155.349, 148.977, 167.663, 156.715, 144.031, 134.274, 147.363, 163.531, 135.565, 194.585, 145.833, 138.225, 109.63, 209.896, 140.694, 173.796, 190.816, 207.643, 193.691, 105.156, 171.381, 127.63, 165.209, 153.98, 92.1958};