name="jSO CEC17";
dim=100;
bound=2;
testID=7;
(*--------*)
min=131.414;
max=167.888;
median=144.958;
mean=145.2726666666667;
std=6.897021718587427;
(*--------*)
data={134.031, 141.798, 141.17, 151.525, 140.024, 150.78, 149.056, 135.59, 140.286, 144.708, 144.726, 138.929, 149.906, 150.094, 141.048, 147.255, 146.374, 143.814, 153.385, 137.718, 135.765, 140.196, 152.551, 148.19, 142.921, 144.958, 159.912, 144.969, 151.194, 144.458, 145.251, 141.742, 131.414, 141.671, 140.545, 147.734, 139.316, 149.189, 152.35, 138.203, 147.734, 151.743, 136.213, 167.888, 148.183, 148.228, 151.757, 135.296, 142.167, 155.289, 149.662};