name="jSO CEC17";
dim=100;
bound=2;
testID=26;
(*--------*)
min=2901.76;
max=3343.88;
median=3134.74;
mean=3144.23705882353;
std=107.16012792627896;
(*--------*)
data={3035.93, 3010.74, 3144.36, 3264.85, 3015.2, 3179.06, 2943.07, 3236.77, 3343.88, 3095.28, 3276.58, 3054.73, 2962.71, 3270.2, 3130.93, 3298.59, 3072.01, 3121.09, 3152.13, 3189.04, 3109, 3238.76, 3137.82, 3107.18, 3270.09, 3001.08, 3210.73, 3245.88, 3069.86, 3206.63, 3268.14, 3276.21, 3317.06, 3106.96, 3192.44, 3207.53, 3187.5, 3090.39, 3047.35, 3068.56, 2901.76, 3064.75, 3082.41, 3036.56, 3332.18, 3184.17, 3134.74, 3001.38, 3104.72, 3251.16, 3105.94};