name="jSO CEC17";
dim=100;
bound=2;
testID=11;
(*--------*)
min=54.492;
max=159.465;
median=100.499;
mean=102.62907647058823;
std=26.621679496647754;
(*--------*)
data={87.6228, 106.23, 100.499, 88.3225, 85.3363, 60.7841, 94.5692, 73.3962, 115.184, 105.235, 155.486, 95.2852, 89.3154, 138.068, 84.3407, 54.492, 107.225, 68.6658, 96.7347, 133.325, 81.1506, 90.3105, 105.477, 128.119, 83.3458, 77.376, 106.49, 159.465, 88.5521, 97.275, 69.7332, 62.9648, 137.073, 148.018, 116.669, 138.068, 107.225, 114.468, 137.073, 118.443, 126.129, 115.184, 144.038, 63.4468, 84.3408, 104.24, 114.189, 80.361, 143.546, 76.8043, 74.3911};