name="jSO CEC17";
dim=100;
bound=3;
testID=4;
(*--------*)
min=0.0676366;
max=221.986;
median=144.586;
mean=121.11104687450978;
std=65.31204271793042;
(*--------*)
data={197.357, 170.678, 99.0831, 144.143, 218.396, 72.5395, 1.03267, 112.26, 181.895, 183.945, 78.2973, 185.963, 160.957, 194.509, 158.973, 155.756, 74.4279, 76.5156, 147.489, 153.167, 192.078, 144.586, 214.397, 73.5856, 71.2501, 78.2096, 84.025, 78.6179, 147.015, 164.104, 187.928, 153.04, 171.24, 1.59965, 147.774, 221.986, 179.864, 0.323974, 137.075, 154.491, 82.9718, 75.9708, 4.12224, 69.9536, 192.098, 75.4469, 173.002, 113.335, 17.6392, 0.0676366, 1.48232};