name="jSO CEC17";
dim=100;
bound=5;
testID=8;
(*--------*)
min=31.3451;
max=60.2014;
median=42.7254;
mean=43.528917647058826;
std=6.01912595999472;
(*--------*)
data={31.3451, 42.7186, 35.9944, 43.6366, 42.7254, 51.6412, 55.1015, 55.6107, 40.8833, 39.0773, 41.8309, 41.1718, 39.4802, 45.4098, 39.3595, 46.7295, 42.0691, 40.8686, 42.5889, 31.7503, 52.1381, 45.9168, 38.8735, 60.2014, 45.6778, 45.5209, 41.004, 44.5979, 46.8926, 37.9062, 47.6685, 47.3466, 51.8092, 46.5131, 42.1932, 44.3964, 37.9484, 44.5661, 43.9358, 35.455, 41.3973, 39.9445, 39.6026, 43.3139, 35.2845, 40.9377, 48.9538, 32.2391, 50.4569, 45.9011, 51.3892};