name="jSO CEC17";
dim=100;
bound=4;
testID=28;
(*--------*)
min=478.186;
max=576.861;
median=521.669;
mean=521.7574705882355;
std=27.100580079660986;
(*--------*)
data={550.856, 521.669, 572.381, 572.381, 523.669, 572.381, 521.669, 543.41, 550.856, 543.408, 485.119, 484.391, 521.669, 518.643, 550.863, 576.861, 518.742, 478.186, 478.636, 523.669, 518.643, 529.024, 523.669, 570.741, 524.245, 497.594, 520.071, 518.643, 518.742, 521.669, 572.381, 478.526, 484.953, 518.643, 492.614, 543.409, 502.525, 521.669, 518.643, 518.742, 497.595, 523.669, 485.054, 523.669, 524.245, 523.669, 482.382, 523.669, 524.245, 518.643, 478.186};