name="jSO CEC17";
dim=100;
bound=3;
testID=2;
(*--------*)
min=0;
max=138749;
median=1.78437*^-7;
mean=2733.8850354111123;
std=19426.904153631145;
(*--------*)
data={0, 4.90651*^-8, 4.85704*^-7, 138749, 0, 127.313, 6.00981*^-7, 0, 1.99591*^-6, 1.94454*^-6, 2.15232*^-7, 0.0000278834, 4.30282*^-8, 7.44696*^-7, 1.78437*^-7, 72.2865, 0, 0, 0.00011711, 309.596, 0, 4.36565*^-8, 4.81737*^-8, 40.535, 1.3827*^-6, 1.10357*^-8, 0, 5.78663*^-6, 52.8509, 0, 0, 0, 9.06458*^-7, 0.0000488185, 2.85685*^-8, 61.6782, 2.09394*^-7, 0, 0.0000275232, 0, 1.60954*^-6, 1.54237*^-7, 2.34857*^-8, 1.4175*^-8, 14.8769, 0, 0.0000287165, 3.57128*^-8, 5.38427*^-8, 0.0000393499, 0};