name="jSO CEC17";
dim=100;
bound=1;
testID=15;
(*--------*)
min=94.8428;
max=274.937;
median=169.787;
mean=169.1831921568627;
std=40.6074276703553;
(*--------*)
data={191.766, 194.576, 138.903, 180.191, 180.652, 192.793, 181.053, 149.99, 167.368, 129.67, 174.733, 162.469, 181.874, 94.8428, 193.636, 268.159, 124.331, 181.486, 105.868, 252.993, 207.358, 162.401, 133.397, 221.092, 100.468, 200.91, 143.871, 108.72, 274.937, 223.614, 144.929, 170.072, 200.184, 145.179, 210.172, 127.569, 102.2, 119.922, 169.787, 162.391, 198.995, 127.683, 158.563, 157.793, 135.852, 200.442, 156.76, 194.45, 183.888, 173.161, 164.229};