name="jSO CEC17";
dim=100;
bound=3;
testID=16;
(*--------*)
min=837.531;
max=2557.61;
median=2084.41;
mean=2017.3192352941182;
std=331.03146096983517;
(*--------*)
data={2305.12, 1644.16, 2537.72, 2184.9, 2197.56, 2081.26, 1630.15, 2321.04, 2203.39, 2175.56, 1894.82, 1706.04, 1964.68, 1727.26, 1982.23, 1900.48, 1590.08, 2163.57, 2173.13, 1906.01, 2106.79, 2399.62, 2491.02, 1339.57, 1804.03, 2386.91, 2152.37, 2164.94, 1949.16, 2449.01, 837.531, 2175.95, 2084.41, 1906.57, 1890.02, 1910.52, 2167.5, 1987.38, 2331.1, 2028.84, 1285.33, 2132.23, 1473.54, 2001.55, 1902.16, 2356.67, 1901.21, 2207.03, 2557.61, 2097.23, 2116.32};