name="jSO CEC17";
dim=100;
bound=2;
testID=21;
(*--------*)
min=260.795;
max=297.182;
median=275.967;
mean=276.9972941176471;
std=7.7871155565950545;
(*--------*)
data={270.234, 271.473, 278.648, 273.557, 278.836, 279.546, 285.545, 282.539, 271.711, 274.003, 271.237, 289.879, 278.597, 287.308, 277.732, 270.797, 280.072, 263.678, 267.46, 280.955, 272.23, 274.7, 269.793, 264.368, 297.182, 275.824, 276.776, 265.398, 275.331, 277.584, 282.308, 287.507, 272.637, 267.171, 291.615, 288.884, 273.622, 288.146, 286.212, 281.503, 260.795, 280.369, 266.845, 285.299, 282.183, 275.967, 276.334, 271.987, 275.043, 274.191, 275.251};