name="jSO CEC17";
dim=100;
bound=2;
testID=8;
(*--------*)
min=35.9162;
max=75.9523;
median=57.3683;
mean=57.01691568627452;
std=7.35806916540943;
(*--------*)
data={57.0228, 55.813, 48.3425, 62.3773, 63.4999, 68.7681, 58.8051, 62.3757, 52.6448, 64.0244, 66.5004, 57.145, 52.7714, 56.5677, 62.9713, 59.7156, 75.9523, 60.7086, 63.3006, 52.4753, 64.5801, 55.0251, 61.0585, 50.6202, 60.1802, 57.3683, 50.4691, 60.8255, 52.4897, 68.4058, 48.4777, 35.9162, 44.6836, 45.284, 54.4231, 53.2931, 49.8986, 60.2856, 57.7241, 58.3103, 59.293, 45.2157, 52.5994, 65.6748, 58.359, 53.4227, 52.7902, 68.9413, 49.7308, 59.7127, 51.0225};