name="jSO CEC17";
dim=100;
bound=0;
testID=26;
(*--------*)
min=3013.06;
max=3421.75;
median=3234.24;
mean=3238.5164705882353;
std=88.92950585319876;
(*--------*)
data={3171.77, 3201.73, 3116.84, 3239.05, 3184.73, 3193.13, 3258.2, 3159.8, 3234.24, 3254.85, 3310.23, 3331.47, 3354.12, 3288.78, 3135.67, 3214.96, 3184.74, 3281.71, 3347.64, 3377.81, 3129.04, 3315.97, 3240.85, 3313.27, 3330.86, 3311.45, 3329.83, 3206.91, 3155.87, 3212.66, 3266.03, 3239.54, 3286.88, 3233.92, 3200.69, 3216.7, 3331.59, 3013.06, 3235.5, 3200.07, 3350.31, 3084.02, 3213.91, 3421.75, 3408.9, 3230.45, 3216.45, 3319.5, 3089.81, 3068.18, 3148.9};