name="jSO CEC17";
dim=100;
bound=0;
testID=17;
(*--------*)
min=596.477;
max=1715.13;
median=1311.16;
mean=1262.4942941176469;
std=249.8376747463276;
(*--------*)
data={1324.52, 811.205, 1305.1, 1255.17, 1186.7, 1089.43, 1171.25, 1406.87, 1540.85, 1494.2, 1050.89, 1333.06, 1338.42, 1394.07, 1418.69, 964.958, 1377.18, 1095.69, 1438.25, 596.477, 1450.05, 1000.98, 1684.18, 918.379, 1539.67, 708.536, 1034.99, 1464.5, 1080.37, 1438.52, 1186.48, 1472.1, 1355.07, 1387.96, 1327.85, 1228.02, 1427.28, 951.712, 1519.83, 1311.16, 1423.46, 855.387, 1110.94, 1268.69, 1267.37, 1545.37, 1263.74, 1307.56, 886.915, 1715.13, 1662.03};