name="jSO CEC17";
dim=100;
bound=1;
testID=27;
(*--------*)
min=553.903;
max=640.018;
median=584.868;
mean=587.5142352941177;
std=20.83608046115031;
(*--------*)
data={595.294, 612.423, 640.018, 563.232, 585.857, 572.088, 594.388, 561.713, 553.903, 574.871, 589.366, 612.774, 574.49, 598.51, 573.937, 599.88, 564.83, 584.67, 559.236, 590.302, 622.279, 584.583, 598.875, 577.928, 608.852, 577.277, 571.93, 594.744, 607.98, 637.107, 566.705, 563.328, 584.43, 591.965, 603.889, 601.965, 611.299, 603.792, 589.86, 595.515, 584.868, 561.339, 560.302, 578.753, 568.648, 565.329, 615.792, 621.118, 576.982, 565.874, 568.136};