name="jSO CEC17";
dim=100;
bound=5;
testID=7;
(*--------*)
min=134.228;
max=161.79;
median=145.974;
mean=145.97254901960784;
std=7.151930769557895;
(*--------*)
data={142.218, 139.268, 148.112, 136.136, 155.097, 140.657, 161.674, 147.027, 138.819, 140.323, 152.486, 137.699, 143.713, 151.248, 145.113, 147.101, 135.288, 141.864, 140.681, 145.974, 154.193, 143.922, 154.974, 161.79, 143.959, 150.98, 150.437, 143.76, 135.114, 152.379, 142.794, 146.142, 134.426, 153.388, 149.48, 149.898, 151.45, 150.176, 158.425, 142.016, 139.514, 138.025, 155.057, 155.519, 138.521, 136.573, 142.683, 146.802, 147.643, 149.834, 134.228};