name="jSO CEC17";
dim=100;
bound=0;
testID=27;
(*--------*)
min=545.149;
max=650.737;
median=588.785;
mean=587.8275098039218;
std=22.88377941632243;
(*--------*)
data={575.275, 576.261, 580.756, 552.216, 564.721, 570.525, 576.959, 614.225, 592.165, 545.149, 604.453, 615.115, 612.861, 587.438, 583.439, 549.242, 611.966, 582.32, 600.403, 564.012, 606.023, 569.949, 580.73, 594.94, 549.638, 603.852, 601.815, 604.404, 619.997, 602.068, 586.025, 566.516, 561.866, 603.732, 598.304, 620.744, 570.616, 555.196, 577.504, 588.785, 588.808, 564.575, 609.039, 615.337, 592.333, 575.526, 650.737, 595.533, 615.704, 600.309, 549.097};