name="jSO CEC17";
dim=100;
bound=5;
testID=4;
(*--------*)
min=129.067;
max=224.099;
median=197.357;
mean=195.9044117647059;
std=18.76025360295161;
(*--------*)
data={192.069, 212.277, 212.277, 197.357, 197.357, 212.277, 197.357, 187.183, 192.068, 192.072, 183.297, 212.277, 192.07, 212.277, 192.07, 197.357, 192.068, 212.277, 192.069, 129.067, 167.805, 147.883, 197.357, 192.087, 224.099, 192.076, 212.277, 221.986, 197.357, 197.357, 219.016, 197.357, 218.396, 192.073, 212.277, 192.069, 197.357, 197.357, 197.357, 192.068, 210.922, 212.277, 135.438, 197.357, 212.277, 173.887, 192.073, 197.357, 192.089, 197.357, 197.357};