name="jSO CEC17";
dim=100;
bound=5;
testID=2;
(*--------*)
min=0;
max=683087;
median=3.56226*^-7;
mean=13420.874030965713;
std=95647.5502627793;
(*--------*)
data={683087, 73.9693, 959.438, 60.1152, 4.25356*^-6, 0, 3.09322*^-6, 1.06221*^-7, 0, 2.70406*^-7, 0.0000189066, 0, 0.0000174672, 5.75121*^-8, 1.38203*^-7, 3.64791*^-6, 3.21723*^-8, 3.30029*^-6, 9.80454*^-8, 31.9272, 1.68715*^-6, 1.41497*^-6, 3.76989*^-6, 1.19033*^-6, 0.0000134247, 4.13257*^-6, 0.000477784, 124.566, 2.69594*^-7, 0, 0, 1.52502*^-8, 4.95201*^-8, 0.0000125033, 99.583, 3.57359*^-8, 4.1254*^-7, 1.16989*^-8, 0, 0, 4.80704*^-8, 9.82499*^-6, 8.90051*^-7, 0, 0, 27.9763, 3.56226*^-7, 5.94785*^-8, 0, 0, 0};