name="jSO CEC17";
dim=100;
bound=0;
testID=5;
(*--------*)
min=30.8021;
max=53.2207;
median=41.7832;
mean=42.3417549019608;
std=6.175968682670394;
(*--------*)
data={49.7775, 43.7209, 50.9921, 46.9629, 45.24, 31.6473, 38.4344, 31.9706, 40.5032, 41.0086, 46.2692, 48.0143, 37.5825, 51.0223, 38.3009, 46.8222, 37.5633, 41.0234, 48.983, 39.1426, 39.9135, 37.4563, 52.0733, 49.9779, 38.8924, 45.0052, 43.2333, 44.9807, 35.1156, 37.2415, 53.2207, 42.7513, 37.1873, 39.7452, 32.4662, 30.9208, 52.7922, 45.8908, 30.8021, 44.3492, 50.228, 36.4035, 47.1877, 47.0252, 38.186, 50.8152, 39.6877, 41.7832, 34.7419, 45.2218, 39.1526};