name="jSO CEC17";
dim=100;
bound=0;
testID=7;
(*--------*)
min=132.146;
max=161.219;
median=146.299;
mean=146.03664705882346;
std=7.2537193847667645;
(*--------*)
data={147.588, 140.462, 140.244, 151.989, 147.069, 142.019, 152.432, 146.299, 144.231, 150.572, 151.397, 159.689, 134.937, 142.08, 147.425, 141.354, 138.729, 142.977, 146.278, 143.59, 159.288, 159.466, 134.144, 150.268, 148.726, 153.279, 161.219, 137.708, 133.566, 141.429, 160.503, 132.146, 132.96, 146.519, 149.853, 139.24, 151.051, 147.279, 151.481, 143.793, 153.396, 149.744, 144.846, 146.449, 146.003, 141.084, 137.688, 141.3, 147.048, 153.038, 141.994};