name="jSO CEC17";
dim=100;
bound=1;
testID=17;
(*--------*)
min=844.787;
max=1745.16;
median=1276.84;
mean=1303.1326274509806;
std=218.25811769581085;
(*--------*)
data={1214.61, 1002.94, 1396.98, 1027.14, 1026.76, 1127.09, 1339.69, 1321.33, 1057.46, 1259.88, 1455.71, 1242.38, 1434.52, 1402.63, 1517.74, 1127.47, 1481.86, 1543.11, 1119.92, 1068.72, 1745.16, 1489.54, 997.205, 1306.22, 1392.35, 1252.49, 1033.5, 844.787, 1276.84, 1729.59, 1122.88, 1574.06, 1403.22, 930.652, 1307.34, 1537.13, 1266.74, 1269.3, 1253.43, 1314.12, 1684.97, 1115.25, 1321.41, 1653.7, 1539.65, 1664.26, 1271.73, 1498.16, 1268.12, 1145.51, 1082.51};