name="EBOwithCMAR CEC17";
dim=10;
bound=4;
testID=15;
(*--------*)
min=0.000074545221;
max=0.49995093;
median=0.10177629;
mean=0.1876872138690392;
std=0.1991820421557263;
(*--------*)
data={0.0036507155, 0.49995093, 0.11274683, 0.040572052, 0.49926729, 0.47722474, 0.067379722, 0.002115768, 0.0063449271, 0.0025548491, 0.022267889, 0.0004448231, 0.19933952, 0.2124561, 0.49993611, 0.20839902, 0.039221465, 0.49823432, 0.48723695, 0.43554555, 0.081826509, 0.0011921328, 0.075564164, 0.49109738, 0.12279551, 0.000074545221, 0.0016346593, 0.10177629, 0.25737323, 0.0043134183, 0.24057341, 0.49974183, 0.20195756, 0.47984466, 0.099299023, 0.00072824833, 0.45752168, 0.12088109, 0.49917373, 0.23227034, 0.0016496651, 0.49957299, 0.0019447363, 0.007742669, 0.49487379, 0.0084627832, 0.073143898, 0.12009758, 0.02777016, 0.00057631597, 0.051684339};