name="EBOwithCMAR CEC17";
dim=10;
bound=4;
testID=14;
(*--------*)
min=0.;
max=0.037823341;
median=0.00098541721;
mean=0.006895335676043139;
std=0.011159152557748813;
(*--------*)
data={0.032955571, 0.00098414675, 0.037823341, 0.0014253718, 0.016629799, 0.032940382, 0.015257862, 0., 0.00098492331, 0., 0.0034758603, 0., 0.0030346686, 0.016625916, 0., 0., 0., 0.020797759, 0., 0.00098541721, 0.0076110828, 0.0011062043, 0., 0.0030346702, 0.0009861889, 0., 0.00098569145, 0., 0.0030340861, 0., 1.1515162*^-6, 0.00063780995, 0.00098600898, 0., 0., 0.016663612, 0.032955843, 0.036697536, 0.000029014812, 0.016627456, 0.016627457, 0., 0., 0.0064999365, 0., 0.003030519, 0., 0., 0.020226833, 0., 0.};