name="EBOwithCMAR CEC17";
dim=10;
bound=5;
testID=19;
(*--------*)
min=3.0823753*^-7;
max=0.039776513;
median=0.019914277;
mean=0.020536423581012354;
std=0.010971660224358836;
(*--------*)
data={6.278294*^-6, 0.002898496, 0.039776513, 0.024949823, 0.03003048, 0.019748268, 0.019914277, 0.029451385, 0.020261502, 0.019802897, 0.019893187, 0.013939079, 0.021342902, 0.039185331, 0.03170157, 0.019865231, 5.0335921*^-6, 0.021613172, 0.000013738018, 0.023572274, 0.039237142, 0.039418376, 0.019857947, 0.015487293, 0.011613677, 0.020334693, 0.039224571, 0.020388599, 0.020807355, 0.019739564, 0.019730677, 0.00037212452, 3.0823753*^-7, 0.039245816, 0.020521516, 0.019743464, 0.00020983397, 0.020839762, 0.019748075, 0.019807686, 0.020143055, 0.028885108, 0.019503703, 0.018954601, 0.030800115, 0.030461032, 0.020204002, 0.005159765, 0.019734992, 0.019539218, 0.029672095};