name="EBOwithCMAR CEC17";
dim=10;
bound=4;
testID=7;
(*--------*)
min=10.366921;
max=11.327205;
median=10.530307;
mean=10.609443941176465;
std=0.21449991275964772;
(*--------*)
data={10.677672, 11.327205, 10.503304, 10.366921, 10.658451, 10.808753, 10.46134, 10.366921, 10.658451, 10.652029, 10.882831, 10.96278, 10.503304, 10.67237, 10.503304, 10.46134, 10.435888, 10.75287, 10.597723, 10.503304, 10.793335, 10.728889, 10.366921, 10.652029, 10.435888, 10.366921, 10.435888, 11.174483, 10.46134, 10.597723, 10.46134, 10.46134, 10.75287, 10.835756, 10.366921, 10.530307, 10.808753, 10.366921, 10.766789, 10.597723, 10.530307, 10.794845, 10.794834, 10.86717, 10.46134, 10.366921, 10.46134, 10.366921, 10.821837, 10.46134, 10.435888};