name="EBOwithCMAR CEC17";
dim=10;
bound=3;
testID=29;
(*--------*)
min=227.18204;
max=249.47873;
median=232.26273;
mean=234.32065235294127;
std=5.4518119388418365;
(*--------*)
data={230.56155, 229.95564, 231.80424, 228.97392, 231.12175, 233.83038, 235.98515, 233.91544, 231.30469, 230.16631, 229.46556, 230.80558, 235.31474, 231.88795, 230.27415, 248.39185, 228.52644, 232.44894, 232.26273, 235.67575, 231.9826, 234.21484, 247.85819, 230.10314, 229.39325, 231.51801, 241.17, 233.70189, 227.18204, 237.30535, 235.16848, 234.48799, 232.01862, 232.11866, 230.02041, 247.56816, 228.52546, 232.92579, 237.19139, 235.86299, 236.63318, 233.52554, 236.42753, 231.73691, 249.47873, 231.59837, 242.65702, 238.06093, 245.29029, 230.43692, 231.51783};