name="EBOwithCMAR CEC17";
dim=10;
bound=0;
testID=27;
(*--------*)
min=389.51799;
max=395.98477;
median=390.7519;
mean=391.816611372549;
std=2.428714698722779;
(*--------*)
data={389.51799, 394.22979, 389.51799, 390.7519, 389.51799, 390.7519, 389.51799, 389.51799, 394.22979, 389.51799, 389.51799, 389.51799, 394.22979, 394.22979, 394.22979, 389.51799, 389.51799, 393.81876, 389.51799, 395.07456, 389.51799, 394.22979, 389.51799, 395.07456, 389.51799, 389.51799, 395.07456, 394.22979, 390.7519, 393.81876, 389.51799, 394.22979, 395.98477, 389.95494, 390.7519, 390.7519, 394.22979, 394.22979, 389.51799, 389.51799, 395.07456, 389.95494, 389.51799, 389.51799, 394.22979, 395.07456, 389.51799, 395.98477, 393.81876, 393.81876, 389.95494};