name="EBOwithCMAR CEC17";
dim=10;
bound=5;
testID=17;
(*--------*)
min=0.000034827813;
max=0.64416032;
median=0.051357271;
mean=0.15657309131986272;
std=0.16472582209528727;
(*--------*)
data={0.031576119, 0.36151315, 0.34615509, 0.37033269, 0.03990581, 0.1385555, 0.64416032, 0.065550426, 0.019733317, 0.035328142, 0.019730584, 0.028299615, 0.025736826, 0.38759492, 0.014981882, 0.087907604, 0.17401644, 0.019735524, 0.019749624, 0.070482266, 0.019732235, 0.020068933, 0.048434208, 0.33190264, 0.023019421, 0.019733432, 0.019741992, 0.27191689, 0.31233182, 0.049324137, 0.019731767, 0.33192897, 0.036446701, 0.37068948, 0.36151583, 0.12437843, 0.34239298, 0.31224357, 0.12174807, 0.019750381, 0.019766905, 0.000034827813, 0.019734041, 0.36245481, 0.3326625, 0.44765929, 0.33191654, 0.051357271, 0.0099249495, 0.019732307, 0.33190648};