name="EBOwithCMAR CEC17";
dim=10;
bound=1;
testID=13;
(*--------*)
min=0.;
max=9.0565726;
median=4.8371369;
mean=3.321919707294118;
std=2.6140823277909577;
(*--------*)
data={4.8371369, 4.8371369, 4.8375387, 4.8688089, 0., 2.3803833, 4.8371369, 4.8371369, 9.0565726, 0.031124489, 4.8371369, 0., 0., 0., 4.8371369, 4.8371369, 0., 8.0496784, 4.8371369, 4.8686386, 4.868809, 0., 4.8371369, 4.8371369, 0., 4.8371369, 5.0446107, 0., 4.8371369, 4.8371369, 0.029936685, 4.8688075, 0.20250439, 4.8371369, 4.8688104, 0., 0.031673477, 4.8371369, 0., 0.2718441, 4.8371369, 4.8371369, 4.8371369, 0., 4.8371369, 0.11319373, 4.8688105, 0.037287001, 4.8371369, 5.3941253, 7.9820093};