name="EBOwithCMAR CEC17";
dim=10;
bound=0;
testID=10;
(*--------*)
min=0.31227221;
max=143.55298;
median=10.244882;
mean=29.720251173333327;
std=46.00574263688787;
(*--------*)
data={122.49305, 10.182428, 6.8923758, 15.244486, 122.16557, 130.7827, 6.8299214, 143.55298, 12.57157, 15.50069, 35.176303, 3.7272329, 0.49963553, 10.244882, 15.244486, 15.369395, 3.602324, 7.0797391, 6.9548303, 15.057123, 10.244882, 125.72064, 7.0797391, 6.7674669, 3.7272329, 122.04066, 0.31227221, 6.8923758, 3.602324, 11.954434, 10.182428, 3.602324, 125.7831, 6.8923758, 3.6647785, 11.704616, 3.7896873, 118.81306, 6.8299214, 12.079343, 133.55791, 3.6647785, 3.7272329, 3.7272329, 15.119577, 10.307337, 11.829525, 3.7272329, 7.0172847, 10.244882, 11.954434};