name="EBOwithCMAR CEC17";
dim=10;
bound=2;
testID=30;
(*--------*)
min=394.50077;
max=544.22161;
median=407.43556;
mean=414.6047745098039;
std=35.429336183350735;
(*--------*)
data={394.50172, 394.61798, 407.44906, 394.50077, 407.45386, 407.43556, 394.51484, 410.52996, 442.65984, 394.51734, 544.22161, 394.50077, 544.22161, 394.5178, 407.48718, 516.78857, 407.46071, 394.53349, 394.51431, 464.28664, 394.51484, 394.51415, 394.51452, 394.51415, 407.46651, 394.50077, 394.5738, 394.5017, 407.48654, 394.50077, 394.51485, 407.46816, 443.03218, 394.50077, 442.65984, 407.48717, 394.66512, 442.66083, 440.94266, 407.45406, 394.50078, 407.4674, 407.46071, 394.50077, 394.50077, 407.43556, 407.45403, 442.65984, 442.65984, 394.50077, 394.51602};