name="EBOwithCMAR CEC17";
dim=10;
bound=4;
testID=26;
(*--------*)
min=200.;
max=300.;
median=300.;
mean=276.47058823529414;
std=42.84033283772501;
(*--------*)
data={300., 300., 300., 300., 200., 300., 300., 300., 200., 300., 200., 300., 300., 300., 200., 300., 300., 300., 300., 200., 300., 300., 300., 300., 300., 300., 300., 300., 200., 200., 300., 200., 300., 200., 300., 200., 300., 300., 300., 300., 300., 300., 300., 300., 300., 200., 300., 300., 300., 300., 200.};