name="EBOwithCMAR CEC17";
dim=10;
bound=2;
testID=16;
(*--------*)
min=0.032114763;
max=0.76715952;
median=0.49266145;
mean=0.4697070843333333;
std=0.17267465857009442;
(*--------*)
data={0.31430802, 0.033100437, 0.14647099, 0.50470892, 0.48878265, 0.65248281, 0.56464491, 0.4237922, 0.593553, 0.72213281, 0.49249579, 0.38951737, 0.032114763, 0.47641225, 0.46098997, 0.49498725, 0.49982885, 0.57262526, 0.61769995, 0.51846308, 0.61329784, 0.38705627, 0.40289869, 0.36559197, 0.46939001, 0.49022854, 0.7062478, 0.49839349, 0.51914471, 0.50708414, 0.54006605, 0.29978367, 0.43936026, 0.63918951, 0.49695673, 0.50189185, 0.74664717, 0.69455376, 0.76715952, 0.48779054, 0.49266145, 0.46404017, 0.41838064, 0.40472078, 0.68776007, 0.51969308, 0.53265416, 0.46983074, 0.24929786, 0.079924781, 0.06425377};