name="EBOwithCMAR CEC17";
dim=10;
bound=5;
testID=18;
(*--------*)
min=0.0046724432;
max=1.494959;
median=0.4268636;
mean=0.3912966326980392;
std=0.28133001011587083;
(*--------*)
data={1.494959, 0.48812906, 0.49993971, 0.0050967634, 0.49405674, 1.475904, 0.42809419, 0.49999999, 0.38877343, 0.37474794, 0.34797352, 0.022688898, 0.5, 0.16872125, 0.026355569, 0.49949777, 0.41273429, 0.36205355, 0.47054509, 0.49469942, 0.49531584, 0.41494554, 0.27697086, 0.30054875, 0.25990539, 0.027289452, 0.47627822, 0.12489175, 0.48175232, 0.4268636, 0.46366569, 0.49998324, 0.27744348, 0.3449909, 0.21298917, 0.49941151, 0.37227367, 0.46781, 0.49999896, 0.49974943, 0.016665206, 0.47922843, 0.24384154, 0.005392956, 0.0046724432, 0.30949806, 0.49994443, 0.4990862, 0.49878352, 0.05236835, 0.46859918};