name="EBOwithCMAR CEC17";
dim=10;
bound=0;
testID=19;
(*--------*)
min=1.824028*^-7;
max=0.12460909;
median=0.01982681;
mean=0.020851868016666664;
std=0.01832220957584753;
(*--------*)
data={0.019897162, 0.019545742, 0.019846772, 0.022110499, 0.025972275, 0.000051789307, 0.039208597, 1.824028*^-7, 0.019735081, 0.0020251615, 0.020343318, 0.013421179, 0.019763735, 0.033683485, 0.019747129, 0.019976681, 0.019729539, 3.6013569*^-6, 0.019731177, 0.039162067, 0.019577796, 0.020254864, 0.039331818, 0.019473692, 0.010972138, 0.019730285, 0.012484146, 0.039185821, 5.3357301*^-6, 0.019734297, 0.0043808467, 2.4868532*^-6, 0.029502296, 0.020456747, 0.021570984, 0.0026268537, 0.025673647, 0.039183647, 0.013998569, 0.0001184673, 0.021964338, 0.020331351, 0.01982681, 0.020366071, 0.030056581, 0.019979556, 0.12460909, 0.016706204, 0.011784385, 0.022076807, 0.023524166};