name="EBOwithCMAR CEC17";
dim=10;
bound=5;
testID=30;
(*--------*)
min=394.50077;
max=516.45673;
median=394.51484;
mean=405.8008237254902;
std=23.119183125829423;
(*--------*)
data={443.12643, 394.50077, 407.44904, 394.50077, 407.471, 407.45836, 394.51415, 394.51484, 394.50077, 407.44904, 394.52888, 394.50077, 442.85604, 394.66512, 407.43556, 394.51415, 442.65984, 464.19732, 394.51415, 394.50077, 394.50077, 394.50375, 394.66512, 394.50077, 394.50077, 394.5017, 394.50077, 394.50077, 394.70794, 394.50077, 394.50077, 394.51415, 394.5017, 407.44904, 442.65984, 407.44904, 407.46071, 394.53349, 394.50077, 394.50077, 394.51484, 394.51484, 407.46071, 407.45836, 407.44905, 394.50077, 394.50077, 516.45673, 394.50077, 394.51415, 442.65984};