name="EBOwithCMAR CEC17";
dim=10;
bound=2;
testID=29;
(*--------*)
min=226.6532;
max=248.06782;
median=233.67353;
mean=233.97704176470592;
std=4.160600278734647;
(*--------*)
data={233.11944, 245.55397, 230.39565, 235.7913, 235.71376, 232.30098, 227.97326, 234.71578, 234.01588, 233.19599, 241.32679, 226.6532, 233.92599, 230.62605, 231.33794, 227.78481, 233.74577, 235.52702, 231.39934, 236.66677, 233.38287, 230.27878, 233.66873, 235.23375, 248.06782, 235.51292, 233.67353, 234.47681, 229.52021, 232.19981, 234.35175, 235.53887, 232.56822, 232.40165, 238.61858, 237.43523, 238.33282, 230.21123, 233.18743, 232.58184, 227.56319, 230.81709, 240.58276, 239.19555, 230.80561, 229.87117, 230.38432, 234.08502, 234.36248, 234.64925, 237.50015};