name="EBOwithCMAR CEC17";
dim=10;
bound=4;
testID=18;
(*--------*)
min=0.00139485;
max=1.0003868;
median=0.46091123;
mean=0.3751499328999998;
std=0.20141807582730487;
(*--------*)
data={0.062894687, 0.49801404, 0.5, 0.38825714, 0.49999817, 0.16397714, 0.49393662, 0.48078595, 0.4998543, 0.49893203, 0.39841175, 0.0092058799, 0.47303643, 0.085501213, 0.4945456, 0.49637978, 1.0003868, 0.052775936, 0.0027665138, 0.18685311, 0.43518979, 0.11631712, 0.011404082, 0.37342456, 0.40732405, 0.49959544, 0.41865668, 0.49919271, 0.49999995, 0.49954292, 0.3369276, 0.5, 0.49790661, 0.44008258, 0.49999499, 0.49991916, 0.46091123, 0.49724783, 0.49999314, 0.41318006, 0.067581585, 0.0047641312, 0.16477772, 0.43753499, 0.00139485, 0.49997383, 0.35603424, 0.49999702, 0.49999996, 0.40726617, 0.49999849};