name="EBOwithCMAR CEC17";
dim=10;
bound=5;
testID=13;
(*--------*)
min=0.;
max=5.0391991;
median=4.8371369;
mean=2.902701252862745;
std=2.352333768567143;
(*--------*)
data={4.8688079, 0., 4.8371369, 4.8371369, 0., 4.8371369, 0., 0.038091896, 0., 4.8371369, 4.8371369, 4.9403792, 4.9460209, 4.8371369, 0., 4.8688093, 0., 2.1571716, 4.8371369, 4.9412121, 0., 0., 0., 4.8371369, 4.9839087, 4.8371369, 4.8371369, 0., 4.8371369, 4.8371369, 0., 4.8371369, 5.0020996, 0., 4.8371369, 1.2161039, 5.0391991, 4.8371369, 0., 4.9324843, 5.0208263, 4.8688024, 4.8371369, 4.8371369, 3.1453825, 4.8371369, 0., 0., 0., 0., 0.};