name="EBOwithCMAR CEC17";
dim=10;
bound=4;
testID=21;
(*--------*)
min=100.;
max=203.21044;
median=100.;
mean=122.21166509803922;
std=42.30713945236367;
(*--------*)
data={100., 100., 100., 100., 100., 100., 100., 103.01548, 100., 201.71317, 201.95692, 100., 100., 100., 100., 100., 100., 100., 100., 202.02666, 201.95692, 102.63831, 203.21044, 102.11171, 200., 100., 100., 100., 100., 100., 100., 100., 201.71317, 202.74977, 201.95692, 100., 100., 203.0148, 202.57996, 100., 100., 100., 100., 100., 100., 100., 100., 100., 100., 100., 102.15069};