name="EBOwithCMAR CEC17";
dim=10;
bound=0;
testID=15;
(*--------*)
min=0.000014638834;
max=0.4999954;
median=0.048864328;
mean=0.17285271014954903;
std=0.21030426096431135;
(*--------*)
data={0.17144238, 0.0078939416, 0.35325819, 0.21512603, 0.48103105, 0.048864328, 0.0035502051, 0.0062174621, 0.49878394, 0.49992294, 0.49998079, 0.07484989, 0.083930757, 0.0092846063, 0.000014638834, 0.052252036, 0.063514462, 0.0018190123, 0.035483344, 0.49400488, 0.058862474, 0.49387013, 0.018119143, 0.000058764105, 0.0013648232, 0.0025187848, 0.035056464, 0.17413706, 0.00057856735, 0.49984451, 0.499956, 0.068223615, 0.0012095384, 0.031798706, 0.020222488, 0.012768467, 0.49995871, 0.008096252, 0.45814555, 0.4999954, 0.24217447, 0.47989024, 0.49998648, 0.010219176, 0.0030363417, 0.042226639, 0.030148812, 0.000023643638, 0.019429179, 0.0023497062, 0.4999932};