name="EBOwithCMAR CEC17";
dim=10;
bound=5;
testID=10;
(*--------*)
min=0.43718109;
max=221.61918;
median=18.659447;
mean=54.213153497843145;
std=59.411078754508985;
(*--------*)
data={121.9782, 6.9548303, 3.5398696, 6.9548303, 122.43059, 134.0103, 125.39316, 18.659447, 122.16557, 28.783563, 18.409629, 21.762135, 125.72064, 0.43718109, 221.61918, 11.954434, 25.243694, 15.369395, 125.45562, 23.409233, 3.5398696, 7.0172847, 130.33031, 122.49305, 7.0172847, 6.8923758, 3.6647785, 27.126088, 3.6647785, 12.016889, 122.30568, 7.0172847, 122.04066, 118.81306, 125.45562, 10.307337, 18.596992, 122.10311, 24.993876, 3.7896873, 3.4774151, 3.7896873, 15.244486, 136.97287, 3.7272329, 10.119973, 23.731404, 11.954434, 122.22802, 140.71531, 13.472479};