name="EBOwithCMAR CEC17";
dim=10;
bound=0;
testID=25;
(*--------*)
min=397.74287;
max=443.36511;
median=398.00899;
mean=412.31161803921543;
std=21.192682183482304;
(*--------*)
data={443.32995, 398.00899, 443.34591, 398.00899, 443.33391, 397.74287, 397.74287, 399.58497, 398.18839, 399.58497, 397.74287, 397.74287, 397.74287, 398.00899, 397.74287, 398.64643, 443.36511, 443.32995, 398.00899, 397.74287, 398.00899, 397.74287, 397.74287, 443.32995, 443.32995, 443.32995, 398.00899, 443.33391, 443.33391, 399.58497, 397.74287, 397.74287, 397.74287, 397.74287, 398.00899, 397.74287, 398.00899, 443.33391, 443.34227, 397.74287, 398.00899, 397.74287, 399.58497, 398.00899, 398.00899, 443.34591, 443.32995, 443.33391, 399.58497, 443.35672, 397.74287};