name="EBOwithCMAR CEC17";
dim=10;
bound=5;
testID=27;
(*--------*)
min=389.51799;
max=395.07456;
median=390.7519;
mean=391.91624941176485;
std=2.3323555623441408;
(*--------*)
data={394.22979, 394.22979, 390.7519, 389.51799, 395.07456, 394.22979, 389.51799, 390.7519, 393.81876, 393.81876, 389.51799, 389.95494, 389.51799, 389.51799, 393.81876, 390.7519, 394.22979, 389.51799, 394.22979, 394.22979, 395.07456, 395.07456, 389.51799, 395.07456, 390.7519, 389.51799, 389.51799, 389.51799, 393.81876, 389.95494, 394.22979, 395.07456, 390.7519, 395.07456, 390.7519, 389.51799, 389.51799, 389.51799, 394.22979, 395.07456, 390.7519, 389.51799, 394.22979, 393.81876, 389.51799, 389.51799, 389.51799, 394.22979, 389.51799, 394.36316, 389.95494};