name="EBOwithCMAR CEC17";
dim=10;
bound=2;
testID=13;
(*--------*)
min=0.;
max=7.9509562;
median=4.8371369;
mean=2.7815786242549025;
std=2.7315915783304017;
(*--------*)
data={0., 4.8614973, 0., 4.8371369, 0., 4.9816408, 4.8371369, 0., 0., 4.862865, 0., 4.9395749, 0., 4.8371369, 0., 4.8371369, 0., 4.8371369, 0., 0., 4.8371369, 4.8371369, 0.20555835, 0., 0., 7.9509562, 0.072459387, 5.0327116, 0., 4.8371369, 0., 4.8371369, 4.8371369, 4.8371369, 0., 5.2353712, 7.9509562, 4.8371369, 5.3941253, 5.027647, 0., 0., 4.8371369, 0., 0., 4.8371369, 4.8371369, 0., 7.9509562, 0., 4.8371369};