name="EBOwithCMAR CEC17";
dim=10;
bound=1;
testID=7;
(*--------*)
min=10.366921;
max=11.348729;
median=10.658451;
mean=10.663581078431376;
std=0.2631933170722117;
(*--------*)
data={10.67237, 10.366921, 10.503304, 10.720997, 10.366921, 10.669017, 10.366921, 10.793335, 10.503304, 10.722482, 10.658451, 11.174372, 10.956679, 10.820296, 10.366921, 10.503304, 11.305527, 10.366921, 10.597723, 10.46134, 10.722482, 10.435888, 11.189594, 10.435888, 10.725877, 10.815415, 10.503304, 10.628063, 10.741337, 10.366921, 10.597723, 10.366921, 10.652029, 11.105404, 10.67237, 10.808753, 10.67237, 10.628063, 11.036628, 10.677672, 11.043627, 10.889253, 10.46134, 10.763436, 10.366921, 10.727418, 10.46134, 10.366921, 11.348729, 10.366921, 10.366921};