name="EBOwithCMAR CEC17";
dim=10;
bound=5;
testID=14;
(*--------*)
min=0.;
max=0.99495906;
median=0.00025586881;
mean=0.03440196208098039;
std=0.14139326636740274;
(*--------*)
data={0.99495906, 0., 0.10710604, 0.092713591, 0., 0., 0.01193793, 0., 0., 0.0030308697, 0., 0., 0.0076110161, 0., 0.061967548, 0., 0.010885701, 0., 0.010618772, 0., 0., 0., 0.007606053, 0.0030347046, 0.0010840152, 0., 0.0031942714, 0.00025586881, 0.060910858, 0., 0.0076110417, 0., 0.016627249, 0., 0.0030359586, 0., 0., 0.016627448, 0., 0.069016262, 0., 0.18191507, 0., 0., 0.00034695012, 0., 0.055401049, 0.0030351698, 0., 0.016356328, 0.0076112411};