name="EBOwithCMAR CEC17";
dim=10;
bound=1;
testID=23;
(*--------*)
min=300.;
max=304.91364;
median=300.00001;
mean=301.52390568627453;
std=1.7700973011755616;
(*--------*)
data={300., 304.83597, 302.88163, 300., 300., 302.57575, 300.00001, 303.8778, 303.97705, 300., 300., 300., 303.97705, 303.28959, 303.97705, 300., 300., 300., 300., 303.87988, 300., 300., 302.88163, 304.11073, 300., 302.88163, 300.00001, 300., 304.91364, 300., 300., 302.88163, 302.88163, 300., 302.88163, 303.00675, 300.00003, 300., 304.11073, 300., 300., 300., 303.21409, 300., 302.88163, 300., 303.11965, 300., 301.80037, 300., 302.88163};