name="EBOwithCMAR CEC17";
dim=10;
bound=0;
testID=18;
(*--------*)
min=0.0020248832;
max=20.443041;
median=0.4719286;
mean=1.1729129011784312;
std=3.9129439563487294;
(*--------*)
data={0.49728237, 0.47796087, 0.49831445, 20.443041, 0.49960826, 0.47446354, 0.30733367, 0.17471007, 0.19445986, 0.49998445, 0.49999997, 0.49742533, 0.4999986, 0.49999973, 0.0042780731, 0.38115524, 0.49917205, 0.0020248832, 0.24735322, 0.4088075, 0.33765609, 0.49994358, 0.43951874, 0.18971239, 0.997275, 0.39111073, 0.37979847, 1.4062987, 0.026261275, 0.49986164, 0.49768667, 0.49996394, 0.47598413, 0.045287479, 0.49999966, 0.39011964, 0.47815075, 0.0079710022, 20.182903, 0.49853418, 0.4719286, 0.3390586, 0.43362867, 0.0034873689, 0.45524757, 0.39046957, 0.032670157, 0.49987172, 0.0022935017, 0.34024027, 0.49825173};