name="EBOwithCMAR CEC17";
dim=10;
bound=5;
testID=15;
(*--------*)
min=0.00012163026;
max=0.49999996;
median=0.04420373;
mean=0.1819475659417647;
std=0.210777855925942;
(*--------*)
data={0.49995697, 0.0038672878, 0.42674723, 0.038685048, 0.04420373, 0.47519098, 0.032067468, 0.0058185845, 0.49998305, 0.44909432, 0.019193784, 0.18685016, 0.14581436, 0.051588781, 0.0051365757, 0.21658016, 0.007576082, 0.019203108, 0.0036750724, 0.037266072, 0.12825456, 0.49985812, 0.00012163026, 0.35831505, 0.24165236, 0.054537439, 0.022270651, 0.0055460067, 0.49979635, 0.49999702, 0.00058661958, 0.46598003, 0.0073810464, 0.49991634, 0.49913704, 0.0073207622, 0.49130142, 0.13658903, 0.0017908603, 0.48766871, 0.0010909894, 0.49999996, 0.0032550753, 0.0019714304, 0.019410443, 0.0033380822, 0.12238586, 0.040521348, 0.00021416789, 0.010623778, 0.49999486};