name="EBOwithCMAR CEC17";
dim=10;
bound=2;
testID=19;
(*--------*)
min=2.8710162*^-6;
max=0.039708931;
median=0.016366623;
mean=0.014007187018572552;
std=0.012139607109200623;
(*--------*)
data={0.013586105, 0.019731417, 8.6435145*^-6, 0.00066827068, 0.011297075, 0.010411565, 0.019918054, 0.000013316323, 0.029498924, 0.019733658, 0.020430705, 0.019930027, 0.0003747458, 0.016366623, 0.020636595, 0.020317298, 0.00042096912, 0.000060555867, 3.6065314*^-6, 0.0041602408, 0.039186349, 0.010383669, 0.019776953, 0.0031810248, 0.019771537, 0.021883236, 0.00076868926, 0.00076557292, 2.8710162*^-6, 0.039521882, 0.01996355, 0.020595568, 0.029594526, 0.019855944, 0.011097941, 0.00055806911, 0.039313272, 0.011544231, 0.00011025784, 0.00013039294, 0.039708931, 0.020388014, 0.0011707506, 0.020182633, 7.2088451*^-6, 0.021990134, 0.00047557998, 0.019741552, 0.005127376, 0.02022743, 0.029772998};