name="EBOwithCMAR CEC17";
dim=10;
bound=3;
testID=19;
(*--------*)
min=1.7347875*^-6;
max=0.12226483;
median=0.019558457;
mean=0.017302122155127452;
std=0.018186949469732584;
(*--------*)
data={0.019828004, 0.019449456, 0.000010997739, 0.001337169, 0.0068070667, 0.019941934, 0.0019274873, 0.000828875, 0.011272797, 0.00014559323, 0.019508959, 0.019821875, 0.12226483, 1.7347875*^-6, 0.01973341, 0.019952438, 0.00093099281, 0.01943663, 0.00049256594, 0.020117663, 0.019558457, 0.016371332, 0.021731339, 0.024798223, 0.019744243, 0.019738057, 0.000054043605, 0.021937691, 0.0014154243, 0.022156032, 0.019617341, 0.019577378, 0.021212167, 0.019729344, 0.00068477636, 0.00034789834, 0.020591096, 0.029430869, 0.012698045, 0.020198607, 0.011541529, 0.010344038, 0.039167102, 0.010387748, 0.043629134, 0.031900922, 0.019435076, 0.011160719, 0.0089858218, 0.019729919, 0.020723379};