name="EBOwithCMAR CEC17";
dim=10;
bound=1;
testID=29;
(*--------*)
min=226.21654;
max=243.68596;
median=232.87099;
mean=232.8828850980392;
std=3.6179419072845103;
(*--------*)
data={232.2192, 231.98715, 229.06261, 234.27942, 235.01055, 235.15191, 230.22865, 230.32105, 233.4264, 238.47768, 229.97396, 234.60228, 226.21654, 230.58689, 228.46668, 231.9598, 232.87099, 235.48397, 241.01342, 229.42843, 229.79272, 232.68168, 228.92502, 234.3569, 230.58779, 232.3589, 231.8307, 233.584, 229.76196, 230.02473, 240.89568, 230.97923, 227.77647, 228.46678, 227.79899, 235.62926, 234.80115, 233.53676, 233.11564, 231.90354, 234.22726, 233.9421, 232.93984, 238.74711, 243.68596, 234.34202, 239.14323, 229.28176, 234.25075, 233.83516, 233.05647};