name="EBOwithCMAR CEC17";
dim=10;
bound=4;
testID=13;
(*--------*)
min=0.;
max=5.3941253;
median=4.8371369;
mean=3.292611262745098;
std=2.2287506304661067;
(*--------*)
data={0., 4.8895229, 4.8371369, 5.0561995, 4.8371369, 4.8371369, 4.8371369, 5.0417042, 3.1138193, 5.0341213, 0., 0., 0., 4.8688099, 0., 5.2276783, 4.8371369, 4.8371369, 0., 2.0214707, 1.1894557, 4.8612579, 0., 4.8371369, 4.8371369, 3.1138193, 0., 4.8371369, 4.868788, 4.8376291, 4.8524072, 4.8371369, 0., 1.0264404, 0., 4.9826029, 5.0369641, 5.0381854, 5.3941253, 0., 4.8449605, 4.8687977, 5.0325006, 0., 4.8371369, 0., 4.8371369, 0., 4.8371369, 5.0019976, 4.8371369};