name="EBOwithCMAR CEC17";
dim=10;
bound=0;
testID=17;
(*--------*)
min=5.0521805*^-6;
max=0.6343;
median=0.049324063;
mean=0.14269210177279412;
std=0.16997304208133412;
(*--------*)
data={0.035052953, 0.020886262, 0.000023610732, 0.019729348, 0.036524485, 0.0099215026, 0.36150149, 0.0099451206, 0.019734365, 0.049324063, 0.33193669, 0.019731854, 0.049327554, 0.6343, 0.43354577, 0.019743307, 5.0521805*^-6, 0.019745409, 0.019768059, 0.019780466, 0.3319095, 0.019750495, 0.33193363, 0.12176591, 0.62435125, 0.10676351, 0.33190278, 0.33192196, 0.35204062, 0.019734686, 0.034539012, 0.12174724, 0.01975299, 0.33193187, 0.13064396, 0.019753274, 0.3319431, 0.019814193, 0.066874281, 0.12175671, 0.33191103, 0.0099204553, 0.37020767, 0.019745095, 0.019752598, 0.33190964, 0.080242722, 0.019794605, 0.068046086, 0.1246646, 0.019744357};