name="EBOwithCMAR CEC17";
dim=10;
bound=3;
testID=14;
(*--------*)
min=0.;
max=0.060911432;
median=0.0010827263;
mean=0.007560986073921569;
std=0.012662798198694673;
(*--------*)
data={0.0076111324, 0.0021927588, 0., 0.0076112114, 0.032957172, 0., 0., 0.0030347468, 0., 0.012843356, 0., 0., 0., 0.0056724245, 0.0030326443, 0.0030346623, 0., 0.004262576, 0., 0.022604895, 0.0017182912, 0.00098577514, 0., 0., 0.003072642, 0., 0., 0.00022978526, 0.01810991, 0., 0.032960008, 0.00098573441, 0.0010827263, 0.024684446, 0., 0.016622127, 0., 0., 0.0037597125, 0.003853025, 0., 0.032955574, 0.000230159, 0.00098619096, 0.018037766, 0., 0.032955448, 0.060911432, 0., 0.019001102, 0.0076108555};