name="EBOwithCMAR CEC17";
dim=10;
bound=4;
testID=27;
(*--------*)
min=389.51799;
max=395.98477;
median=393.81876;
mean=393.69997333333316;
std=1.563113325687769;
(*--------*)
data={394.22979, 391.62819, 393.81876, 394.22979, 389.51799, 393.81876, 393.81876, 393.81876, 393.81876, 394.22979, 393.81876, 390.7519, 395.07456, 393.81876, 394.36316, 393.81876, 389.51799, 394.22979, 395.98477, 393.81876, 393.81876, 394.22979, 394.22979, 394.22979, 394.40726, 393.81876, 393.81876, 395.07456, 393.81876, 393.81876, 393.81876, 394.22979, 395.98477, 395.07456, 395.07456, 389.51799, 395.07456, 394.22979, 390.59953, 394.22979, 393.81876, 389.51799, 393.81876, 393.81876, 395.07456, 395.07456, 393.81876, 393.81876, 393.81876, 393.81876, 395.07456};