name="EBOwithCMAR CEC17";
dim=10;
bound=1;
testID=24;
(*--------*)
min=100.;
max=330.50845;
median=100.;
mean=181.97290254901964;
std=105.08728250466505;
(*--------*)
data={100., 328.01101, 100., 200.48322, 100., 100., 200.95787, 329.54432, 100., 329.54432, 100., 100., 100., 201.74817, 330.24384, 329.54432, 100., 100., 329.54432, 100., 329.54432, 329.54432, 329.54432, 100., 329.54432, 100., 100., 100., 100., 100., 200.9694, 330.50845, 100., 100., 100., 100., 329.54432, 100., 100., 100., 100., 329.54432, 330.24384, 100., 100., 100., 100., 329.54432, 202.92039, 100., 329.54432};