name="EBOwithCMAR CEC17";
dim=10;
bound=5;
testID=16;
(*--------*)
min=0.047593669;
max=0.92548591;
median=0.45431998;
mean=0.437195164294118;
std=0.16410564477456907;
(*--------*)
data={0.4226868, 0.61237435, 0.54777907, 0.047593669, 0.45806693, 0.3792707, 0.45431998, 0.45894034, 0.66721418, 0.45169697, 0.26049508, 0.28011586, 0.60687402, 0.35067983, 0.23124204, 0.29275922, 0.10510889, 0.78563438, 0.4966694, 0.57833884, 0.27896309, 0.42766775, 0.21934703, 0.43883827, 0.51637183, 0.34361606, 0.49207035, 0.46186495, 0.65151392, 0.41828987, 0.51843738, 0.21245316, 0.34413756, 0.49266371, 0.65046129, 0.92548591, 0.49500444, 0.34585338, 0.53902787, 0.5174607, 0.19725672, 0.49539667, 0.46673278, 0.33674213, 0.43476731, 0.62173629, 0.4942342, 0.35927916, 0.21675105, 0.43399956, 0.46266844};