name="EBOwithCMAR CEC17";
dim=10;
bound=3;
testID=17;
(*--------*)
min=0.010716554;
max=0.80043081;
median=0.12440173;
mean=0.2075305388039216;
std=0.18349087432799024;
(*--------*)
data={0.3615092, 0.052773359, 0.33058905, 0.36150961, 0.022122479, 0.33215661, 0.33190861, 0.039852891, 0.38193255, 0.34272735, 0.049329949, 0.039852652, 0.12692522, 0.019730126, 0.80043081, 0.33190997, 0.33191245, 0.064512531, 0.12438061, 0.019749457, 0.12440173, 0.0524131, 0.054976483, 0.35593253, 0.010716554, 0.12175653, 0.33193594, 0.3520291, 0.019750184, 0.019730436, 0.070223282, 0.33998921, 0.065738422, 0.019740272, 0.33241191, 0.019753061, 0.12437468, 0.33191781, 0.33190563, 0.33194198, 0.43391562, 0.32620338, 0.33190324, 0.019735605, 0.078619289, 0.033643443, 0.35239187, 0.049324802, 0.046096602, 0.69417522, 0.34059408};