name="EBOwithCMAR CEC17";
dim=10;
bound=3;
testID=25;
(*--------*)
min=397.74287;
max=443.37224;
median=399.60999;
mean=418.49890372548987;
std=22.74789470706711;
(*--------*)
data={443.34227, 443.32995, 399.63027, 397.74287, 443.32995, 443.32995, 399.60999, 443.33391, 443.34591, 443.32995, 397.74287, 397.74287, 443.36511, 397.74287, 443.36511, 397.74287, 399.63027, 397.74287, 443.32995, 443.35672, 443.35672, 397.74287, 397.74287, 397.74287, 443.33391, 443.32995, 443.34227, 443.36511, 399.58497, 397.74287, 397.74287, 397.74287, 443.32995, 397.88618, 397.74287, 443.32995, 397.74287, 443.37224, 399.58497, 398.00899, 397.74287, 443.32995, 397.74287, 397.74287, 397.74287, 397.74287, 443.35672, 443.34591, 443.35672, 397.74287, 397.74287};