name="EBOwithCMAR CEC17";
dim=10;
bound=4;
testID=10;
(*--------*)
min=0.18736332;
max=170.18773;
median=10.182428;
mean=39.31737072176471;
std=53.079969151248925;
(*--------*)
data={3.6647785, 3.5398696, 6.9548303, 6.9548303, 170.18773, 10.182428, 3.7272329, 137.36281, 7.0172847, 6.9548303, 0.18736332, 119.20299, 10.244882, 3.7896873, 15.30694, 18.534538, 0.31227221, 3.6647785, 23.596596, 0.24981777, 18.659447, 18.534538, 6.8923758, 125.26826, 13.534934, 26.886648, 121.91575, 125.26826, 7.0797391, 125.26826, 119.3279, 25.306148, 18.472083, 3.5398696, 21.824589, 3.6647785, 7.0797391, 7.0172847, 6.9548303, 125.39316, 3.5398696, 0.24981776, 11.89198, 128.62076, 122.16557, 6.8923758, 7.0172847, 3.6647785, 0.37472665, 119.07809, 122.16557};