name="EBOwithCMAR CEC17";
dim=10;
bound=1;
testID=17;
(*--------*)
min=0.0099262952;
max=0.36151823;
median=0.069817116;
mean=0.1456596880313725;
std=0.14220375399200905;
(*--------*)
data={0.33617788, 0.019740123, 0.33190976, 0.35234466, 0.061868504, 0.019749924, 0.01974299, 0.049344373, 0.019777757, 0.019748457, 0.33191025, 0.34588333, 0.13094958, 0.34328434, 0.0099493024, 0.019743628, 0.12175368, 0.33190444, 0.3615082, 0.019738996, 0.01010017, 0.049349208, 0.035968021, 0.019730283, 0.12175191, 0.14446707, 0.0099262952, 0.3319524, 0.021310909, 0.33193784, 0.019733057, 0.019734755, 0.074296614, 0.019744137, 0.12179092, 0.019729397, 0.035226664, 0.12440246, 0.36151823, 0.069817116, 0.12175761, 0.33190655, 0.33414108, 0.33191287, 0.33251531, 0.019736158, 0.019736661, 0.3319235, 0.049335664, 0.33044722, 0.035713836};