name="EBOwithCMAR CEC17";
dim=10;
bound=4;
testID=28;
(*--------*)
min=300.;
max=583.74523;
median=300.;
mean=328.0683754901961;
std=66.44225344548505;
(*--------*)
data={300., 396.56812, 300., 300., 300., 300., 300.00001, 300., 300., 300., 418.54923, 300., 300., 300., 300., 300., 300., 300., 500.0023, 300., 300., 300., 300., 300., 300., 300., 418.54923, 300., 396.56812, 300., 300., 300., 300., 418.54923, 300., 583.74523, 300., 300., 300., 498.95309, 300., 300., 300.00002, 300., 300., 300., 300.00007, 300., 300., 500.0025, 300.};