name="EBOwithCMAR CEC17";
dim=10;
bound=4;
testID=16;
(*--------*)
min=0.037983633;
max=0.70560312;
median=0.474588;
mean=0.4372793786666667;
std=0.16145612075221819;
(*--------*)
data={0.49499697, 0.70560312, 0.48553421, 0.43721002, 0.5128158, 0.38977762, 0.45132148, 0.20778799, 0.46008302, 0.45363259, 0.037983633, 0.043524149, 0.23568338, 0.67606867, 0.46785107, 0.22896948, 0.60679928, 0.65929642, 0.55411308, 0.61578419, 0.4747404, 0.50171114, 0.36317717, 0.26023103, 0.50625506, 0.5386049, 0.42470909, 0.53850917, 0.57010337, 0.59536465, 0.51933361, 0.53707069, 0.474588, 0.28927577, 0.1726848, 0.36918641, 0.35204944, 0.54389567, 0.43116255, 0.42966367, 0.05013814, 0.49837699, 0.55386386, 0.68981721, 0.37831346, 0.56959337, 0.40366074, 0.30883272, 0.19670621, 0.51784763, 0.51694522};