name="EBOwithCMAR CEC17";
dim=10;
bound=4;
testID=24;
(*--------*)
min=100.;
max=329.54432;
median=100.;
mean=173.02634607843135;
std=103.85164727935877;
(*--------*)
data={326.47278, 100., 329.54432, 100., 100., 100., 100., 100., 100., 328.58854, 100., 200.40814, 100., 100., 328.58854, 100., 100., 100., 100., 100., 100., 100., 327.91998, 100., 100., 100., 327.99792, 100., 100., 328.58854, 100., 327.16471, 201.00951, 100., 100., 100., 329.39078, 100., 100., 328.58854, 329.4927, 328.31883, 100., 100., 327.91998, 100., 100., 200.68157, 324.12395, 100., 329.54432};