name="EBOwithCMAR CEC17";
dim=10;
bound=1;
testID=25;
(*--------*)
min=397.74287;
max=443.37262;
median=398.19377;
mean=415.86995862745084;
std=22.292898703072336;
(*--------*)
data={443.36511, 443.32995, 397.74287, 443.35672, 398.00899, 399.58497, 443.37262, 443.34703, 397.74287, 398.00899, 398.03196, 443.36511, 443.34227, 397.74287, 443.35672, 398.00899, 443.36511, 397.74287, 399.58497, 399.58497, 397.74287, 398.06821, 398.00899, 397.74287, 443.34227, 443.32995, 397.74287, 398.00899, 398.00899, 397.77991, 398.19377, 397.74287, 399.58497, 443.33391, 443.32995, 397.74287, 398.00899, 397.74287, 397.74287, 443.32995, 397.74287, 399.60999, 397.74287, 397.74287, 443.34227, 443.34227, 443.32995, 398.00609, 443.33391, 443.32995, 443.32995};