name="EBOwithCMAR CEC17";
dim=10;
bound=2;
testID=7;
(*--------*)
min=10.366921;
max=11.183173;
median=10.597723;
mean=10.607938215686275;
std=0.21397858492842825;
(*--------*)
data={10.658451, 10.435888, 10.67237, 10.366921, 10.366921, 10.763436, 10.597723, 10.725877, 10.435888, 10.366921, 10.887754, 10.503304, 10.366921, 10.46134, 10.658451, 10.793335, 10.669017, 10.366921, 10.435888, 10.728889, 10.720997, 10.722482, 10.788412, 10.67237, 10.597723, 10.366921, 10.435888, 11.068885, 10.727418, 10.530307, 10.366921, 10.503304, 10.435888, 10.435888, 10.366921, 10.46134, 10.669017, 10.821837, 10.435888, 10.530307, 11.111826, 10.835756, 10.725877, 10.530307, 10.46134, 10.366921, 10.720997, 11.183173, 10.366921, 10.722482, 11.058319};