name="EBOwithCMAR CEC17";
dim=10;
bound=1;
testID=14;
(*--------*)
min=0.;
max=0.10710637;
median=0.0037966648;
mean=0.011661163348823526;
std=0.019229343596809164;
(*--------*)
data={0., 0.0009861908, 0.0076074182, 0.04602959, 0.016624025, 0.004093439, 0.015465149, 0., 0., 0., 0., 0.000032383659, 0., 0.01268081, 0.021760764, 0.01664651, 0.008599343, 0.00098746832, 0.036782152, 0.00098584829, 0.018381903, 0.021094008, 0.0010859191, 0., 0.000080364121, 0.032953951, 0., 0., 0., 0.0099297114, 0.0084895357, 0.043220396, 0.027839902, 0., 0., 0., 0., 0.0091520455, 0.010394183, 0.10710637, 0.0076111119, 0., 0., 0.016622986, 0.020874076, 0., 0.010927892, 0., 0., 0.05587722, 0.0037966648};