name="EBOwithCMAR CEC17";
dim=10;
bound=1;
testID=15;
(*--------*)
min=0.000062314884;
max=0.49999994;
median=0.022750081;
mean=0.1646063763577255;
std=0.21467038993610268;
(*--------*)
data={0.49998799, 0.00043848274, 0.15352111, 0.49904324, 0.49873809, 0.11502776, 0.007807835, 0.0025825355, 0.01050212, 0.16561706, 0.0013542233, 0.49997421, 0.0027575237, 0.49994886, 0.0071580467, 0.21962564, 0.076055432, 0.16945852, 0.000062314884, 0.0033223989, 0.032037819, 0.042329039, 0.49992645, 0.00040514169, 0.0091051836, 0.0059073141, 0.49918307, 0.49994384, 0.0081649049, 0.022750081, 0.011959837, 0.00041595095, 0.00094725327, 0.49999994, 0.14089657, 0.49999784, 0.49994357, 0.00066906795, 0.025168398, 0.13899395, 0.0045734482, 0.49987144, 0.0018999602, 0.007942757, 0.0021407461, 0.00076405306, 0.0018424477, 0.0027188404, 0.49873632, 0.0027750084, 0.49993156};