name="EBOwithCMAR CEC17";
dim=10;
bound=4;
testID=12;
(*--------*)
min=0.;
max=248.04962;
median=118.64648;
mean=90.35769272019606;
std=66.95375676426394;
(*--------*)
data={118.43833, 118.64648, 118.43833, 119.94602, 0.41628597, 118.64648, 0.41628597, 118.64648, 118.85462, 0.20814298, 11.172955, 0., 118.64648, 118.85462, 0.20814298, 0.20814298, 0.62442895, 134.85793, 248.04962, 119.73787, 248.04962, 118.43833, 0.41628597, 118.43833, 118.85462, 0.20814298, 120.15416, 119.94602, 120.15416, 11.381098, 118.43833, 0., 238.17621, 118.64648, 118.43833, 118.43833, 0., 119.73787, 118.85462, 129.61129, 118.43833, 11.381098, 119.73787, 119.94602, 118.64648, 120.15416, 0.20814298, 119.73787, 0.41628597, 118.43833, 119.73787};