name="EBOwithCMAR CEC17";
dim=10;
bound=3;
testID=13;
(*--------*)
min=0.;
max=8.5079445;
median=0.000024306355;
mean=2.223952260536373;
std=2.5852829853820576;
(*--------*)
data={0., 0., 4.8371369, 0., 8.5079445, 0., 4.8371369, 4.8687855, 0., 5.0297354, 4.8371369, 4.8371369, 0., 0., 0., 0.033792221, 5.4358359, 0., 4.9339323, 0., 0., 0., 4.8371369, 5.3859542, 4.9798122, 0.02154106, 0., 0., 4.8511867, 0., 0., 4.8371369, 0., 0., 0., 4.8371369, 5.2041263, 4.8371369, 0., 1.1638174, 0.000024306355, 4.8371369, 0., 4.8371369, 4.8371369, 0., 0., 4.8491053, 0., 0., 4.9474661};