name="EBOwithCMAR CEC17";
dim=10;
bound=1;
testID=18;
(*--------*)
min=0.0016560287;
max=20.249771;
median=0.41583542;
mean=0.745149239427451;
std=2.790211568649659;
(*--------*)
data={0.49794748, 0.37117381, 0.5, 0.047887292, 0.011453709, 0.49343694, 0.43315973, 0.36276503, 0.41583542, 0.48154225, 0.27087248, 0.10567878, 0.44263539, 0.0016560287, 0.48780328, 0.30769747, 0.33374888, 0.49972506, 0.22725211, 0.30550209, 0.49999512, 0.49999976, 0.39666983, 0.47657529, 0.35326749, 0.26262517, 0.0020905855, 0.0022778156, 0.46513943, 0.42556652, 0.25349206, 0.49879101, 0.49657368, 0.43926027, 0.49999988, 20.249771, 0.39212931, 0.45725925, 0.49699895, 0.38021993, 0.10762288, 0.49940771, 0.32899725, 0.18128775, 0.18715912, 0.32236435, 0.49999139, 0.47586717, 0.5, 0.27786718, 0.47557083};