name="EBOwithCMAR CEC17";
dim=10;
bound=5;
testID=7;
(*--------*)
min=10.366921;
max=11.277592;
median=10.503304;
mean=10.612887215686273;
std=0.2335410992061409;
(*--------*)
data={10.366921, 10.815415, 10.954125, 10.677672, 10.46134, 10.720997, 10.46134, 10.366921, 10.503304, 10.67237, 10.46134, 10.530307, 10.652029, 10.766789, 10.435888, 10.46134, 10.727418, 10.954125, 11.122392, 10.503304, 10.503304, 10.741337, 10.46134, 10.652029, 10.727418, 10.746448, 10.435888, 10.435888, 10.435888, 10.366921, 10.815415, 11.184658, 11.277592, 10.435888, 10.86226, 10.366921, 10.669017, 10.530307, 10.835756, 10.889253, 10.435888, 10.974183, 10.503304, 10.366921, 10.46134, 10.366921, 10.366921, 10.597723, 10.366921, 10.366921, 10.46134};