name="EBOwithCMAR CEC17";
dim=10;
bound=4;
testID=30;
(*--------*)
min=394.50077;
max=501.8143;
median=394.66512;
mean=407.2910709803921;
std=24.590999984820158;
(*--------*)
data={394.51415, 394.50077, 407.44906, 407.45836, 394.5017, 394.5017, 394.66512, 407.43556, 407.45836, 394.66512, 407.44925, 394.50077, 394.68524, 465.58701, 394.50077, 394.50077, 394.50077, 394.66512, 394.50077, 394.50077, 394.50077, 394.50077, 394.51415, 394.50077, 394.51415, 407.45403, 501.8143, 407.44904, 407.43555, 394.51415, 407.85297, 407.45431, 394.68524, 394.50077, 394.51415, 394.50077, 407.43555, 442.65985, 407.43555, 394.66512, 442.90726, 394.51415, 394.68524, 464.1391, 407.44904, 394.50077, 394.50077, 483.87946, 394.66512, 442.65984, 394.50077};