name="EBOwithCMAR CEC17";
dim=10;
bound=5;
testID=20;
(*--------*)
min=0.;
max=0.31217326;
median=0.31217326;
mean=0.1836313294117646;
std=0.15516575688937903;
(*--------*)
data={0., 0.31217326, 0.31217326, 0.31217326, 0.31217326, 0.31217326, 0.31217326, 0.31217326, 0., 0.31217326, 0., 0.31217326, 0.31217326, 0.31217326, 0., 0., 0., 0.31217326, 0.31217326, 0.31217326, 0., 0.31217326, 0., 0.31217326, 0.31217326, 0.31217326, 0.31217326, 0., 0.31217326, 0.31217326, 0.31217326, 0., 0.31217326, 0., 0., 0.31217326, 0.31217326, 0.31217326, 0., 0.31217326, 0., 0., 0., 0., 0.31217326, 0., 0.31217326, 0., 0.31217326, 0., 0.};