name="EBOwithCMAR CEC17";
dim=10;
bound=5;
testID=25;
(*--------*)
min=397.74287;
max=445.77756;
median=399.60999;
mean=419.6072762745095;
std=23.000997537073125;
(*--------*)
data={397.74287, 443.33391, 397.74287, 397.74287, 443.33391, 398.00899, 443.32995, 443.34227, 397.74287, 397.74287, 445.77756, 443.32995, 399.58497, 443.35672, 398.03196, 397.74287, 397.74287, 399.60999, 398.00899, 443.33391, 443.32995, 398.00899, 443.32995, 398.25, 397.74287, 443.32995, 398.07857, 398.00899, 445.77756, 398.00899, 443.33391, 397.74287, 401.51594, 443.32995, 445.77756, 398.00899, 398.00899, 443.33391, 443.35672, 443.32995, 445.77756, 397.74287, 443.34227, 397.74287, 443.36511, 443.32995, 397.74287, 443.35672, 398.00899, 398.00899, 443.36511};