name="EBOwithCMAR CEC17";
dim=10;
bound=5;
testID=24;
(*--------*)
min=100.;
max=329.94463;
median=100.;
mean=159.83069901960783;
std=97.76283932396755;
(*--------*)
data={100., 100., 100.00001, 100., 200.48789, 329.43485, 100., 100., 329.54432, 327.16471, 100., 100., 100., 100., 100., 329.54432, 100., 200., 329.64498, 329.54432, 327.91998, 100., 100., 100., 329.94463, 329.54432, 100., 100., 100.00001, 100., 100., 100., 100., 328.58854, 100., 100., 100., 100., 100., 329.56407, 100., 100., 100., 100., 100., 100., 100., 100., 201.05741, 329.38129, 100.};