name="EBOwithCMAR CEC17";
dim=10;
bound=4;
testID=17;
(*--------*)
min=0.000044438254;
max=0.43502908;
median=0.098647513;
mean=0.15299852861086274;
std=0.14273109961029568;
(*--------*)
data={0.030003794, 0.12438273, 0.0099258486, 0.10058809, 0.098647513, 0.019729928, 0.019729356, 0.098660528, 0.33199966, 0.33191899, 0.019890138, 0.050353547, 0.33190548, 0.33190261, 0.019737022, 0.33190684, 0.33192301, 0.11570699, 0.021234906, 0.063991358, 0.019741621, 0.019732724, 0.039295766, 0.0099350443, 0.33195326, 0.098665331, 0.000044438254, 0.31224085, 0.33553042, 0.019732335, 0.03827951, 0.088239538, 0.33190336, 0.020900659, 0.12174329, 0.32209438, 0.023036175, 0.33190842, 0.13214842, 0.33393234, 0.066006913, 0.019745152, 0.36482497, 0.33193096, 0.019740769, 0.019731077, 0.076289236, 0.33190343, 0.43502908, 0.090606752, 0.3319204};