name="EBOwithCMAR CEC17";
dim=10;
bound=3;
testID=24;
(*--------*)
min=100.;
max=328.58854;
median=100.;
mean=134.67222431372548;
std=78.7748160260571;
(*--------*)
data={100., 300., 100., 100., 100., 100., 326.63968, 100., 327.60697, 100.00001, 100.00001, 100., 100., 100., 200.67839, 100., 100., 100., 100., 100., 327.16471, 100., 100., 100., 100., 100., 100., 100., 100., 100., 100., 100., 100., 100., 100., 100., 328.58854, 100., 100., 100., 100., 100., 328.58854, 100., 100., 327.91998, 100., 100., 100., 201.0966, 100.00001};