name="EBOwithCMAR CEC17";
dim=10;
bound=3;
testID=15;
(*--------*)
min=0.000062838964;
max=0.49999975;
median=0.038910125;
mean=0.15577617658066667;
std=0.19758676713174644;
(*--------*)
data={0.0020296085, 0.32092542, 0.4927841, 0.0028665343, 0.1700345, 0.043267244, 0.49981268, 0.013589591, 0.034018419, 0.00095762516, 0.24086918, 0.42618269, 0.49999975, 0.037081273, 0.00045833163, 0.49998689, 0.42916891, 0.0053981177, 0.024008069, 0.49547882, 0.032554675, 0.11132145, 0.00092393738, 0.043675712, 0.49946316, 0.025942345, 0.045916063, 0.000062838964, 0.18401505, 0.24210443, 0.067455595, 0.011190251, 0.00020715441, 0.49251264, 0.00066567642, 0.00088675255, 0.0090933866, 0.49589117, 0.49147362, 0.0075625407, 0.49998159, 0.18353557, 0.038910125, 0.037245145, 0.0091441721, 0.0012298926, 0.020367024, 0.041140633, 0.0022963816, 0.033190597, 0.075707674};