name="EBOwithCMAR CEC17";
dim=10;
bound=3;
testID=7;
(*--------*)
min=10.366921;
max=11.376079;
median=10.67237;
mean=10.654252803921567;
std=0.25239170584003123;
(*--------*)
data={10.763436, 10.766789, 10.366921, 10.720997, 10.366921, 10.746448, 10.46134, 10.677672, 10.46134, 10.46134, 10.46134, 10.746448, 10.366921, 10.821837, 11.054966, 10.820296, 10.366921, 10.530307, 10.652029, 11.376079, 10.808753, 10.741337, 10.435888, 11.017407, 10.503304, 10.435888, 10.46134, 11.010986, 11.010986, 10.435888, 10.366921, 10.746448, 10.46134, 10.67237, 10.366921, 11.012527, 10.658451, 10.366921, 11.048544, 10.835756, 10.366921, 10.746448, 10.893635, 10.366921, 10.366921, 10.955173, 11.012527, 10.725877, 10.741337, 10.366921, 10.435888};