name="EBOwithCMAR CEC17";
dim=10;
bound=0;
testID=21;
(*--------*)
min=100.;
max=202.83524;
median=100.;
mean=123.7425531372549;
std=43.23125199368574;
(*--------*)
data={100., 200., 100., 100., 100., 100., 100., 100., 202.83524, 100., 200., 100., 100., 200., 201.76701, 100., 201.95692, 100., 100., 100., 100., 100., 100., 100., 201.95692, 100., 100., 100., 100., 200., 201.71317, 100., 100., 100., 200., 100., 100., 100., 100., 200., 100., 100., 100., 100., 100., 200.64095, 100., 100., 100., 100., 100.};