name="EBOwithCMAR CEC17";
dim=10;
bound=0;
testID=29;
(*--------*)
min=228.59007;
max=254.83662;
median=232.48326;
mean=232.89237078431375;
std=4.0221890805822875;
(*--------*)
data={229.09642, 234.75205, 230.93995, 234.7868, 232.48326, 238.94578, 234.38937, 228.59007, 228.79289, 254.83662, 233.44412, 230.20428, 232.96257, 237.30288, 232.54826, 230.5662, 235.29586, 234.61245, 228.6676, 232.609, 235.70219, 232.52141, 228.60904, 231.52095, 231.99998, 236.98319, 232.27651, 232.94772, 237.68673, 231.59945, 232.749, 231.75802, 232.25153, 230.89049, 230.29071, 235.66419, 231.26464, 230.65814, 228.9024, 232.62579, 228.70524, 233.07396, 230.64234, 234.81134, 231.31581, 233.11365, 234.01257, 235.35607, 229.72388, 230.45491, 231.57263};