name="EBOwithCMAR CEC17";
dim=10;
bound=3;
testID=10;
(*--------*)
min=0.12490888;
max=261.99131;
median=15.119577;
mean=61.167988045294116;
std=65.29720114660117;
(*--------*)
data={133.55791, 15.119577, 11.829525, 3.4774151, 3.602324, 3.602324, 6.8299214, 136.97287, 261.99131, 3.5398696, 133.94784, 3.6647785, 122.10311, 131.97327, 12.079343, 118.75061, 129.07315, 15.119577, 134.0103, 125.7831, 18.596992, 11.954434, 118.43833, 3.6647785, 6.9548303, 0.56208997, 6.8923758, 125.26826, 11.829525, 118.81306, 118.75061, 122.10311, 118.68815, 126.90499, 122.36814, 0.24981776, 0.37472665, 6.8923758, 18.534538, 15.30694, 0.24981776, 0.43718109, 10.244882, 6.7674669, 0.12490888, 6.9548303, 11.829525, 125.26826, 118.6257, 122.04066, 136.84796};