name="EBOwithCMAR CEC17";
dim=10;
bound=4;
testID=19;
(*--------*)
min=3.0261413*^-7;
max=0.040316881;
median=0.019734293;
mean=0.017823830272226667;
std=0.01039981723835692;
(*--------*)
data={0.019689537, 0.0034824661, 0.019739518, 0.00048694841, 6.0492926*^-6, 0.030245636, 0.029469027, 0.010887149, 0.019969532, 0.012230051, 0.019734293, 0.012456572, 0.019950754, 0.019762361, 0.019835412, 0.019787386, 0.003180582, 0.0230937, 0.039620392, 0.019572474, 0.03485527, 0.011623357, 0.010731894, 0.029830223, 0.019659236, 0.019453831, 0.010654027, 0.01201137, 3.0261413*^-7, 0.029722947, 0.0010141308, 0.019577725, 0.019567606, 0.019791843, 3.7576683*^-7, 0.0012550485, 0.019763575, 0.040316881, 0.021286487, 0.0011815724, 0.026425967, 0.019733711, 0.01974686, 0.023642443, 0.019505916, 0.019925645, 0.023242158, 0.019763683, 0.039239328, 0.0107909, 0.021501191};