name="EBOwithCMAR CEC17";
dim=10;
bound=1;
testID=10;
(*--------*)
min=0.31227221;
max=184.77802;
median=15.182031;
mean=48.19027457450979;
std=56.78691802169509;
(*--------*)
data={125.72064, 6.9548303, 3.7272329, 125.59573, 128.94824, 125.39316, 18.409629, 6.8923758, 128.80813, 15.119577, 122.5555, 6.8299214, 0.43718109, 26.824193, 0.37472665, 15.182031, 0.37472665, 3.7896873, 121.91575, 128.62076, 6.9548303, 6.9548303, 128.68322, 21.887044, 118.68815, 11.89198, 31.761343, 3.5398696, 13.597388, 10.182428, 121.9782, 10.307337, 18.596992, 18.409629, 18.596992, 11.89198, 121.91575, 30.124805, 6.9548303, 6.9548303, 6.9548303, 184.77802, 125.39316, 18.534538, 7.0172847, 3.7272329, 0.31227221, 3.602324, 137.36281, 130.72025, 6.9548303};