name="EBOwithCMAR CEC17";
dim=10;
bound=0;
testID=20;
(*--------*)
min=0.;
max=0.31217326;
median=0.;
mean=0.1530261078431372;
std=0.15760946245153543;
(*--------*)
data={0.31217326, 0., 0., 0.31217326, 0.31217326, 0., 0., 0., 0.31217326, 0., 0.31217326, 0., 0., 0., 0.31217326, 0.31217326, 0., 0.31217326, 0.31217326, 0., 0., 0., 0.31217326, 0., 0.31217326, 0.31217326, 0., 0.31217326, 0.31217326, 0., 0., 0.31217326, 0.31217326, 0., 0.31217326, 0., 0.31217326, 0.31217326, 0., 0., 0.31217326, 0., 0.31217326, 0., 0., 0.31217326, 0.31217326, 0.31217326, 0., 0.31217326, 0.};