name="EBOwithCMAR CEC17";
dim=10;
bound=4;
testID=25;
(*--------*)
min=397.74287;
max=445.79294;
median=398.14828;
mean=415.10042411764704;
std=22.188973729972023;
(*--------*)
data={397.74287, 397.74287, 399.58497, 398.00899, 397.74287, 443.33391, 398.14828, 397.74287, 398.03578, 397.76245, 399.58497, 443.33391, 443.34227, 443.33391, 398.00899, 443.32995, 445.79294, 397.74287, 398.00899, 443.36511, 398.00899, 398.06821, 443.32995, 443.35672, 397.74287, 443.32995, 397.74287, 397.74287, 443.3699, 397.74287, 398.00899, 397.74287, 445.77756, 398.03578, 397.74287, 399.58497, 399.58497, 399.58497, 443.32995, 443.33391, 397.74287, 443.32995, 399.58497, 443.3699, 443.33391, 397.74287, 398.00899, 397.74567, 397.74287, 443.33391, 443.33391};