name="EBOwithCMAR CEC17";
dim=10;
bound=3;
testID=30;
(*--------*)
min=394.50077;
max=443.03218;
median=394.53417;
mean=402.6214970588235;
std=13.26767086039313;
(*--------*)
data={407.45486, 407.43557, 394.50377, 407.47099, 394.51602, 442.65984, 394.50077, 394.51417, 407.43558, 394.50119, 394.50375, 394.50375, 394.50588, 407.43556, 394.53349, 394.50077, 407.43756, 442.65984, 407.43556, 407.48656, 443.03218, 407.43556, 394.53349, 394.74378, 394.50589, 407.43754, 394.66512, 394.51415, 394.50077, 407.436, 394.66513, 394.51794, 394.50379, 394.50232, 407.45427, 394.51415, 394.53417, 407.43567, 407.45403, 394.50077, 394.51415, 394.50078, 442.65984, 394.66995, 394.50077, 407.44904, 394.51417, 407.43874, 407.55017, 394.5017, 394.51484};