name="EBOwithCMAR CEC17";
dim=10;
bound=0;
testID=24;
(*--------*)
min=100.;
max=329.54432;
median=100.;
mean=155.69190960784312;
std=97.73341154444515;
(*--------*)
data={100., 100., 100., 100.00002, 100., 100., 329.54432, 100., 328.58854, 200., 100., 100., 100.00003, 100., 100., 100., 327.08959, 100., 100., 100., 327.74353, 327.91998, 100., 328.58854, 329.54432, 100., 100., 100., 100., 100., 100., 100., 100., 100., 100., 100., 100., 327.91998, 100.00001, 100., 100., 100., 100., 100., 327.91998, 100., 100., 327.60697, 100., 329.54432, 328.27726};