name="EBOwithCMAR CEC17";
dim=10;
bound=0;
testID=12;
(*--------*)
min=0.;
max=237.08481;
median=118.64648;
mean=98.19683691764705;
std=53.54120054385674;
(*--------*)
data={119.94602, 118.64648, 118.43833, 0.62442895, 118.64648, 119.94602, 118.43833, 0.20814298, 129.61129, 118.43833, 0.20814298, 0.41628597, 119.73787, 0.20814298, 118.64648, 118.64648, 118.64648, 118.43833, 11.172955, 0.20814298, 118.64648, 119.94602, 237.08481, 129.61129, 11.172955, 131.11897, 119.94602, 130.91083, 118.43833, 118.43833, 130.91083, 118.64648, 119.94602, 119.94602, 119.94602, 119.94602, 134.64978, 119.73787, 119.73787, 118.64648, 119.94602, 118.43833, 0.20814298, 0.20814298, 130.91083, 0., 118.64648, 119.73787, 118.64648, 134.64978, 119.94602};