name="EBOwithCMAR CEC17";
dim=10;
bound=5;
testID=26;
(*--------*)
min=0.;
max=300.;
median=300.;
mean=263.05024588235295;
std=59.58190729645503;
(*--------*)
data={300., 200., 200., 300., 300., 300., 300., 300., 300., 300., 300., 0., 300., 300., 200., 200., 300., 300., 300., 300., 200., 200., 200., 300., 200., 300., 200., 300., 300., 200., 200., 300., 300., 300., 300., 300., 300., 300., 300., 200., 300., 300., 300., 215.56254, 200., 200., 200., 300., 300., 300., 300.};