name="EBOwithCMAR CEC17";
dim=10;
bound=2;
testID=12;
(*--------*)
min=0.;
max=236.87667;
median=118.64648;
mean=89.09110299607842;
std=57.66185531443122;
(*--------*)
data={118.64648, 118.43833, 119.94602, 119.94602, 0.20814298, 118.43833, 118.64648, 134.64978, 119.94602, 119.73787, 119.73787, 0.20814298, 0.20814298, 0.20814298, 118.64648, 118.64648, 120.15416, 236.87667, 0.20814298, 0.41628597, 118.43833, 118.43833, 119.94602, 119.73787, 118.64648, 118.64648, 118.64648, 118.43833, 0., 119.73787, 118.43833, 119.94602, 0., 0.20814298, 119.94602, 118.64648, 120.15416, 0.20814298, 0., 118.64648, 0.41628597, 0., 118.43833, 119.73787, 118.64648, 0., 119.94602, 119.94602, 118.64648, 118.43833, 118.64648};