name="EBOwithCMAR CEC17";
dim=10;
bound=1;
testID=21;
(*--------*)
min=100.;
max=202.89989;
median=100.;
mean=128.07057882352942;
std=45.789648123693915;
(*--------*)
data={100., 100., 100., 100., 201.98959, 100., 100., 100., 100., 100., 100., 201.98959, 100., 100., 202.79504, 100., 201.98959, 201.71317, 200., 201.95692, 100., 202.89989, 100., 102.50268, 100., 102.24992, 100., 100., 100., 102.11171, 100., 201.95692, 100., 100., 100., 100., 100., 200., 100., 200., 100., 100., 201.95692, 100., 202.83524, 202.65234, 100., 100., 100., 100., 100.};