name="EBOwithCMAR CEC17";
dim=10;
bound=5;
testID=12;
(*--------*)
min=0.;
max=238.17621;
median=118.64648;
mean=95.01053962333333;
std=55.21659466930788;
(*--------*)
data={118.64648, 119.94602, 118.43833, 118.43833, 0.20814298, 118.43833, 0.41628597, 118.64648, 120.15416, 0.20814298, 118.43833, 119.94602, 0., 0.41628597, 118.64648, 118.43833, 118.64648, 129.81943, 0.20814298, 118.64648, 118.64648, 118.43833, 130.91083, 118.64648, 11.172955, 238.17621, 119.94602, 118.85462, 119.94602, 118.43833, 118.85462, 118.43833, 119.73787, 130.91083, 119.94602, 119.73787, 0.62442895, 130.91083, 129.81943, 119.94602, 118.64648, 0., 119.94602, 129.61129, 0.20814298, 118.64648, 0., 119.94602, 0.20814298, 119.73787, 119.73787};