name="EBOwithCMAR CEC17";
dim=10;
bound=2;
testID=15;
(*--------*)
min=0.00091849961;
max=0.49999325;
median=0.049545515;
mean=0.16446865278254902;
std=0.19394292418852907;
(*--------*)
data={0.0014339706, 0.0042839839, 0.034996882, 0.49984795, 0.0095642882, 0.16523655, 0.44994719, 0.004091469, 0.01004671, 0.23092892, 0.49764242, 0.0036297755, 0.19587543, 0.47570963, 0.10028648, 0.49849682, 0.010415396, 0.49909941, 0.027685457, 0.0014015891, 0.08559502, 0.038009287, 0.022544849, 0.31546789, 0.015758984, 0.18795869, 0.20983392, 0.49925046, 0.0081599228, 0.12682781, 0.062122036, 0.35263277, 0.0019120018, 0.0086531538, 0.10768535, 0.014155832, 0.29780763, 0.026779345, 0.00091849961, 0.001624535, 0.0031830083, 0.025681833, 0.01001919, 0.49999325, 0.49947931, 0.49994172, 0.0038771773, 0.15099851, 0.046861951, 0.049545515, 0.49400152};