name="EBOwithCMAR CEC17";
dim=10;
bound=2;
testID=18;
(*--------*)
min=0.00079559436;
max=0.49999973;
median=0.42107751;
mean=0.3410393087580392;
std=0.18058190027711485;
(*--------*)
data={0.00079559436, 0.48082911, 0.45283797, 0.28422934, 0.0039395628, 0.45653363, 0.38314184, 0.49999818, 0.46190313, 0.26392898, 0.49999252, 0.36725171, 0.31567114, 0.0042276955, 0.31909863, 0.48837262, 0.47737586, 0.36299688, 0.0077765675, 0.33175351, 0.49994847, 0.4999653, 0.49432915, 0.35837895, 0.49484721, 0.45256099, 0.33056173, 0.18041044, 0.020311209, 0.49983315, 0.4983154, 0.49696253, 0.34119337, 0.49918957, 0.1855007, 0.0013910021, 0.44782981, 0.0028387017, 0.032097745, 0.42107751, 0.43847773, 0.46823567, 0.1874135, 0.49993821, 0.0058742987, 0.4994215, 0.49929898, 0.4999597, 0.20504526, 0.49999973, 0.36914276};