name="EBOwithCMAR CEC17";
dim=10;
bound=1;
testID=12;
(*--------*)
min=0.20814298;
max=131.11897;
median=118.64648;
mean=88.9629948390196;
std=52.82861532349872;
(*--------*)
data={11.381098, 0.41628597, 118.43833, 118.43833, 119.73787, 120.15416, 129.81943, 119.73787, 118.43833, 12.279998, 119.73787, 118.43833, 120.15416, 118.85462, 130.91083, 0.20814298, 11.172955, 130.91083, 118.64648, 118.43833, 119.94602, 118.85462, 118.43833, 118.43833, 119.73787, 0.20814298, 119.73787, 130.91083, 0.20814298, 11.172955, 118.64648, 119.94602, 0.41628597, 0.20814298, 118.43833, 119.94602, 131.11897, 118.64648, 0.41628597, 118.64648, 118.85462, 11.172955, 118.64648, 0.20814298, 118.43833, 119.73787, 119.94602, 119.73787, 0.20814298, 131.11897, 118.64648};