name="EBOwithCMAR CEC17";
dim=10;
bound=3;
testID=16;
(*--------*)
min=0.021868325;
max=0.77475981;
median=0.48425804;
mean=0.4684281665294118;
std=0.17560312995419192;
(*--------*)
data={0.21092145, 0.54106547, 0.41074312, 0.68247645, 0.69410671, 0.5887376, 0.343658, 0.67655736, 0.56001739, 0.25049047, 0.63489475, 0.52146397, 0.6466049, 0.69754712, 0.57619574, 0.48425804, 0.48586696, 0.13707849, 0.44864387, 0.23967057, 0.77475981, 0.63516858, 0.40075045, 0.46864655, 0.39005427, 0.44314831, 0.45033097, 0.70803631, 0.35293347, 0.46250124, 0.61344021, 0.35855747, 0.51882308, 0.42431287, 0.075786566, 0.021868325, 0.49074757, 0.57075535, 0.57139867, 0.24631426, 0.47857536, 0.42089752, 0.46531951, 0.58740929, 0.5156564, 0.51980749, 0.42496579, 0.31475207, 0.76070406, 0.5125721, 0.079844142};