name="EBOwithCMAR CEC17";
dim=10;
bound=2;
testID=17;
(*--------*)
min=0.0099429676;
max=0.40924115;
median=0.069085105;
mean=0.17103302826666664;
std=0.152634016514673;
(*--------*)
data={0.34529575, 0.02020114, 0.33325018, 0.1217775, 0.042607919, 0.025162819, 0.33190532, 0.40924115, 0.33188274, 0.049378879, 0.069085105, 0.3319067, 0.32210727, 0.33192514, 0.32232167, 0.019730014, 0.01972936, 0.0099429676, 0.019847984, 0.33190783, 0.021350231, 0.066717451, 0.065532202, 0.039874006, 0.37765865, 0.36040126, 0.33192314, 0.3319322, 0.32727614, 0.33190264, 0.010057806, 0.21115172, 0.33191417, 0.33190833, 0.331905, 0.019734558, 0.019730269, 0.36151479, 0.13266041, 0.031860685, 0.020741982, 0.06036364, 0.034912708, 0.014676502, 0.032328633, 0.019763514, 0.010402565, 0.33190395, 0.01974406, 0.019730992, 0.3319028};