name="EBOwithCMAR CEC17";
dim=10;
bound=4;
testID=29;
(*--------*)
min=227.09525;
max=243.86406;
median=232.37075;
mean=232.77015490196086;
std=3.754105853422023;
(*--------*)
data={235.12203, 233.86626, 233.55635, 232.56581, 230.33852, 229.96194, 231.67822, 234.6415, 233.31113, 236.72102, 228.34547, 232.58591, 233.87477, 231.05617, 237.53015, 232.81365, 231.11665, 232.3298, 232.01587, 229.45181, 232.45301, 230.48618, 235.19057, 229.83214, 228.35697, 242.45166, 230.58749, 229.30577, 227.09525, 233.66635, 238.13609, 229.34658, 227.79877, 232.69423, 243.86406, 229.11678, 238.40583, 242.32825, 232.37075, 231.76995, 235.15053, 238.32587, 231.69931, 228.66709, 228.5215, 234.33757, 232.77969, 230.01462, 230.36683, 232.70076, 230.57442};