name="EBOwithCMAR CEC17";
dim=10;
bound=2;
testID=10;
(*--------*)
min=0.12490888;
max=151.89886;
median=21.824589;
mean=62.733896263921565;
std=59.44604493220883;
(*--------*)
data={125.33071, 133.55791, 0.24981776, 118.50079, 11.829525, 28.5962, 6.8299214, 130.59534, 118.6257, 0.18736332, 125.7831, 118.95318, 0.24981777, 0.24981776, 10.244882, 21.824589, 0.12490888, 11.89198, 10.182428, 122.30568, 3.602324, 3.5398696, 18.596992, 151.89886, 15.431849, 121.9782, 15.182031, 6.7050125, 130.39277, 134.07275, 6.7674669, 6.8923758, 15.119577, 130.84516, 122.61796, 0.37472665, 133.80773, 125.45562, 130.39277, 122.04066, 3.6647785, 15.244486, 119.01563, 125.84555, 122.43059, 125.51807, 130.14295, 43.476519, 15.119577, 0.18736332, 6.9548303};