name="EBOwithCMAR CEC17";
dim=10;
bound=0;
testID=30;
(*--------*)
min=394.50077;
max=464.1391;
median=394.51484;
mean=405.3517166666665;
std=18.46207443379119;
(*--------*)
data={394.51415, 407.48535, 394.50171, 407.43556, 410.14389, 442.65984, 407.70219, 394.5738, 394.50077, 394.53349, 394.51484, 394.51415, 394.50077, 442.65984, 394.68681, 394.51415, 407.43556, 394.5017, 394.5017, 394.50077, 442.65984, 442.65984, 394.50077, 464.1391, 394.51415, 394.51415, 394.66512, 394.50077, 394.50375, 394.51415, 394.51415, 407.43556, 442.65984, 394.66512, 394.66512, 407.46284, 394.50077, 394.5017, 407.44904, 443.02286, 407.44924, 442.65984, 394.5017, 407.43754, 394.5008, 394.50375, 394.50077, 394.50375, 394.50077, 394.51416, 407.43555};