name="EBOwithCMAR CEC17";
dim=10;
bound=2;
testID=25;
(*--------*)
min=397.74287;
max=443.36511;
median=398.00899;
mean=414.0387935294116;
std=21.860960481694573;
(*--------*)
data={443.34227, 443.33391, 397.74287, 443.33391, 443.32995, 443.32995, 399.58497, 398.00899, 397.74287, 443.33391, 397.74287, 443.32995, 443.33391, 397.74287, 397.74287, 443.36511, 397.74287, 443.32995, 443.33391, 443.35672, 397.74287, 397.74287, 397.74287, 397.94303, 443.32995, 443.32995, 397.74287, 397.74287, 399.58497, 397.76245, 397.74287, 397.74287, 397.84208, 443.32995, 443.35672, 397.74287, 398.00899, 397.74287, 397.74287, 399.58497, 443.35672, 397.74287, 398.00899, 399.63027, 397.74287, 397.74287, 399.58497, 397.74287, 397.74287, 443.33391, 397.74287};