name="EBOwithCMAR CEC17";
dim=10;
bound=0;
testID=14;
(*--------*)
min=0.;
max=0.18191773;
median=0.0026385889;
mean=0.010111941130705888;
std=0.02617007459969928;
(*--------*)
data={0.0030347598, 0.03295555, 0., 0., 0.016627732, 0.0026385889, 0.019984257, 0.0030320631, 0.00098379244, 0., 0., 0.0076117442, 0.0076113133, 0.0083810174, 0.0076086311, 0.017015668, 0.0076110033, 0.016624489, 0.0077887933, 0.016627226, 0., 0.0030347038, 0.18191773, 0., 0.00098420565, 0.0076104162, 0.0076555206, 0., 0.000028871606, 0., 0.00023015437, 0.016627503, 0., 0., 0.034363221, 0., 0.010707695, 0.021693892, 0., 0.016627526, 0., 0.029440738, 0.00023049883, 0., 0.00081089717, 0., 0., 0., 0., 0.0076087956, 0.};