name="EBOwithCMAR CEC17";
dim=10;
bound=3;
testID=12;
(*--------*)
min=0.;
max=120.15416;
median=0.20814298;
mean=49.19086828666667;
std=59.205148366795214;
(*--------*)
data={0.20814298, 0.41628597, 0.20814298, 118.85462, 0., 0.20814298, 0., 119.73787, 119.94602, 118.43833, 0.41628597, 118.64648, 120.15416, 0., 118.64648, 118.85462, 0., 0., 119.73787, 0., 0.20814298, 118.85462, 119.94602, 0.20814298, 0.41628597, 119.94602, 0., 0.20814298, 119.94602, 118.64648, 0., 118.43833, 0.62442895, 0., 0., 118.64648, 0., 0.20814298, 0., 119.73787, 119.94602, 0.20814298, 0.20814298, 0., 0., 0.20814298, 118.43833, 118.64648, 120.15416, 0.20814298, 0.20814298};