name="EBOwithCMAR CEC17";
dim=10;
bound=0;
testID=13;
(*--------*)
min=0.;
max=8.2043329;
median=4.1087783;
mean=2.702503492078432;
std=2.4816532275506766;
(*--------*)
data={8.2043329, 4.8688071, 0., 1.2049278, 0., 4.8371369, 0., 0., 0., 4.8371369, 0., 5.4257967, 0., 0., 0., 4.8371369, 4.8371369, 4.8371369, 4.8371369, 5.3083765, 4.8606803, 4.8371369, 0., 0., 0., 4.8371369, 0.11905785, 0.031662646, 4.8371369, 0., 5.083067, 2.1578233, 5.0328364, 4.8687958, 0., 4.8371369, 0., 4.8371369, 1.0298494, 3.1138193, 0., 4.8371369, 4.1087783, 0., 4.8371369, 4.8371369, 4.8371369, 0., 5.0148764, 0., 4.8371369};