name="EBOwithCMAR CEC17";
dim=10;
bound=0;
testID=16;
(*--------*)
min=0.020588294;
max=0.78216271;
median=0.45794729;
mean=0.45126287390196085;
std=0.17550060982341326;
(*--------*)
data={0.23991919, 0.43881212, 0.40858781, 0.45794729, 0.46158278, 0.66295965, 0.59979653, 0.4869106, 0.72726148, 0.45984602, 0.43624851, 0.47383963, 0.39559827, 0.24834202, 0.68370341, 0.47486009, 0.64569626, 0.28400412, 0.45164595, 0.34692682, 0.31252924, 0.44793577, 0.60616368, 0.65278869, 0.25176828, 0.13616728, 0.24419041, 0.54205744, 0.56150737, 0.51569469, 0.46174487, 0.51372937, 0.43887928, 0.78216271, 0.020588294, 0.098820245, 0.42296009, 0.16848256, 0.76109066, 0.22973247, 0.50036971, 0.3432391, 0.72133257, 0.37530352, 0.32473039, 0.42451965, 0.72002857, 0.41628943, 0.66953354, 0.46862802, 0.49695012};