name="EBOwithCMAR CEC17";
dim=10;
bound=5;
testID=21;
(*--------*)
min=100.;
max=202.88086;
median=100.;
mean=119.96561450980391;
std=40.463450087525615;
(*--------*)
data={100., 100., 100., 100., 100., 100., 102.63485, 100., 100., 202.88086, 100., 100., 100., 202.48357, 100., 100., 200., 202.51257, 100., 100., 100., 100., 100., 100., 100., 102.63511, 201.10844, 100., 200., 100., 100., 200., 100., 100., 100., 100., 100., 100., 100., 200., 200., 100., 100., 100., 201.76701, 100., 100., 100., 102.22393, 100., 100.};