name="EBOwithCMAR CEC17";
dim=10;
bound=2;
testID=14;
(*--------*)
min=0.;
max=0.99495906;
median=0.00098846402;
mean=0.036788277785372546;
std=0.14595048788008264;
(*--------*)
data={0.0030344017, 0.000029115197, 0.18191597, 0.001003983, 0.019650393, 0.0012216132, 0., 0., 0., 0.0076038777, 0.0014051167, 0.007611038, 0.00023158332, 0., 0.99495906, 0.0076450665, 0.000029024397, 0., 0.00098512471, 0.063216277, 0.0080521924, 0., 0.074631448, 0.00761113, 0., 0., 0.00033609459, 0.087312907, 0., 0., 0.0037213975, 0., 0.00098624626, 0.036726988, 0.004557903, 0., 0.008386188, 0.0038136931, 0., 0.0075458564, 0., 0.00098453364, 0.016617317, 0., 0.00098568292, 0.011501056, 0.00098846402, 0.0089797748, 0., 0.30192165, 0.};