name="EBOwithCMAR CEC17";
dim=10;
bound=0;
testID=7;
(*--------*)
min=10.366921;
max=11.226126;
median=10.652029;
mean=10.673819843137256;
std=0.23469639881833504;
(*--------*)
data={10.46134, 10.530307, 10.366921, 10.652029, 10.86226, 11.010986, 10.889253, 10.860754, 10.923516, 10.366921, 10.46134, 10.435888, 10.793335, 10.503304, 10.628063, 10.67237, 10.366921, 10.46134, 10.725877, 11.096403, 10.628063, 10.597723, 10.788412, 10.46134, 10.366921, 10.652029, 10.503304, 10.597723, 10.880218, 10.652029, 10.815415, 10.652029, 10.503304, 10.435888, 10.435888, 10.435888, 10.720997, 10.725877, 10.913171, 11.194712, 10.46134, 10.9639, 10.794834, 10.9639, 11.226126, 10.560082, 10.366921, 10.435888, 10.720997, 10.669017, 11.171748};