name="EBOwithCMAR CEC17";
dim=10;
bound=3;
testID=18;
(*--------*)
min=0.00065481197;
max=0.5;
median=0.44470496;
mean=0.3457193624405882;
std=0.18569834877772895;
(*--------*)
data={0.37468998, 0.44470496, 0.029077214, 0.48535157, 0.26345845, 0.49888428, 0.49436358, 0.48866596, 0.47370257, 0.14859496, 0.45024553, 0.4999675, 0.32523839, 0.43302713, 0.49999968, 0.0038561414, 0.49998122, 0.00065481197, 0.46761947, 0.36412224, 0.4947975, 0.33254624, 0.14633139, 0.49999738, 0.46757521, 0.0023753845, 0.49999962, 0.49858314, 0.053833354, 0.49822371, 0.49893058, 0.34275058, 0.5, 0.30462179, 0.4303356, 0.01879092, 0.058754029, 0.45716358, 0.48944288, 0.21448526, 0.49776294, 0.026158664, 0.0012825398, 0.0050731558, 0.4995211, 0.39816891, 0.47972476, 0.49807456, 0.49962221, 0.37359291, 0.29696195};