name="EBOwithCMAR CEC17";
dim=10;
bound=5;
testID=29;
(*--------*)
min=227.84204;
max=240.84836;
median=232.95652;
mean=233.1618445098039;
std=2.933848621491788;
(*--------*)
data={231.06193, 230.88546, 236.49901, 235.51231, 237.75682, 230.08207, 231.44587, 232.39499, 233.12992, 232.80096, 232.81291, 234.94734, 232.66602, 230.81397, 232.31532, 233.05838, 232.95652, 230.71427, 233.5601, 233.88881, 231.50612, 232.69685, 229.20836, 228.92268, 228.7209, 229.03526, 231.93107, 229.99652, 233.71847, 229.96149, 239.35139, 231.10947, 233.14174, 237.96951, 233.93918, 234.69977, 227.84204, 235.65511, 234.29086, 237.65981, 235.35292, 231.48541, 240.84836, 230.8561, 236.08986, 234.4818, 235.16833, 234.25487, 228.62961, 236.70051, 236.72672};