name="EBOwithCMAR CEC17";
dim=10;
bound=1;
testID=30;
(*--------*)
min=394.50077;
max=817578.06;
median=407.45011;
mean=32461.687212745106;
std=160195.7843009242;
(*--------*)
data={407.43555, 442.65984, 394.50077, 442.65984, 817578.06, 394.50375, 409.67249, 410.84599, 407.43555, 442.66034, 407.46071, 407.43555, 464.20053, 442.90726, 501.41444, 407.43558, 407.45836, 442.65984, 394.51415, 407.45361, 407.45011, 407.45449, 394.50077, 394.51415, 407.43669, 394.5017, 407.45361, 394.50077, 440.93972, 442.65984, 394.50077, 407.43556, 407.45356, 407.44904, 407.43555, 394.50077, 483.87946, 394.50077, 394.5017, 394.51415, 407.43558, 394.50077, 407.66826, 442.74756, 817578.06, 442.65984, 394.51415, 394.5017, 407.43556, 442.90726, 442.65984};