name="EBOwithCMAR CEC17";
dim=10;
bound=1;
testID=16;
(*--------*)
min=0.020804816;
max=0.74101956;
median=0.44460053;
mean=0.4105876612549019;
std=0.20977102530786826;
(*--------*)
data={0.74101956, 0.70806284, 0.66072042, 0.47677044, 0.45131014, 0.57929027, 0.49938312, 0.66827427, 0.5215702, 0.44442367, 0.65591593, 0.3225994, 0.48974463, 0.46936021, 0.020804816, 0.41828861, 0.023385278, 0.50604049, 0.28845344, 0.24713793, 0.49999558, 0.062261303, 0.53341705, 0.084706339, 0.44460053, 0.34320246, 0.25835093, 0.20314412, 0.029819833, 0.24137287, 0.12848993, 0.373605, 0.047441342, 0.45468367, 0.72598199, 0.23262912, 0.32755578, 0.48870626, 0.51976982, 0.39187546, 0.029272733, 0.36686429, 0.42348448, 0.31854224, 0.47330242, 0.71442823, 0.69460117, 0.41680294, 0.69162419, 0.72723201, 0.49965097};