name="EBOwithCMAR CEC17";
dim=10;
bound=1;
testID=19;
(*--------*)
min=0.;
max=0.039357744;
median=0.019752521;
mean=0.0175991260909002;
std=0.010129425101783133;
(*--------*)
data={0.022336704, 0.019954282, 0.020579033, 0.020867225, 0.019471835, 0.01973318, 0.020001844, 0.011224623, 0.029795533, 0.019760344, 0.019816675, 0., 0.030053657, 0.039210136, 0.000018854608, 0.019740319, 0.029496484, 0.019577633, 0.00055750464, 0.01981361, 0.019746911, 0.019609952, 0.01994663, 0.000092524608, 0.019752521, 0.011021504, 0.024861477, 0.00026831187, 0.000017445351, 7.1526642*^-6, 0.016192186, 0.019767503, 0.021987686, 0.00077796055, 0.019754978, 0.021471448, 0.019747056, 0.020237684, 7.6311471*^-7, 0.039357744, 0.019729344, 0.00016029823, 0.02010416, 0.019730402, 0.032510299, 0.019433634, 0.030068173, 0.019896438, 0.019729344, 0.019564792, 0.019999632};