name="jSO CEC17";
dim=15;
bound=1;
testID=4;
(*--------*)
min=0.;
max=0.38297961;
median=0.159272875;
mean=0.16693526966666672;
std=0.0957962360917229;
(*--------*)
data={0.15963667, 0.14770905, 0.04070871, 0.34129011, 0.29578644, 0., 0.21534171, 0.04801817, 0.0760238, 0.17766347, 0., 0.19284608, 0.17386101, 0.19852224, 0.23921179, 0.13022854, 0.14965901, 0.10915413, 0.38297961, 0.05465733, 0.1706472, 0.28402754, 0.25933775, 0.15482243, 0.15890908, 0.26668117, 0.24577905, 0.15663399, 0.09447221, 0.0834498};