name="jSO CEC17";
dim=15;
bound=5;
testID=3;
(*--------*)
min=0.;
max=15.56697651;
median=15.56697651;
mean=8.473960643666665;
std=7.743241457637339;
(*--------*)
data={0., 15.56697651, 0., 15.56697651, 15.56697651, 3.70705464, 0., 1.40736587, 15.56697651, 15.56697651, 15.56697651, 0., 0., 0., 0., 15.56697651, 15.56697651, 0., 15.56697651, 15.56697651, 15.56697651, 15.56697651, 15.56697651, 0., 0.03277464, 15.56697651, 15.56697651, 0., 15.56697651, 0.};