name="jSO CEC17";
dim=15;
bound=1;
testID=3;
(*--------*)
min=0.;
max=15.56697651;
median=15.56697651;
mean=8.302387471999998;
std=7.898937053216438;
(*--------*)
data={15.56697651, 0., 0., 0., 15.56697651, 0., 15.56697651, 0., 15.56697651, 15.56697651, 0., 0., 15.56697651, 15.56697651, 0., 0., 0., 0., 15.56697651, 15.56697651, 0., 15.56697651, 0., 15.56697651, 15.56697651, 15.56697651, 15.56697651, 15.56697651, 0., 15.56697651};