name="jSO CEC17";
dim=15;
bound=4;
testID=8;
(*--------*)
min=0.;
max=100.;
median=0.;
mean=16.666666666666668;
std=37.90490217894517;
(*--------*)
data={0., 0., 0., 0., 100., 0., 100., 0., 0., 100., 0., 0., 0., 0., 0., 0., 0., 0., 0., 100., 0., 0., 0., 0., 100., 0., 0., 0., 0., 0.};