name="jSO CEC17";
dim=15;
bound=3;
testID=4;
(*--------*)
min=0.03110344;
max=0.30291134;
median=0.199299415;
mean=0.19214528766666664;
std=0.07314945945609501;
(*--------*)
data={0.10451874, 0.22366558, 0.25040886, 0.25512756, 0.19457877, 0.28298039, 0.17139104, 0.30291134, 0.21899812, 0.12471408, 0.10339293, 0.18418617, 0.11273919, 0.30286957, 0.19377424, 0.20402006, 0.03110344, 0.1751854, 0.19338315, 0.12101375, 0.05272595, 0.21478855, 0.0842234, 0.20732754, 0.21433775, 0.24463365, 0.25458719, 0.27597739, 0.17882119, 0.28597364};