name="jSO CEC17";
dim=15;
bound=4;
testID=7;
(*--------*)
min=0.28997385;
max=1.40725585;
median=0.596440255;
mean=0.6230725486666666;
std=0.22879993750536062;
(*--------*)
data={0.7551886, 0.4636799, 0.60271053, 0.51206306, 0.77305231, 0.58774945, 0.71397675, 0.32177391, 0.52293403, 0.7163633, 0.29920712, 0.28997385, 0.86591764, 0.45068232, 0.50799234, 0.59489575, 0.59798476, 0.75309171, 0.90623229, 0.6910894, 0.43549146, 0.53787949, 0.97139186, 0.46842026, 0.44192703, 0.61707688, 0.72730308, 1.40725585, 0.73747175, 0.42139978};