name="jSO CEC17";
dim=15;
bound=0;
testID=3;
(*--------*)
min=0.;
max=15.56697651;
median=0.;
mean=5.741056689;
std=7.606341094733545;
(*--------*)
data={0., 0., 0.99495906, 0., 15.56697651, 0., 0., 0., 15.56697651, 0., 0., 15.56697651, 15.56697651, 15.56697651, 15.56697651, 0., 0., 15.56697651, 15.56697651, 0., 0., 15.56697651, 0., 15.56697651, 0., 0., 15.56697651, 0., 0., 0.};