name="jSO CEC17";
dim=15;
bound=2;
testID=8;
(*--------*)
min=0.;
max=100.;
median=0.;
mean=5.940140490999999;
std=19.781986363286176;
(*--------*)
data={0., 0., 0., 0., 100., 0., 0., 0., 0., 0., 0., 0., 0., 0., 0., 20.90357249, 0., 15.83627652, 0., 0., 0., 0., 0., 0., 0., 0., 41.46436572, 0., 0., 0.};