name="jSO CEC17";
dim=15;
bound=0;
testID=7;
(*--------*)
min=0.06956526;
max=0.95099639;
median=0.4789841;
mean=0.4915806246666667;
std=0.23917741280609695;
(*--------*)
data={0.82600788, 0.1279288, 0.31817767, 0.67546375, 0.49840755, 0.43952824, 0.52596209, 0.55488133, 0.0779683, 0.21273546, 0.5223612, 0.71909804, 0.30092245, 0.26933416, 0.40048478, 0.50215217, 0.81409453, 0.49105421, 0.39856495, 0.76660785, 0.24226984, 0.80066694, 0.95099639, 0.46323387, 0.61992644, 0.46691399, 0.89987893, 0.46462136, 0.32761031, 0.06956526};