name="jSO CEC17";
dim=15;
bound=1;
testID=6;
(*--------*)
min=0.16111762;
max=70.95014389;
median=1.09169415;
mean=9.316822048000002;
std=15.054559307857293;
(*--------*)
data={0.60511131, 8.57893551, 16.78197133, 8.84908286, 8.53906474, 0.49655264, 0.34238951, 0.34516284, 0.17870251, 8.57259529, 0.16111762, 0.33226803, 0.36443646, 70.95014389, 0.17748593, 8.40054797, 8.55444923, 0.50118184, 31.9674875, 29.44747909, 0.1774287, 8.58255653, 0.53866142, 29.57084853, 0.49956849, 0.22531943, 1.57827699, 16.88858364, 0.20776582, 17.08948579};