name="jSO CEC17";
dim=15;
bound=1;
testID=5;
(*--------*)
min=2.14603566;
max=29.57371719;
median=12.51622081;
mean=13.676338380333336;
std=7.562212900725941;
(*--------*)
data={12.36010578, 12.67233584, 26.13576773, 14.8183715, 6.12586685, 14.66794645, 20.84604641, 10.52630522, 29.01225262, 11.52126427, 14.50613641, 15.65721301, 2.14603566, 11.52126427, 23.46073765, 20.90656581, 8.42802006, 9.37522861, 3.29711226, 8.58413256, 11.52126427, 13.1893547, 19.74541628, 19.637024, 29.57371719, 3.29711226, 18.64206495, 3.29711226, 10.68242276, 4.13595377};