name="jSO CEC17";
dim=15;
bound=3;
testID=8;
(*--------*)
min=0.;
max=100.;
median=0.;
mean=28.505388307;
std=44.39551437784824;
(*--------*)
data={100., 0., 0., 100., 100., 0., 0., 100., 0., 100., 0., 0., 30.14990207, 25.01174705, 100., 100., 0., 0., 0., 0., 9.*^-8, 0., 0., 0., 0., 0., 0., 100., 0., 0.};