name="jSO CEC17";
dim=15;
bound=2;
testID=5;
(*--------*)
min=0.15611755;
max=22.46577859;
median=7.852479235000001;
mean=9.317915039999999;
std=7.529798073428444;
(*--------*)
data={3.82273294, 0.31223509, 15.52340167, 22.08288282, 1.98991811, 2.98487717, 14.35001886, 9.6874637, 2.98487717, 10.52630522, 19.90153383, 1.30719415, 1.1510766, 7.27694345, 21.31472218, 10.94451936, 17.64712609, 18.4859474, 8.42801502, 14.8183715, 19.91512597, 6.12586685, 5.44314289, 0.15611755, 1.30719415, 10.52630522, 22.46577859, 2.14603566, 2.61460973, 3.29711226};