name="jSO CEC17";
dim=15;
bound=4;
testID=5;
(*--------*)
min=0.46835725;
max=33.08178205;
median=11.677381815;
mean=12.432811512333336;
std=7.531226024592986;
(*--------*)
data={11.83349936, 8.27189747, 1.1510766, 18.90657477, 13.35506484, 20.63198306, 6.13337053, 0.46835725, 10.68242276, 9.53134616, 11.52126427, 17.22643794, 3.45322981, 1.46331169, 27.86117601, 12.36010578, 9.6874637, 12.2517135, 9.53134616, 11.52126427, 14.50613641, 19.78610463, 18.90657477, 8.5363871, 12.51622333, 33.08178205, 2.14603566, 13.92957553, 20.47586551, 11.25675445};