name="jSO CEC17";
dim=15;
bound=1;
testID=2;
(*--------*)
min=0.;
max=3.19728148;
median=0.08327479;
mean=0.3774059543333334;
std=0.9521300773512418;
(*--------*)
data={0.08327479, 0.04163739, 3.19728148, 0.04163739, 0.12491218, 0.0474272, 0.08327479, 0.04163739, 0.08327479, 0.08327479, 0.16654958, 0.08327479, 0., 0.04163739, 0., 0.04163739, 0., 0.12491218, 0.04163739, 0.04163739, 0.04163739, 0.08327479, 0.04163739, 0.12491218, 0.10068605, 0.08327479, 0.04163739, 3.19728148, 0.08327479, 3.15564408};