name="jSO CEC17";
dim=15;
bound=1;
testID=10;
(*--------*)
min=100.05961343;
max=400.;
median=400.;
mean=390.0019871143333;
std=54.76137187706954;
(*--------*)
data={400., 400., 400., 400., 400., 400., 400., 400., 100.05961343, 400., 400., 400., 400., 400., 400., 400., 400., 400., 400., 400., 400., 400., 400., 400., 400., 400., 400., 400., 400., 400.};