name="jSO CEC17";
dim=15;
bound=2;
testID=4;
(*--------*)
min=0.;
max=0.36425441;
median=0.11362279;
mean=0.14973222233333336;
std=0.0976565558578237;
(*--------*)
data={0.23096527, 0.11333665, 0.1884037, 0.08871414, 0.36425441, 0.05266052, 0.05565194, 0.23295916, 0.11262547, 0.11383531, 0.23563902, 0.32015274, 0.06937404, 0.10152618, 0.3560365, 0.04023206, 0.19219799, 0.13021757, 0.1367586, 0.16309749, 0.01977807, 0.04211185, 0.11031508, 0.24126413, 0.11341027, 0.2340413, 0.09126167, 0., 0.25338391, 0.08776163};