name="jSO CEC17";
dim=15;
bound=0;
testID=2;
(*--------*)
min=0.;
max=0.16654958;
median=0.08327479;
mean=0.07360561999999998;
std=0.04965887326861097;
(*--------*)
data={0.08327479, 0.08327479, 0.04163739, 0.08327479, 0.12491218, 0.12491218, 0., 0.00138666, 0., 0.08327479, 0.12491218, 0.12491218, 0., 0.16654958, 0., 0.08327479, 0.08327479, 0.12491218, 0.04163745, 0.08327479, 0.08327479, 0.08327479, 0.12491218, 0., 0.08327479, 0.12491218, 0.08327479, 0.04163739, 0., 0.12491218};