name="jSO CEC17";
dim=15;
bound=4;
testID=3;
(*--------*)
min=0.;
max=15.56697651;
median=0.;
mean=6.975732777666665;
std=7.741741321042005;
(*--------*)
data={0., 0., 15.56697651, 0., 0., 0., 0., 0., 0., 6.9012887, 15.56697651, 15.56697651, 0., 15.56697651, 0., 0., 0., 0., 15.56697651, 15.56697651, 15.56697651, 15.56697651, 0., 15.56697651, 15.56697651, 0., 0., 15.56697651, 15.56697651, 15.56697651};