name="jSO CEC17";
dim=15;
bound=2;
testID=2;
(*--------*)
min=0.;
max=0.16654958;
median=0.04163739;
mean=0.06236892766666666;
std=0.05311395522009931;
(*--------*)
data={0.04163739, 0., 0.08327479, 0.04163739, 0.04163739, 0.04163739, 0.08327479, 0.08327479, 0.04163739, 0., 0., 0.08327479, 0.16654958, 0., 0.08327479, 0.16654958, 0., 0.12491218, 0.04163739, 0.04163739, 0., 0.12491218, 0.08327479, 0.12491218, 0.08327479, 0.16393469, 0.04163739, 0.08327479, 0., 0.};