name="jSO CEC17";
dim=15;
bound=3;
testID=2;
(*--------*)
min=0.;
max=0.20818697;
median=0.08327479;
mean=0.07217183466666666;
std=0.047578841603873094;
(*--------*)
data={0.04163739, 0.08327479, 0.12491218, 0.08327479, 0.08327479, 0.04163739, 0.08327479, 0.08327479, 0.08327479, 0., 0., 0.20818697, 0.08327479, 0.12491218, 0.08328259, 0., 0.08327479, 0.08327479, 0.12491218, 0.04163739, 0.08327755, 0.04163739, 0.04163739, 0.08327479, 0.04163739, 0.04163739, 0.08327479, 0., 0.04163739, 0.16654958};