name="jSO CEC17";
dim=15;
bound=5;
testID=7;
(*--------*)
min=0.08837079;
max=1.11522436;
median=0.66892749;
mean=0.6149875059999999;
std=0.2579552605517853;
(*--------*)
data={0.81173066, 0.66045869, 0.78855526, 0.29996628, 1.11522436, 0.99588913, 0.31052484, 0.67739629, 0.54317064, 0.71771233, 0.58432712, 0.75200093, 0.6384467, 0.08837079, 0.71713806, 0.39017292, 0.69730226, 0.10855166, 0.75684347, 0.34598007, 0.4405521, 0.84640053, 0.91376755, 0.46636821, 0.32945489, 0.58568624, 0.74959722, 0.75310987, 1.00925663, 0.35566948};