name="jSO CEC17";
dim=15;
bound=0;
testID=8;
(*--------*)
min=0.;
max=100.;
median=0.;
mean=14.710116047333333;
std=34.42272869366747;
(*--------*)
data={0., 19.8032403, 0., 100., 100., 0., 0., 0., 0., 0., 0., 100., 0., 0., 21.50024112, 0., 0., 0., 0., 0., 0., 0., 100., 0., 0., 0., 0., 0., 0., 0.};