name="jSO CEC17";
dim=15;
bound=2;
testID=6;
(*--------*)
min=0.15613372;
max=8.92931427;
median=0.342430405;
mean=1.4392899056666661;
std=2.9145261382295313;
(*--------*)
data={0.34184771, 0.15613372, 0.1853589, 0.80891508, 0.15627442, 0.36314275, 0.19721454, 8.92931427, 0.23250548, 0.3430131, 0.18829607, 8.72380824, 8.56819717, 8.72224865, 0.49412474, 0.51276142, 0.18779344, 0.3398187, 0.33195189, 0.35320941, 0.33508115, 0.34965438, 0.39847687, 0.36303171, 0.4945495, 0.18183989, 0.34398124, 0.20249801, 0.18715749, 0.18649723};