name="jSO CEC17";
dim=15;
bound=2;
testID=7;
(*--------*)
min=0.08818804;
max=0.91801146;
median=0.658306095;
mean=0.6086074133333333;
std=0.20297767683247459;
(*--------*)
data={0.86014423, 0.48871712, 0.69941721, 0.32448882, 0.78479939, 0.47579898, 0.30872403, 0.48518032, 0.87731703, 0.73307368, 0.7666076, 0.08818804, 0.70733563, 0.26676991, 0.61644319, 0.53504599, 0.32538034, 0.6250923, 0.57570617, 0.71722041, 0.54084997, 0.81911851, 0.84668518, 0.66668161, 0.70437006, 0.91801146, 0.64993058, 0.69761187, 0.7179656, 0.43554717};