name="jSO CEC17";
dim=15;
bound=5;
testID=4;
(*--------*)
min=0.;
max=0.33166456;
median=0.21405495000000002;
mean=0.17770302266666665;
std=0.10296518826072697;
(*--------*)
data={0.251387, 0.33166456, 0.20997757, 0.17647828, 0.15138235, 0.22172257, 0.25712547, 0.10510891, 0.25744924, 0.26787646, 0., 0.29829515, 0.20117887, 0.09002566, 0.24462677, 0.12737832, 0.12855433, 0.17161065, 0.22032566, 0.254557, 0.21813233, 0., 0., 0.00987684, 0.2895799, 0.26641976, 0.2970949, 0.05430493, 0.2289572, 0.};