name="jSO CEC17";
dim=15;
bound=1;
testID=9;
(*--------*)
min=100.;
max=389.69144228;
median=200.;
mean=207.83810917133334;
std=120.0267181552905;
(*--------*)
data={200.5858489, 200., 100., 386.08538569, 100., 100., 389.67758269, 100., 200., 200.33905632, 100., 100., 389.67758269, 300.91786137, 100., 100., 200., 389.69144228, 300., 389.67758269, 100., 337.60582229, 361.20752753, 100., 100., 200., 389.67758269, 100., 100., 100.};