name="jSO CEC17";
dim=15;
bound=3;
testID=5;
(*--------*)
min=1.1510766;
max=29.10194582;
median=5.115766175;
mean=7.605487731333332;
std=6.253804789001712;
(*--------*)
data={1.61942924, 15.34497792, 3.29711226, 10.68242276, 3.29711226, 1.1510766, 1.61942924, 3.60255806, 15.50109546, 14.50613641, 11.36514673, 5.68135052, 1.46333253, 10.10567784, 5.13090779, 3.45322981, 1.30719415, 7.66749828, 15.50109546, 3.29711226, 4.97479025, 5.10062456, 4.13595377, 29.10194582, 9.42295388, 2.45827075, 9.26683633, 14.66225395, 9.11073898, 4.33636807};