name="jSO CEC17";
dim=15;
bound=1;
testID=7;
(*--------*)
min=0.05741847;
max=1.06967219;
median=0.735628305;
mean=0.6716093236666667;
std=0.2538780623327086;
(*--------*)
data={0.46403682, 0.74099227, 0.76134791, 0.37752359, 0.88779545, 0.72293357, 0.84340185, 0.59107447, 0.96426472, 0.79465076, 0.70874363, 0.76630276, 0.52905211, 1.05243463, 1.06967219, 0.85659022, 0.12170185, 0.44329727, 0.61605681, 0.73026434, 0.31632889, 0.91766646, 0.67891698, 0.56644225, 0.79475987, 0.29172401, 0.79143379, 0.81769743, 0.05741847, 0.87375434};