name="jSO CEC17";
dim=15;
bound=0;
testID=5;
(*--------*)
min=1.1510766;
max=32.72773588;
median=6.857522695;
mean=8.647555217666667;
std=7.513622536383831;
(*--------*)
data={1.30719415, 5.13090779, 2.30215321, 6.2819844, 22.99980867, 9.84358125, 10.39183401, 1.1510766, 6.43810194, 21.19246346, 32.72773588, 2.45827075, 9.11071879, 2.45827075, 2.30215321, 1.1510766, 15.50109546, 13.51117735, 3.29711226, 13.6672949, 10.37018767, 2.6143883, 3.45322981, 12.67234088, 1.30719415, 7.27694345, 2.77467982, 10.37018767, 10.41791294, 14.94558041};