name="jSO CEC17";
dim=15;
bound=3;
testID=6;
(*--------*)
min=0.00156508;
max=8.72274238;
median=0.193276865;
mean=0.7945729346666667;
std=2.146476778753733;
(*--------*)
data={0.03080591, 0.19634458, 0.12319475, 0.02215489, 0.19020915, 0.18332122, 0.16563424, 0.15619002, 0.38708733, 0.35171049, 0.17608348, 0.34417148, 0.18837851, 0.00156508, 0.20519372, 0.0270594, 0.31384397, 0.18641491, 0.06287595, 0.32641311, 0.50979396, 0.18892425, 0.17819126, 0.44587958, 0.21125887, 0.34394232, 0.64420323, 8.72274238, 0.33202819, 8.62157181};