name="jSO CEC17";
dim=15;
bound=4;
testID=9;
(*--------*)
min=100.;
max=200.;
median=100.;
mean=103.33333333333333;
std=18.25741858350554;
(*--------*)
data={100., 100., 100., 100., 100., 100., 100., 100., 100., 100., 100., 100., 100., 100., 100., 100., 100., 100., 100., 100., 100., 100., 100., 200., 100., 100., 100., 100., 100., 100.};