name="jSO CEC17";
dim=15;
bound=0;
testID=6;
(*--------*)
min=0.15836845;
max=16.99311745;
median=0.349612635;
mean=2.28385689;
std=4.7292022714319;
(*--------*)
data={0.33756749, 0.19107672, 0.50812686, 0.36873443, 0.34896236, 0.35026291, 0.47609941, 0.49888081, 0.15836845, 0.48918987, 0.60321595, 0.49809098, 0.15971739, 8.54108474, 8.7265011, 0.4881434, 0.16169269, 0.17764025, 0.34146431, 8.7125317, 0.17944198, 0.34489586, 0.33362861, 0.2820775, 0.18534364, 0.73411768, 16.96286789, 16.99311745, 0.18545292, 0.17741135};