name="jSO CEC17";
dim=15;
bound=4;
testID=2;
(*--------*)
min=0.;
max=0.16654958;
median=0.04163739;
mean=0.047199263666666665;
std=0.04472788538270448;
(*--------*)
data={0.08327479, 0., 0., 0.12491218, 0.08327479, 0., 0., 0.04163739, 0., 0., 0.04193873, 0.04163739, 0.08327479, 0.08327479, 0.12491218, 0.04163739, 0., 0.04163739, 0.04163739, 0.04163739, 0.04163739, 0.04163739, 0.16654958, 0., 0.08327479, 0.08327479, 0., 0.04164259, 0.08327479, 0.};