name="jSO CEC17";
dim=15;
bound=0;
testID=4;
(*--------*)
min=0.;
max=0.33600831;
median=0.18628633;
mean=0.1579527486666667;
std=0.09220165330967676;
(*--------*)
data={0.03275662, 0., 0.20410224, 0.13393778, 0.21881952, 0.28407565, 0.22380679, 0.24644281, 0.33600831, 0.05119366, 0.18828266, 0.0510114, 0.22332772, 0.08127098, 0.19956597, 0.19872985, 0.02974608, 0.2910076, 0.18429, 0.06738096, 0.08263284, 0.0783149, 0.21499587, 0.10939989, 0.17846722, 0.23512074, 0.0335994, 0.25628936, 0.08067923, 0.22332641};