name="jSO CEC17";
dim=15;
bound=3;
testID=3;
(*--------*)
min=0.;
max=15.56697651;
median=15.56697651;
mean=10.896883557;
std=7.2556369840288655;
(*--------*)
data={15.56697651, 15.56697651, 15.56697651, 0., 15.56697651, 0., 15.56697651, 15.56697651, 0., 0., 0., 15.56697651, 15.56697651, 15.56697651, 15.56697651, 15.56697651, 15.56697651, 0., 15.56697651, 15.56697651, 0., 15.56697651, 15.56697651, 15.56697651, 15.56697651, 0., 0., 15.56697651, 15.56697651, 15.56697651};