name="jSO CEC17";
dim=15;
bound=5;
testID=2;
(*--------*)
min=0.;
max=0.12491218;
median=0.04163739;
mean=0.04166726466666667;
std=0.036301515481672125;
(*--------*)
data={0.04163739, 0., 0.04163739, 0.08327479, 0.08417094, 0.04163739, 0.12491218, 0.04163739, 0.04163739, 0., 0., 0., 0.08327479, 0., 0., 0.08327479, 0., 0., 0.08327479, 0.08327479, 0.04163739, 0.04163739, 0.08327479, 0., 0., 0.08327479, 0.04163739, 0.04163739, 0.04163739, 0.04163739};