name="jSO CEC17";
dim=15;
bound=0;
testID=10;
(*--------*)
min=100.07798095;
max=400.;
median=400.;
mean=389.9669923473333;
std=54.7516402865644;
(*--------*)
data={400., 400., 400., 400., 400., 400., 400., 400., 400., 400., 400., 400., 400., 400., 400., 400., 400., 400., 400., 400., 100.07798095, 400., 400., 400., 400., 398.93178947, 400., 400., 400., 400.};