name="jSO CEC17";
dim=15;
bound=0;
testID=9;
(*--------*)
min=100.;
max=300.;
median=100.;
mean=125.54395274166667;
std=50.79483706508756;
(*--------*)
data={100., 100., 100., 100., 200., 100., 100., 100., 100., 100., 100., 100., 100., 100., 100., 200., 100., 100., 100., 300., 200., 100., 166.31858225, 100., 200., 200., 100., 100., 100., 100.};