name="jSO CEC17";
dim=15;
bound=5;
testID=9;
(*--------*)
min=100.;
max=200.;
median=100.;
mean=103.33396587866667;
std=18.257299443103086;
(*--------*)
data={100., 100., 100., 100.01897636, 100., 100., 100., 100., 100., 100., 100., 100., 100., 100., 100., 100., 100., 100., 100., 100., 100., 100., 100., 200., 100., 100., 100., 100., 100., 100.};