name="jSO CEC17";
dim=15;
bound=3;
testID=9;
(*--------*)
min=100.;
max=200.;
median=100.;
mean=122.49933824499999;
std=41.694804288656336;
(*--------*)
data={200., 100., 100., 100., 200., 200., 100., 100., 100., 100., 100., 100., 100., 100., 100., 100., 200., 100., 100., 100., 200., 100.1347539, 174.84539345, 100., 100., 100., 100., 100., 200., 100.};