name="jSO CEC17";
dim=15;
bound=4;
testID=4;
(*--------*)
min=0.03250665;
max=0.33358635;
median=0.166239505;
mean=0.17443753766666673;
std=0.0794183079607226;
(*--------*)
data={0.20843455, 0.08057676, 0.17213456, 0.21628683, 0.29351068, 0.27441944, 0.14121552, 0.13657865, 0.23641853, 0.07242158, 0.06339673, 0.12343576, 0.14840488, 0.33358635, 0.11515264, 0.07691454, 0.20485779, 0.17533616, 0.30419792, 0.24049917, 0.19449616, 0.10191635, 0.1119659, 0.15142095, 0.1367861, 0.16034445, 0.18122154, 0.3114892, 0.03250665, 0.23319979};