name="jSO CEC17";
dim=15;
bound=3;
testID=7;
(*--------*)
min=0.10375912;
max=1.36974515;
median=0.652359125;
mean=0.6304519226666667;
std=0.3223705297250518;
(*--------*)
data={0.69866876, 1.00657895, 0.27555537, 0.20900932, 0.40688989, 0.21580615, 0.83288615, 0.85952738, 0.10375912, 0.4278911, 0.75641949, 0.6651773, 0.45139131, 0.63633021, 0.79717477, 1.15843451, 0.67436589, 0.89852303, 1.36974515, 0.24675927, 0.39940919, 0.46225708, 0.63954095, 0.75524876, 1.14833017, 0.4304939, 0.96650979, 0.85129138, 0.26487066, 0.30471268};