name="jSO CEC17";
dim=15;
bound=2;
testID=3;
(*--------*)
min=0.;
max=15.56697651;
median=15.56697651;
mean=8.821286688999999;
std=7.8458640867905505;
(*--------*)
data={15.56697651, 15.56697651, 0., 0., 0., 0., 0., 15.56697651, 0., 15.56697651, 0., 15.56697651, 15.56697651, 15.56697651, 0., 0., 0., 15.56697651, 15.56697651, 0., 15.56697651, 15.56697651, 0., 15.56697651, 15.56697651, 15.56697651, 15.56697651, 15.56697651, 15.56697651, 0.};