name="jSO CEC17";
dim=15;
bound=5;
testID=6;
(*--------*)
min=0.02106116;
max=37.66173883;
median=0.35606653;
mean=2.448679914333334;
std=7.121806576876545;
(*--------*)
data={0.02272362, 0.7512971, 8.55975029, 0.18389085, 0.19305815, 0.51762326, 0.33211388, 0.71019504, 0.3156309, 0.31527398, 0.02970857, 0.3553046, 8.87066315, 8.69523208, 0.02106116, 0.4926827, 0.44308503, 0.35682846, 0.49892863, 0.69965903, 37.66173883, 0.1829683, 0.35311373, 0.49130115, 0.18542159, 0.67513811, 0.32140357, 0.17745435, 0.33616831, 0.71097901};