name="jSO CEC17";
dim=15;
bound=5;
testID=5;
(*--------*)
min=0.31223509;
max=42.61312317;
median=10.394050305;
mean=10.568993188666667;
std=8.050488863925281;
(*--------*)
data={20.36742762, 14.50613641, 11.52126427, 2.14603566, 11.52126427, 10.37018767, 3.29711226, 1.1510766, 42.61312317, 18.4859676, 10.37018767, 11.36514673, 3.45322981, 4.44818887, 4.44818383, 4.44818887, 13.51117735, 12.67234088, 3.45322981, 0.31223509, 14.10827744, 9.53134616, 9.53134616, 18.90657477, 5.13091283, 10.52630522, 14.50613641, 10.41791294, 10.83854031, 9.11073898};