name="jSO CEC17";
dim=15;
bound=4;
testID=6;
(*--------*)
min=0.08579822;
max=8.81005772;
median=0.34146798;
mean=1.7236901903333333;
std=3.135743660333313;
(*--------*)
data={8.41336963, 0.49076408, 0.65418452, 0.33264965, 0.17829238, 0.62038924, 0.20582911, 0.19243796, 0.34152431, 8.5588365, 0.64482401, 0.08579822, 0.16231011, 0.34356474, 8.71454501, 0.20283343, 0.49296782, 8.81005772, 0.33910018, 0.72338383, 0.17645797, 0.33655393, 0.15757212, 0.21446171, 0.34988843, 0.57833357, 0.1762762, 0.33548009, 8.53660759, 0.34141165};