name="EBOwithCMAR CEC17";
dim=100;
bound=1;
testID=20;
(*--------*)
min=776.84163;
max=2200.1033;
median=1636.6387;
mean=1601.263504901961;
std=323.67408734700297;
(*--------*)
data={1500.8596, 1504.5004, 1504.3015, 1665.6354, 1846.7098, 1979.6989, 1791.7246, 1107.0722, 776.84163, 2002.842, 1011.0607, 2200.1033, 1738.1907, 1519.1708, 1542.7108, 1488.884, 1834.4233, 1487.2789, 1419.7478, 1727.3548, 1825.2972, 2054.3555, 2135.6811, 1737.9819, 1331.0262, 851.59752, 1660.7735, 2034.5565, 1552.8912, 1649.0839, 1971.8703, 1692.2813, 1661.5264, 1505.5415, 1225.9623, 1396.4823, 1263.6839, 1411.7461, 1204.787, 2169.6694, 1476.6097, 1636.6387, 1653.3109, 1547.4547, 1032.825, 1828.0652, 1429.163, 1895.9015, 1662.6511, 1966.9054, 1549.0074};