name="EBOwithCMAR CEC17";
dim=100;
bound=1;
testID=29;
(*--------*)
min=828.82407;
max=1923.0387;
median=1399.5113;
mean=1351.2722335294118;
std=254.77734567133484;
(*--------*)
data={1451.5005, 1525.7115, 1740.9628, 1406.6922, 1611.5693, 1532.5353, 854.54907, 892.98316, 1761.2136, 1307.4783, 1422.3716, 1724.6979, 1463.9866, 1086.1322, 1327.9709, 1313.3789, 1609.7423, 1343.7424, 1050.5228, 1110.1979, 1287.2787, 1246.26, 1504.0687, 828.82407, 1637.6393, 1291.9834, 930.24278, 1399.5113, 1302.5716, 1459.9971, 1128.0014, 1070.7741, 1315.6724, 1458.8413, 1202.9665, 1247.2615, 1448.3584, 1426.2172, 1678.9059, 1532.016, 1634.0189, 1593.2114, 1923.0387, 852.72703, 1417.2182, 1531.1045, 1488.5225, 1116.7099, 1160.0143, 1119.8063, 1143.1813};