name="EBOwithCMAR CEC17";
dim=100;
bound=4;
testID=26;
(*--------*)
min=300.;
max=3392.488;
median=3219.7901;
mean=2823.670887058823;
std=1020.2493906860143;
(*--------*)
data={3324.5854, 3258.4716, 3238.5774, 3210.1634, 3292.2562, 3350.5148, 3269.0674, 300.00007, 3243.5304, 3336.3394, 3066.6672, 3101.2345, 3390.4799, 3256.1238, 3111.3719, 300.00001, 3025.6411, 3186.4379, 3251.1429, 3297.3056, 3354.773, 3125.1706, 3240.0893, 3256.1568, 3182.3698, 3183.5735, 3111.7202, 3177.1534, 3293.7753, 3268.6511, 300.0001, 3220.6943, 3036.1151, 3299.5519, 3291.1011, 3224.1416, 300.00005, 300.00005, 3219.7901, 3191.0182, 3275.4616, 3314.7345, 3146.106, 3304.4079, 3392.488, 300.00006, 3029.8435, 3157.4069, 3205.6859, 300., 3195.3245};