name="EBOwithCMAR CEC17";
dim=100;
bound=2;
testID=14;
(*--------*)
min=83.678694;
max=181.18833;
median=135.4157;
mean=132.51432570588236;
std=19.580587260144046;
(*--------*)
data={141.38801, 110.5488, 116.51859, 111.5385, 125.46792, 113.5294, 141.40502, 89.671677, 159.3024, 123.47981, 114.52331, 140.39853, 135.41756, 142.38528, 145.36777, 132.43216, 162.28802, 168.25081, 142.38278, 121.48915, 143.37704, 114.52998, 133.43309, 83.678694, 129.4475, 147.36389, 148.35148, 138.40165, 135.4157, 158.30939, 98.606389, 141.39004, 157.3125, 97.609341, 120.49379, 141.38776, 124.4776, 139.40531, 131.4406, 181.18833, 150.34312, 132.43619, 129.44838, 132.43291, 151.34155, 113.53025, 135.41931, 122.52704, 137.40766, 106.56199, 143.37664};