name="EBOwithCMAR CEC17";
dim=100;
bound=5;
testID=17;
(*--------*)
min=437.85731;
max=1784.0806;
median=1275.198;
mean=1230.6138525490198;
std=293.4955710280742;
(*--------*)
data={851.33574, 1491.2099, 1366.6511, 1170.7966, 1383.5223, 801.16852, 1332.1157, 1299.7175, 1590.329, 1784.0806, 911.22762, 1317.0972, 1724.3041, 1651.141, 925.51608, 901.80815, 1223.2073, 1319.3022, 1749.1945, 1033.9645, 677.1622, 1699.14, 1073.196, 1123.9563, 1275.198, 1282.7911, 1213.505, 862.71793, 1472.1203, 1373.8883, 1005.9748, 1318.2929, 1512.6586, 1341.1029, 1452.5336, 1255.5982, 1463.3306, 1255.3141, 1387.6206, 1032.5229, 1025.6371, 1583.6771, 1400.2318, 939.96804, 792.05217, 437.85731, 1331.1845, 885.00012, 1115.4758, 1266.08, 1077.8286};