name="EBOwithCMAR CEC17";
dim=100;
bound=1;
testID=5;
(*--------*)
min=14.924386;
max=35.818521;
median=25.868935;
mean=26.356659686274508;
std=4.595687080137537;
(*--------*)
data={26.863895, 22.884058, 30.843731, 27.858854, 21.889099, 32.833649, 26.863895, 24.873976, 30.843731, 30.843731, 14.924386, 28.853813, 19.899181, 34.823557, 35.818521, 29.848772, 29.848772, 23.879017, 24.873976, 22.884058, 24.873976, 30.843726, 26.863895, 21.889099, 29.848772, 32.833649, 23.879017, 29.848772, 18.904222, 25.868935, 19.899181, 28.853808, 26.863895, 23.879017, 25.868935, 32.833649, 25.868935, 30.843731, 21.889099, 18.904222, 24.873976, 25.868935, 30.843721, 23.879017, 22.884058, 29.848772, 23.879017, 19.899181, 32.833644, 23.879017, 21.889099};