name="EBOwithCMAR CEC17";
dim=100;
bound=1;
testID=15;
(*--------*)
min=93.317031;
max=267.52466;
median=151.04031;
mean=153.7861406470589;
std=35.233755870959385;
(*--------*)
data={150.48239, 138.05315, 152.42412, 158.75613, 213.1445, 150.48829, 178.43613, 123.94097, 94.942359, 190.668, 156.70544, 133.76693, 118.2109, 191.00611, 159.61917, 151.04031, 127.83311, 140.89564, 267.52466, 113.93464, 153.47499, 158.13459, 137.10388, 235.93164, 153.5732, 181.50667, 132.66952, 193.33902, 141.11406, 132.82395, 114.79207, 125.03389, 158.32838, 134.83315, 133.86584, 125.51541, 156.69611, 117.93241, 161.50762, 220.30601, 127.9981, 147.64007, 98.779843, 93.317031, 151.43944, 190.74834, 166.45841, 156.80698, 213.34668, 137.76003, 178.44289};