name="EBOwithCMAR CEC17";
dim=100;
bound=4;
testID=5;
(*--------*)
min=17.909263;
max=44.773142;
median=27.858854;
mean=29.263499627450983;
std=5.590131556499828;
(*--------*)
data={24.873976, 33.828603, 26.863895, 22.884058, 29.848767, 23.879017, 27.858854, 26.863895, 29.848772, 25.868935, 29.848772, 23.879017, 33.828608, 26.86389, 27.858854, 18.904222, 32.833644, 26.863895, 25.868935, 26.863895, 36.81347, 36.81348, 32.833649, 17.909263, 35.818521, 26.863895, 34.823562, 25.868935, 30.843731, 43.778178, 25.868935, 38.803393, 26.863895, 27.858854, 22.884058, 27.858849, 25.868935, 21.889099, 31.83869, 24.873976, 31.838685, 22.884058, 29.848772, 44.773142, 29.848772, 35.818526, 23.879017, 35.818526, 30.843731, 30.843731, 32.833649};