name="EBOwithCMAR CEC17";
dim=100;
bound=2;
testID=23;
(*--------*)
min=564.14307;
max=628.03452;
median=583.35167;
mean=586.7586323529412;
std=16.295560879471143;
(*--------*)
data={609.06549, 599.96442, 592.14545, 574.86033, 577.59652, 593.44121, 628.03452, 581.0389, 582.68324, 570.80411, 575.80931, 564.14307, 570.06468, 610.44047, 576.73885, 599.52625, 566.40196, 624.80293, 580.78608, 600.31028, 569.50206, 586.65694, 603.96304, 581.58497, 611.58948, 573.04105, 583.53597, 570.58412, 586.92237, 583.20048, 566.52547, 613.428, 596.63223, 571.49819, 582.41105, 574.75003, 589.83701, 592.43501, 576.19564, 587.05768, 606.66191, 583.35167, 587.88822, 625.61218, 564.524, 584.7414, 566.70602, 583.39753, 580.9956, 574.87064, 585.93222};