name="EBOwithCMAR CEC17";
dim=100;
bound=2;
testID=17;
(*--------*)
min=655.90085;
max=1797.4949;
median=1398.7474;
mean=1329.4060611764703;
std=256.8890282175139;
(*--------*)
data={1315.7895, 1518.9328, 1546.4247, 1309.5409, 1519.6237, 1402.6402, 1573.2123, 1473.6483, 1260.4431, 1487.9127, 1232.8132, 1797.4949, 1191.6296, 1700.7811, 1624.1148, 1034.3747, 1456.6188, 1235.0964, 1187.9966, 1076.9282, 655.90085, 1232.2327, 1571.8115, 1398.7474, 1445.5924, 815.6014, 1182.3129, 1687.5041, 1633.7956, 1275.3334, 737.06825, 1251.2666, 1339.401, 1461.582, 1457.003, 1581.4761, 1453.8465, 1461.8108, 914.7512, 1305.1288, 1557.3826, 996.47295, 879.31887, 1187.2098, 1272.1982, 1548.7805, 1064.5188, 1461.7394, 1493.4221, 1517.2121, 1013.2708};