name="EBOwithCMAR CEC17";
dim=100;
bound=2;
testID=26;
(*--------*)
min=2730.7224;
max=3417.8691;
median=2957.683;
mean=2979.293433333333;
std=132.57617673069268;
(*--------*)
data={2972.5152, 2751.0312, 2961.5594, 2730.7224, 3241.1275, 3417.8691, 3067.5925, 3073.1982, 2995.5556, 2957.683, 2962.3399, 2989.9954, 2973.5049, 3344.8954, 2944.4218, 3116.1431, 3142.5242, 2839.1418, 2889.4085, 3020.2913, 2839.5664, 2906.6453, 2943.6248, 2902.943, 2942.8617, 2910.3106, 2845.0813, 2970.5619, 2944.6191, 2957.09, 2921.3675, 2900.3479, 3031.88, 2893.34, 2844.9089, 2992.0034, 2906.2057, 2936.4472, 2849.6818, 3038.5445, 2867.4821, 3113.6722, 3075.1211, 2858.1644, 3004.7175, 3145.4796, 2833.5961, 3051.33, 2914.9769, 3168.9671, 3040.9067};