name="EBOwithCMAR CEC17";
dim=100;
bound=3;
testID=4;
(*--------*)
min=0.;
max=221.98603;
median=3.9866239;
mean=83.10288030588234;
std=96.93364333768167;
(*--------*)
data={197.35678, 0., 0., 0., 0., 0., 197.35678, 0., 0., 183.9444, 0., 0., 0., 0., 0., 99.07856, 3.9866239, 0., 218.39577, 0., 0., 0., 0., 183.9444, 197.35678, 0., 175.9086, 197.35678, 197.35678, 197.35678, 197.35678, 0., 0., 195.70955, 0., 197.35678, 192.06759, 183.9444, 200.69998, 0., 0., 0., 0., 3.9866239, 183.9444, 3.9866239, 221.98603, 3.9866239, 214.39747, 197.35678, 192.06823};