name="EBOwithCMAR CEC17";
dim=100;
bound=0;
testID=6;
(*--------*)
min=3.4535759*^-6;
max=0.00002824106;
median=0.00001644374;
mean=0.000016215931866666666;
std=5.0840884108812525*^-6;
(*--------*)
data={0.000015629988, 0.000027529388, 0.000020699041, 0.000014250483, 0.000017702431, 0.000012297875, 0.000021362426, 0.000019046857, 0.000018837868, 0.000019921897, 0.000012906765, 0.00001644374, 0.000027259193, 0.00001004706, 9.7317343*^-6, 0.00001427426, 5.8623749*^-6, 0.000015192392, 0.000011516444, 7.0023581*^-6, 0.000013965188, 0.0000169785, 0.000019848027, 0.000019117594, 0.00001698384, 0.000012510425, 0.00001701613, 0.000016872796, 0.000021953292, 0.000017100566, 0.000012705636, 0.000017248217, 0.000019440083, 0.000018103468, 0.000016889409, 0.000015892261, 0.00001261064, 0.000016790186, 0.000020740098, 0.000012725263, 0.000024120105, 0.00002824106, 0.000014894484, 0.000015742683, 0.000011915917, 0.000010377386, 0.000013254173, 0.000014455271, 0.000014553084, 0.000022998592, 3.4535759*^-6};