name="EBOwithCMAR CEC17";
dim=100;
bound=4;
testID=6;
(*--------*)
min=5.9550651*^-6;
max=0.000034926285;
median=0.000016577266;
mean=0.000016294601568627452;
std=6.247808767983153*^-6;
(*--------*)
data={0.000023370429, 0.000019094579, 9.1780215*^-6, 0.000011482514, 0.000017368443, 0.000013557868, 0.000024100978, 0.000012878438, 0.000016885724, 0.000013859731, 0.00001699541, 0.000012452955, 0.000013920297, 0.000022566794, 0.000013537871, 8.3824015*^-6, 0.000018704869, 6.675933*^-6, 0.000025210228, 8.709095*^-6, 9.3349156*^-6, 0.000024784897, 0.000018635756, 0.000010773501, 0.000016070534, 0.00001661549, 0.000011852608, 0.000016595717, 0.000012981475, 0.000021285246, 0.000034926285, 0.000017263553, 9.0854232*^-6, 0.000025761381, 5.9550651*^-6, 0.000024246823, 0.000029837113, 0.000017578832, 0.000011373967, 0.000011054677, 0.000011984366, 0.0000275622, 0.000013172263, 0.000015212843, 0.00001755423, 0.000012243716, 0.000016577266, 7.8232351*^-6, 0.000019351501, 0.000017611422, 0.0000169858};