name="EBOwithCMAR CEC17";
dim=100;
bound=4;
testID=29;
(*--------*)
min=881.79777;
max=1854.6496;
median=1296.8617;
mean=1307.4439419607843;
std=211.05176056708362;
(*--------*)
data={1261.2042, 1260.0369, 1233.8619, 881.79777, 1429.3633, 1167.5144, 1248.8636, 1221.1129, 1768.5986, 947.29044, 1059.1532, 1126.28, 1325.7864, 1478.3616, 1521.8915, 1511.2652, 1066.5931, 1854.6496, 1324.1756, 1303.478, 1528.8991, 1201.5201, 1321.4515, 1179.3923, 1360.105, 1404.4276, 1542.4285, 1619.8028, 1388.8809, 1383.7966, 1276.8156, 1206.7938, 1279.9282, 1122.1715, 928.12721, 1198.4549, 1273.7915, 1238.8979, 1573.8812, 1483.7066, 1620.8279, 959.78883, 1413.4897, 1324.6224, 1540.6017, 1470.5767, 1201.9619, 928.79239, 1087.494, 1296.8617, 1330.0728};