name="EBOwithCMAR CEC17";
dim=100;
bound=3;
testID=21;
(*--------*)
min=259.53027;
max=297.85123;
median=273.38956;
mean=274.6547790196078;
std=9.066209720211916;
(*--------*)
data={262.24796, 261.37256, 297.85123, 267.31266, 271.2398, 274.96388, 282.46038, 278.93239, 282.04616, 284.18429, 267.79979, 270.00724, 271.69219, 292.41609, 294.1394, 290.93058, 260.29152, 265.0472, 278.03516, 285.81164, 268.44845, 274.31304, 273.13861, 265.42494, 259.53027, 270.07482, 265.70046, 275.56874, 276.82053, 260.33922, 266.44781, 268.80671, 273.86035, 287.10163, 272.39532, 280.99944, 285.54787, 273.29062, 269.39232, 276.87459, 281.64655, 272.99791, 273.01115, 281.34748, 275.78052, 279.47654, 270.84016, 274.6567, 273.38956, 261.05367, 280.33563};