name="EBOwithCMAR CEC17";
dim=100;
bound=3;
testID=7;
(*--------*)
min=114.23782;
max=131.39074;
median=121.54581;
mean=121.83342254901962;
std=3.0506464665279336;
(*--------*)
data={123.58964, 122.93451, 120.4068, 123.8907, 123.15341, 121.48588, 120.66339, 122.31769, 114.23782, 123.38324, 131.39074, 127.33401, 121.54581, 121.13242, 117.12611, 120.09207, 116.40619, 123.71986, 118.99053, 124.67722, 116.19808, 128.39135, 123.48618, 120.50283, 120.77215, 120.20287, 120.64086, 120.56837, 121.13824, 122.00543, 120.27117, 124.81421, 123.48832, 125.73615, 119.25092, 120.51014, 122.2867, 122.61261, 121.16818, 117.86524, 119.33662, 122.33425, 120.90675, 124.82562, 118.76054, 124.40454, 119.34017, 123.00058, 122.18617, 122.63004, 125.39123};