name="EBOwithCMAR CEC17";
dim=100;
bound=1;
testID=18;
(*--------*)
min=102.09096;
max=440.67338;
median=240.37113;
mean=251.6604435294118;
std=64.64612754259396;
(*--------*)
data={102.09096, 306.84387, 239.50328, 271.17735, 219.34401, 240.36844, 251.31847, 199.6039, 280.17422, 283.13669, 224.44646, 383.64899, 338.9913, 149.89799, 322.93088, 137.88068, 271.22954, 440.67338, 181.69359, 277.19543, 276.21276, 218.49113, 181.69383, 174.71249, 240.37113, 237.49674, 307.03139, 311.01057, 319.21877, 328.92814, 276.19823, 296.11046, 216.5161, 305.04248, 295.09277, 287.06519, 228.21244, 237.39555, 216.50484, 234.39276, 140.84861, 347.8288, 209.54893, 189.64238, 293.10765, 198.60914, 252.33561, 170.75887, 225.47957, 264.26575, 232.41011};