name="EBOwithCMAR CEC17";
dim=100;
bound=5;
testID=4;
(*--------*)
min=0.;
max=212.27686;
median=197.35678;
mean=189.76549333333335;
std=39.52683137237036;
(*--------*)
data={197.35678, 192.06759, 192.06759, 192.06759, 212.27686, 192.06759, 192.06759, 192.06759, 197.35678, 197.35678, 197.35678, 197.35678, 212.27686, 197.35678, 197.35678, 0., 197.35678, 197.35678, 212.27686, 197.35678, 192.06759, 192.06759, 192.06759, 0., 197.35678, 192.06759, 212.27686, 183.9444, 197.35678, 192.06759, 197.35678, 212.27686, 200.69998, 192.06759, 212.27686, 212.27686, 192.06759, 197.35678, 192.06759, 212.27686, 192.06759, 197.35678, 192.06759, 192.06759, 197.35678, 197.35678, 175.9086, 192.06759, 197.35678, 212.27686, 197.35678};