name="EBOwithCMAR CEC17";
dim=100;
bound=2;
testID=15;
(*--------*)
min=74.075451;
max=234.95074;
median=142.94216;
mean=148.48741837254906;
std=37.24522358958478;
(*--------*)
data={99.028646, 112.94327, 167.34967, 74.075451, 122.80301, 129.8713, 117.75382, 155.70221, 234.95074, 167.42041, 89.943823, 146.52643, 219.22679, 150.06611, 156.12897, 95.187077, 181.59128, 142.94216, 174.46802, 187.26839, 173.78174, 138.75918, 131.84791, 158.1697, 141.8679, 187.61596, 105.97298, 164.51726, 183.5183, 114.86096, 144.53276, 160.59288, 200.7482, 167.46424, 128.91325, 140.79148, 106.32288, 211.81061, 103.88116, 141.76112, 104.96786, 141.65962, 140.6267, 114.56254, 223.80215, 129.8185, 147.91371, 230.64421, 127.96575, 130.88582, 147.03343};