name="EBOwithCMAR CEC17";
dim=100;
bound=1;
testID=30;
(*--------*)
min=2143.3479;
max=2881.5244;
median=2358.4582;
mean=2397.829074509804;
std=167.0941447278926;
(*--------*)
data={2478.1313, 2517.5064, 2496.7065, 2274.6446, 2255.3341, 2290.309, 2358.6591, 2419.7932, 2739.1356, 2416.7585, 2624.9586, 2143.3479, 2302.5729, 2217.283, 2216.048, 2327.9577, 2358.4582, 2487.3524, 2388.5331, 2260.8662, 2387.2031, 2282.7436, 2163.4349, 2262.3644, 2321.62, 2281.8827, 2292.6558, 2373.6223, 2528.2416, 2331.0365, 2370.5548, 2340.2025, 2212.2782, 2881.5244, 2339.0301, 2533.555, 2555.8626, 2761.4537, 2700.2656, 2341.8815, 2182.0029, 2416.742, 2458.4321, 2222.7972, 2342.8256, 2794.4908, 2428.757, 2356.9701, 2421.7978, 2563.8635, 2264.8342};