name="EBOwithCMAR CEC17";
dim=100;
bound=5;
testID=14;
(*--------*)
min=75.721586;
max=205.06807;
median=140.40503;
mean=139.24473566666666;
std=28.769835717567986;
(*--------*)
data={160.29037, 134.4201, 143.37535, 108.57907, 103.58071, 143.37861, 171.23354, 156.31093, 192.13464, 205.06807, 102.58228, 160.29097, 82.68798, 95.635921, 141.39025, 126.48273, 182.18098, 137.412, 134.42116, 142.38656, 154.32507, 151.3405, 121.48703, 160.29639, 75.721586, 85.674551, 140.40503, 157.30664, 185.1659, 162.28764, 125.47966, 121.49278, 140.39822, 112.53306, 120.50164, 174.22085, 87.661481, 120.49426, 129.45053, 158.30664, 137.40646, 139.40487, 151.33779, 168.25288, 151.33819, 142.38292, 122.4812, 111.53946, 180.19825, 137.40747, 151.34035};