name="EBOwithCMAR CEC17";
dim=100;
bound=4;
testID=12;
(*--------*)
min=2813.791;
max=6127.4725;
median=4088.3677;
mean=4174.8832882352945;
std=767.7140977152665;
(*--------*)
data={3417.5932, 3993.7091, 5022.0696, 4811.7847, 4335.2167, 4210.5366, 4473.5151, 4806.239, 2813.791, 5014.2954, 2952.3014, 3844.9084, 3297.4288, 3783.6679, 4818.3473, 4758.074, 3978.774, 4530.3849, 5208.7241, 4811.0507, 3997.9714, 4029.299, 3871.3777, 3340.451, 3637.4955, 3958.1079, 3002.0987, 3139.5219, 3255.0205, 3605.0445, 3055.9595, 5780.0292, 5437.269, 4370.6198, 6127.4725, 4170.83, 4859.0942, 3697.7323, 4410.6346, 4088.3677, 5015.4456, 4878.9971, 4785.4952, 4547.7644, 3417.3495, 3954.7082, 3463.184, 3821.7565, 4453.9404, 4869.3125, 2994.2855};