name="EBOwithCMAR CEC17";
dim=100;
bound=4;
testID=28;
(*--------*)
min=300.;
max=500.02502;
median=500.02452;
mean=476.54513509803905;
std=59.26238653907847;
(*--------*)
data={500.02461, 500.02471, 478.18635, 500.02481, 492.61397, 300., 500.02441, 478.18635, 500.025, 500.02467, 500.025, 478.18635, 492.61397, 500.02452, 478.18635, 500.02387, 500.02458, 500.02437, 500.02469, 500.02502, 300., 492.61397, 500.0246, 500.02447, 478.18635, 492.61397, 500.02478, 500.02464, 500.02484, 300., 478.18635, 500.02462, 300., 500.02414, 500.02484, 500.02476, 500.0247, 500.02441, 500.02477, 300., 492.61397, 500.025, 478.18635, 500.02482, 500.02412, 500.02465, 500.02466, 492.61397, 500.02497, 500.02469, 500.02488};