name="EBOwithCMAR CEC17";
dim=100;
bound=4;
testID=4;
(*--------*)
min=0.;
max=212.27686;
median=197.35678;
mean=166.20125274509803;
std=72.53693021874383;
(*--------*)
data={197.35678, 192.06759, 197.35678, 200.69998, 197.35678, 212.27686, 197.35678, 197.35678, 0., 212.27686, 197.35678, 197.35678, 197.35678, 192.06759, 0., 197.35678, 0., 197.35678, 197.35678, 197.35678, 197.35678, 192.06759, 192.06759, 197.35678, 0., 197.35678, 197.35678, 197.35678, 0., 212.27686, 197.35678, 192.06759, 197.35678, 197.35678, 192.06759, 0., 197.35678, 192.06759, 197.35678, 0., 192.06759, 0., 192.06759, 197.35678, 197.35678, 197.35678, 197.35678, 192.06759, 197.35678, 192.06759, 197.35678};