name="EBOwithCMAR CEC17";
dim=100;
bound=3;
testID=23;
(*--------*)
min=555.07604;
max=625.86821;
median=585.30415;
mean=585.924434117647;
std=15.814015406844923;
(*--------*)
data={598.90014, 590.10111, 586.97522, 582.70526, 577.46268, 560.73252, 585.39539, 580.43584, 580.49311, 566.81884, 607.92684, 603.37998, 611.1146, 576.41822, 568.79534, 573.69049, 587.06127, 591.13663, 596.3896, 593.54574, 555.07604, 570.16375, 607.26294, 625.86821, 579.02271, 582.3748, 566.96724, 602.96024, 561.29896, 588.12064, 572.31616, 604.79872, 592.126, 576.18261, 596.86386, 606.55986, 578.76, 565.17004, 561.34755, 578.80009, 580.84973, 576.31447, 585.30415, 605.79786, 607.02975, 594.5941, 571.71634, 591.23798, 599.73093, 571.42177, 606.62982};