name="EBOwithCMAR CEC17";
dim=100;
bound=2;
testID=20;
(*--------*)
min=955.8157;
max=2386.818;
median=1689.5281;
mean=1662.7314294117643;
std=292.35669819898254;
(*--------*)
data={1839.3215, 1885.0918, 1346.383, 1824.8351, 2386.818, 1770.1867, 1785.2242, 1758.1301, 1841.2505, 1899.2283, 1355.9968, 1825.9436, 1573.8833, 2014.4297, 1701.372, 1842.4744, 1124.8886, 1551.6349, 1689.5281, 1643.4877, 1784.249, 1334.6479, 1271.9591, 1268.422, 1640.7195, 1823.5634, 1141.4359, 1981.0507, 1659.8404, 1650.7448, 1506.2054, 955.8157, 1680.7036, 1585.4603, 1889.2617, 1913.6598, 2075.8286, 1907.5749, 1630.6841, 1814.2849, 1859.7928, 1370.4219, 1176.5292, 2278.8847, 1616.6387, 1313.4761, 1551.3468, 1319.7765, 1463.6416, 1780.6988, 1891.8758};