name="EBOwithCMAR CEC17";
dim=100;
bound=0;
testID=20;
(*--------*)
min=745.43441;
max=2170.3798;
median=1493.1264;
mean=1530.7797049019605;
std=304.29146683802287;
(*--------*)
data={1682.1841, 1492.3781, 1352.8733, 1488.9528, 745.43441, 1493.1264, 1363.864, 1446.6392, 1460.4994, 1684.8411, 1198.5733, 1213.3733, 1342.3868, 1856.555, 1970.2307, 1492.4245, 1187.6564, 1249.0777, 1369.7287, 1631.6869, 1533.3892, 1365.5629, 1635.8845, 1598.4768, 1496.245, 1792.8066, 1062.1182, 1749.7271, 1415.7709, 1986.0337, 1938.6571, 1752.4298, 1748.6321, 1237.4862, 2170.3798, 1330.3897, 1451.5553, 1587.9502, 1881.4821, 1106.8357, 965.44627, 992.85217, 2029.9293, 1483.1137, 1996.0789, 1958.265, 1371.5554, 1767.6215, 1564.0527, 1631.6764, 1744.8746};