name="EBOwithCMAR CEC17";
dim=100;
bound=1;
testID=12;
(*--------*)
min=2903.8577;
max=5450.9368;
median=4081.3833;
mean=4125.529833333332;
std=657.5162767204479;
(*--------*)
data={3499.4616, 4759.831, 4915.541, 3971.2519, 4718.0667, 3259.8347, 3147.9279, 3903.4804, 4288.011, 4464.2398, 3877.0985, 4116.232, 4081.3833, 4683.1528, 5068.6515, 5450.9368, 4698.9819, 4160.1105, 3710.6754, 3534.9551, 3666.8406, 3615.8249, 4691.2181, 3962.9979, 4437.5518, 3028.2616, 3333.2341, 4168.0412, 5287.5333, 3713.3235, 5249.7827, 3730.6427, 3304.7007, 4562.8362, 3476.6648, 3876.5366, 4030.4319, 4379.0301, 4334.5108, 4713.9317, 3867.5728, 3078.5738, 4628.7363, 4236.0946, 3501.1141, 5016.2399, 5418.2244, 3547.9243, 4636.8295, 3693.1351, 2903.8577};