name="EBOwithCMAR CEC17";
dim=100;
bound=4;
testID=27;
(*--------*)
min=500.02414;
max=500.02505;
median=500.02485;
mean=500.02481450980383;
std=0.00020195359590990489;
(*--------*)
data={500.02448, 500.02498, 500.025, 500.0246, 500.0248, 500.02491, 500.02497, 500.02476, 500.02461, 500.02494, 500.02487, 500.02499, 500.02493, 500.025, 500.025, 500.02467, 500.025, 500.02414, 500.02493, 500.025, 500.02484, 500.02498, 500.02499, 500.025, 500.025, 500.02476, 500.025, 500.02467, 500.02491, 500.02465, 500.025, 500.02457, 500.0245, 500.02455, 500.02477, 500.02446, 500.02474, 500.02483, 500.025, 500.02485, 500.02475, 500.02501, 500.0247, 500.02505, 500.02495, 500.02482, 500.02469, 500.025, 500.0248, 500.02435, 500.02477};