name="EBOwithCMAR CEC17";
dim=100;
bound=5;
testID=5;
(*--------*)
min=19.899181;
max=49.747943;
median=30.843726;
mean=30.726675313725497;
std=5.4228344694958714;
(*--------*)
data={26.86389, 30.843731, 31.838685, 28.853813, 37.808439, 32.833644, 26.863895, 24.873976, 24.873971, 29.848772, 34.823567, 31.83869, 33.828608, 23.879017, 23.879017, 25.868935, 34.823562, 31.838685, 32.833649, 31.83869, 30.843731, 24.873976, 36.813485, 35.818526, 32.833649, 30.843731, 29.848772, 27.858849, 40.793321, 34.823562, 28.853813, 25.868935, 36.81348, 27.858854, 34.823567, 24.873976, 27.858854, 38.803403, 26.863895, 29.848772, 30.843726, 29.848772, 23.879017, 31.83869, 49.747943, 29.848772, 39.798357, 23.879017, 24.873976, 19.899181, 33.828603};