name="EBOwithCMAR CEC17";
dim=100;
bound=5;
testID=3;
(*--------*)
min=8.0630391*^-6;
max=0.000061077472;
median=0.000017313335;
mean=0.000020681170337254898;
std=0.000012087542367704792;
(*--------*)
data={0.000019967533, 0.000014632516, 0.000018924183, 0.000019998234, 0.000015233985, 0.000035395272, 0.000016054081, 0.000018733852, 0.00001063948, 0.000012027663, 0.000020186721, 0.000013587421, 0.000017325739, 0.000061077472, 0.000021261976, 8.0630391*^-6, 0.00001410942, 0.000023990066, 0.000013819564, 0.000058837766, 0.000017192851, 0.000014617642, 0.000034595325, 0.000014887528, 0.000014224702, 0.000014545723, 8.5221046*^-6, 0.000018654974, 0.000016742068, 0.000012764651, 0.000017313335, 0.000021695862, 0.000021098433, 0.000021188898, 0.000044691145, 0.000035980797, 0.000018474361, 0.000012702557, 0.000030615162, 0.000019344184, 0.000010140401, 0.000018410194, 0.000018915659, 0.000013805429, 0.000015543838, 9.6031935*^-6, 0.000020827404, 0.000016887571, 0.000015822147, 0.000012790356, 0.000058275209};