name="EBOwithCMAR CEC17";
dim=100;
bound=2;
testID=1;
(*--------*)
min=0.;
max=1.4101319*^-7;
median=0.;
mean=7.715932411764706*^-9;
std=2.3033979418353857*^-8;
(*--------*)
data={0., 0., 0., 0., 0., 3.3164767*^-8, 0., 0., 2.7173996*^-8, 0., 0., 1.2538365*^-8, 1.9820249*^-8, 0., 0., 0., 0., 3.0441555*^-8, 0., 0., 0., 0., 0., 1.9189571*^-8, 0., 1.4101319*^-7, 0., 0., 0., 0., 0., 0., 0., 0., 1.7962876*^-8, 0., 0., 0., 0., 0., 0., 0., 1.943306*^-8, 0., 0., 0., 0., 0., 0., 0., 7.2774924*^-8};