name="EBOwithCMAR CEC17";
dim=100;
bound=4;
testID=17;
(*--------*)
min=641.78745;
max=1852.9829;
median=1263.3998;
mean=1228.034018823529;
std=276.68097330995784;
(*--------*)
data={981.89114, 1360.0605, 847.82759, 641.78745, 1095.8178, 1141.8485, 906.41585, 1812.8568, 1028.4419, 1548.3864, 987.00729, 1425.7778, 1418.2472, 1309.1403, 1188.801, 1732.7887, 1379.2305, 1852.9829, 1428.1175, 1067.4848, 870.34529, 1144.5827, 962.3323, 1515.418, 1263.3998, 1026.4734, 1416.1778, 1365.2271, 1306.8738, 1175.9618, 1444.4124, 1400.6585, 968.14163, 1011.5428, 1210.7069, 1211.0729, 990.93328, 784.66082, 1366.1739, 898.90876, 1365.3995, 815.43929, 1529.1023, 1444.9418, 1272.9845, 1361.2882, 1280.633, 1583.0113, 1568.6998, 1150.2363, 769.08317};