name="EBOwithCMAR CEC17";
dim=100;
bound=2;
testID=13;
(*--------*)
min=131.34603;
max=553.50475;
median=290.57763;
mean=295.3997535294117;
std=99.7590903116073;
(*--------*)
data={384.6943, 227.22411, 151.26277, 226.19273, 409.01199, 402.79218, 271.62487, 325.08365, 284.30385, 247.30831, 196.06654, 434.41767, 523.69399, 391.10697, 216.95747, 361.77611, 301.11834, 304.5811, 131.34603, 333.81953, 222.51725, 299.94154, 207.95868, 204.96994, 320.30382, 268.22544, 273.27783, 305.0049, 309.09648, 325.06761, 553.50475, 290.57763, 466.74102, 189.05435, 323.45119, 424.91896, 305.95709, 189.70549, 160.21173, 154.25901, 201.9895, 237.79626, 452.19523, 136.3171, 190.06072, 268.64976, 387.16316, 293.18655, 280.87628, 435.32763, 262.69802};