name="EBOwithCMAR CEC17";
dim=100;
bound=1;
testID=25;
(*--------*)
min=637.28343;
max=775.18207;
median=703.45187;
mean=712.9914396078433;
std=41.33390357974567;
(*--------*)
data={698.2848, 762.18803, 637.57583, 720.12846, 698.37828, 775.18207, 698.45235, 666.2888, 698.38036, 761.66682, 762.12512, 762.08332, 704.65082, 699.15938, 698.30264, 643.78402, 698.00852, 698.15188, 763.34697, 761.78606, 715.32573, 659.29318, 703.56608, 762.01098, 709.55964, 698.49537, 698.12068, 698.77248, 761.9359, 698.03186, 637.5287, 714.34282, 637.28343, 637.33745, 761.69887, 698.30465, 774.57267, 762.06281, 697.9603, 698.29964, 637.8354, 722.0288, 703.45187, 697.9986, 762.61913, 705.45628, 698.28852, 762.06399, 762.01312, 703.49374, 774.8862};