name="EBOwithCMAR CEC17";
dim=100;
bound=1;
testID=17;
(*--------*)
min=626.55901;
max=2266.6523;
median=1327.0549;
mean=1310.1729745098037;
std=339.9733843888754;
(*--------*)
data={826.85548, 1377.7079, 1499.8266, 1219.1148, 930.22837, 1214.1688, 1134.2516, 1364.6325, 2025.1681, 1544.3387, 1851.8648, 1478.8112, 1522.8453, 1106.436, 671.14921, 1705.6381, 1390.889, 923.83212, 1188.9239, 1265.7343, 1054.0672, 1039.0346, 653.74829, 891.15459, 1773.5789, 1332.2785, 1505.6812, 1125.016, 1033.6892, 1514.179, 1401.0114, 1475.9214, 1308.1165, 1417.8436, 1327.0549, 1145.0444, 1275.7271, 1679.2826, 1704.5891, 1190.304, 2266.6523, 1530.7316, 952.6425, 1782.0229, 626.55901, 1319.0235, 1387.8078, 1439.7926, 803.58863, 1272.1075, 1348.1541};