name="EBOwithCMAR CEC17";
dim=100;
bound=1;
testID=2;
(*--------*)
min=85265.;
max=9.3061366*^28;
median=1.2474039*^12;
mean=1.825744243827979*^27;
std=1.3031055259667563*^28;
(*--------*)
data={5.1589504*^25, 7.3786993*^19, 8.329097*^19, 9.3061366*^28, 3.1799431*^10, 5.1467379*^8, 9.4713925*^11, 7.6083284*^11, 4.2929037*^8, 6.8989904*^8, 9.4704155*^11, 1.5009568*^17, 1.5532739*^9, 1.4497905*^8, 9.6830933*^16, 1.2280489*^12, 3.6440791*^12, 2.912218*^11, 2.311535*^13, 8.7522396*^9, 1.099714*^12, 1.2580719*^16, 3.2343036*^16, 3.522314*^6, 85265., 1.0159466*^18, 107664., 3.1081619*^13, 1.7857994*^12, 1.8583337*^16, 6.9869731*^20, 2.5335074*^15, 5.1063181*^11, 1.9604897*^17, 1.198317*^12, 4.3517644*^8, 6.7921275*^7, 2.388284*^15, 8.0752458*^13, 4.0786804*^14, 1.0246969*^12, 1.6675683*^13, 2.0855957*^13, 1.2474039*^12, 2.0715876*^16, 7.8337262*^10, 9.1160196*^10, 1.1117044*^17, 1.32109*^6, 7.3791844*^19, 2.1929569*^8};