name="EBOwithCMAR CEC17";
dim=100;
bound=0;
testID=26;
(*--------*)
min=2994.4467;
max=3488.4349;
median=3221.5125;
mean=3239.090707843138;
std=127.67420533033423;
(*--------*)
data={3270.8658, 3061.2329, 3374.6766, 3165.6187, 3205.7691, 3237.0836, 3404.9647, 3247.4905, 3280.2529, 3188.5655, 3435.4753, 3141.0485, 3275.6332, 3229.0925, 3087.0375, 3436.7803, 3137.9674, 3211.3388, 3345.4342, 3267.5641, 3449.1324, 3177.9859, 3349.3828, 3299.903, 3220.024, 3468.6156, 3225.869, 3066.016, 3172.0439, 3386.3247, 3443.0891, 3017.2829, 3126.0249, 3164.4472, 3186.7404, 3457.5221, 3176.1905, 3488.4349, 3221.5125, 3143.0349, 3243.941, 3065.0135, 2994.4467, 3430.719, 3202.24, 3227.049, 3157.591, 3213.3493, 3227.8163, 3046.8513, 3141.1402};