name="EBOwithCMAR CEC17";
dim=100;
bound=0;
testID=3;
(*--------*)
min=9.0380606*^-6;
max=0.000060090407;
median=0.00001995681;
mean=0.00002217391108823529;
std=9.910481180049222*^-6;
(*--------*)
data={0.000014822606, 0.000015086552, 0.000016897995, 0.000014786753, 0.000019258781, 0.000022578545, 0.000020354481, 0.000053675569, 0.000011975446, 0.00001966606, 0.000018338235, 0.000033580138, 0.00002090581, 0.00002356266, 0.000020473474, 0.000020357753, 0.000018226301, 9.6358059*^-6, 0.000013281092, 0.000017925832, 0.000015786799, 0.000060090407, 0.000034000678, 0.00001474757, 0.000020699243, 0.000022861523, 0.000033103112, 0.000017686967, 0.000017123075, 0.000031442205, 0.000020576413, 0.000013368487, 0.0000234475, 0.000035343481, 0.000022907645, 0.000026385375, 0.000016790134, 0.000015175294, 0.000019919254, 0.000018480038, 0.000026311107, 0.000018329781, 0.000014993106, 0.000022478978, 0.00001995681, 0.000025294209, 0.000021323756, 0.000024531742, 9.0380606*^-6, 0.000016954814, 0.000046332013};