name="EBOwithCMAR CEC17";
dim=100;
bound=0;
testID=28;
(*--------*)
min=300.;
max=569.55603;
median=518.74194;
mean=512.5383176470589;
std=47.27600264572754;
(*--------*)
data={531.84776, 531.84776, 543.40839, 518.74194, 518.64282, 497.59433, 521.66939, 518.64282, 518.74194, 521.66939, 518.64282, 569.55603, 543.40839, 550.8555, 543.40839, 518.64282, 521.66939, 497.59433, 518.74194, 300., 518.64282, 478.18635, 497.59433, 518.74194, 518.64282, 543.40839, 518.74194, 518.64282, 518.64282, 524.24548, 518.74194, 300., 524.24548, 524.24548, 497.59433, 518.64282, 518.64282, 492.61397, 521.66939, 518.64282, 521.66939, 518.64282, 549.30693, 521.66939, 520.07077, 478.18635, 518.74194, 521.66939, 478.18635, 550.8555, 564.60046};