name="EBOwithCMAR CEC17";
dim=100;
bound=4;
testID=20;
(*--------*)
min=825.40379;
max=2272.2984;
median=1521.1847;
mean=1509.4908286274508;
std=358.16350676972706;
(*--------*)
data={1008.6325, 2272.2984, 1981.0617, 1191.9479, 2255.5258, 1542.3134, 1338.2842, 1486.401, 1746.885, 1030.2056, 1357.4028, 1310.8722, 1592.0477, 1852.546, 1574.0892, 830.16789, 1555.1969, 2121.6912, 1470.46, 1181.8802, 1396.9449, 2030.2559, 1521.1847, 1155.8395, 1953.1234, 1301.7482, 1434.9027, 986.89099, 933.27867, 1956.2402, 825.40379, 1229.1316, 1727.2525, 1605.1825, 1645.844, 1820.0627, 896.60702, 1975.8741, 1294.9428, 1498.2664, 1290.0766, 1616.9912, 1581.7766, 1887.8343, 1652.7147, 1583.1464, 1401.7336, 1463.0445, 1820.4787, 1572.1973, 1225.1522};