name="EBOwithCMAR CEC17";
dim=100;
bound=5;
testID=25;
(*--------*)
min=615.05942;
max=775.10669;
median=698.72665;
mean=704.8045252941174;
std=38.731832445652;
(*--------*)
data={762.22509, 723.44325, 637.46543, 715.11484, 762.10735, 775.10669, 761.96413, 698.42379, 708.5742, 703.16921, 715.4471, 703.26643, 698.44161, 698.1107, 707.84706, 615.05942, 685.80926, 698.49753, 762.01806, 762.24407, 641.44398, 698.36972, 644.26744, 698.39246, 638.89212, 697.94241, 659.01515, 703.26565, 715.89464, 762.20309, 698.45585, 697.942, 717.83902, 715.5215, 761.64309, 714.67588, 657.85784, 704.66218, 698.24599, 762.25509, 704.71799, 729.52194, 761.97746, 698.72665, 637.49577, 698.3063, 638.88557, 698.04842, 698.10977, 698.15246, 697.96814};