name="EBOwithCMAR CEC17";
dim=100;
bound=3;
testID=14;
(*--------*)
min=66.765573;
max=139.40086;
median=96.621332;
mean=99.97353005882353;
std=16.69432226674031;
(*--------*)
data={89.650731, 125.47153, 92.641637, 86.665699, 105.56824, 89.647891, 96.632585, 90.654089, 131.43636, 82.688437, 96.621332, 90.646695, 106.56389, 129.44763, 92.632853, 78.703352, 110.54708, 99.601316, 98.623413, 104.58764, 124.47428, 101.58723, 139.40086, 122.49108, 85.677907, 116.51581, 117.52001, 107.55675, 66.765573, 93.627834, 89.669414, 87.659859, 83.677927, 93.633303, 125.46897, 87.669657, 120.4984, 118.50617, 83.681145, 86.668637, 101.58789, 70.763367, 92.632744, 117.50922, 95.617948, 98.608088, 81.69251, 79.707522, 86.665628, 102.58412, 119.49778};