name="EBOwithCMAR CEC17";
dim=100;
bound=5;
testID=15;
(*--------*)
min=82.848201;
max=265.45133;
median=149.69225;
mean=151.71150415686276;
std=36.60854464169574;
(*--------*)
data={116.89598, 153.6655, 146.63916, 100.0101, 197.38125, 82.848201, 220.08816, 202.36961, 115.93024, 142.53592, 187.43773, 265.45133, 182.39204, 160.72205, 165.31893, 181.52418, 140.60687, 120.50307, 166.65442, 126.66221, 114.82314, 216.59475, 135.65903, 108.11576, 111.92941, 161.9538, 152.33241, 134.861, 149.69225, 151.7061, 161.68918, 117.88868, 166.83251, 96.992121, 139.61703, 201.25788, 183.74863, 98.92819, 119.68652, 132.83277, 137.98044, 203.14435, 124.10063, 135.25602, 125.09717, 124.8457, 186.47375, 167.63898, 166.7459, 168.47021, 164.75545};