name="EBOwithCMAR CEC17";
dim=100;
bound=2;
testID=3;
(*--------*)
min=0.000010476962;
max=0.000043813616;
median=0.000018559804;
mean=0.000019980315313725486;
std=6.530754203353636*^-6;
(*--------*)
data={0.00002930689, 0.000028792619, 0.000021991587, 0.000023024951, 0.00003717161, 0.000016358537, 0.000019331276, 0.000010700361, 0.000031730645, 0.000014912269, 0.000021433605, 0.000020994799, 0.000018977511, 0.000017364589, 0.000017627916, 0.000017379357, 0.000017024955, 0.00001653037, 0.000020236938, 0.000017649138, 0.000022496448, 0.000017381854, 0.000015914342, 0.000015752993, 0.000011110184, 0.000018308436, 0.000015098784, 0.000018686313, 0.000022176525, 0.000015369118, 0.000023118332, 0.000022701253, 0.000017956266, 0.000024698629, 0.000011012413, 0.000010476962, 0.000016835387, 0.000024555495, 0.000015101049, 0.000043813616, 0.000019507548, 0.000016645069, 0.000023649589, 0.00003228857, 0.000017813781, 0.000018559804, 0.000023466234, 0.000011287298, 0.000012761026, 0.000022351363, 0.000019561477};