name="EBOwithCMAR CEC17";
dim=100;
bound=3;
testID=20;
(*--------*)
min=1026.2367;
max=2488.8351;
median=1737.6951;
mean=1732.4082666666666;
std=295.2972331102055;
(*--------*)
data={1646.1025, 1867.5693, 2488.8351, 1329.59, 1026.2367, 1372.7816, 1484.4597, 2015.6285, 1960.4164, 1328.8711, 1546.2415, 1219.1953, 2205.9273, 1645.9276, 1719.886, 1791.4348, 1533.4694, 1788.3081, 1631.7572, 1483.4324, 1302.2944, 1944.8108, 1915.3711, 1766.1224, 1770.9482, 1725.7159, 1777.5052, 1671.5425, 1855.2309, 1559.2864, 2325.9805, 1925.3027, 1704.3859, 2051.2518, 1976.4384, 1841.2085, 1892.5252, 2193.0283, 1758.8019, 2218.7725, 1990.1935, 1841.7774, 1442.151, 1385.6918, 1519.3812, 1476.7996, 1737.6951, 1732.5765, 1699.2468, 1946.1298, 1318.5849};