name="EBOwithCMAR CEC17";
dim=100;
bound=4;
testID=10;
(*--------*)
min=6523.231;
max=12931.043;
median=9170.8843;
mean=9796.88034117647;
std=1731.9224916933708;
(*--------*)
data={11922.976, 11786.159, 11706.362, 8941.1226, 8402.2336, 11191.806, 8757.3966, 12185.903, 8581.9683, 6809.672, 8045.2158, 10307.391, 11116.135, 9170.8843, 11369.367, 7753.9092, 7140.3312, 8843.815, 7371.8236, 6523.231, 11944.648, 8631.2913, 10520.108, 10037.626, 11846.971, 9763.89, 12301.876, 11786.826, 7802.2848, 10997.763, 9389.551, 8769.0678, 9107.1915, 7100.1993, 11627.348, 11534.397, 9035.8421, 11611.871, 11509.303, 8307.796, 11867.553, 9728.3581, 8762.2897, 9110.9137, 8940.7136, 8835.9567, 9146.6458, 12931.043, 12253.544, 8063.4975, 8446.8293};