name="EBOwithCMAR CEC17";
dim=100;
bound=2;
testID=4;
(*--------*)
min=0.;
max=218.39577;
median=183.9444;
mean=111.48257176470591;
std=96.18256731623524;
(*--------*)
data={197.35678, 214.39747, 0., 183.9444, 0., 0., 0., 179.86386, 175.9086, 192.06759, 0., 197.35678, 183.9444, 0., 183.9444, 0., 215.80624, 204.09273, 197.35678, 183.9444, 0., 214.39747, 197.35678, 197.35678, 197.35678, 0., 0., 197.35678, 0., 0., 99.07856, 197.35678, 0., 0., 183.9444, 0., 113.31685, 0., 0., 218.39577, 183.9444, 0., 0., 183.9444, 0., 197.35678, 197.35678, 0., 197.35678, 183.9444, 215.80624};