name="EBOwithCMAR CEC17";
dim=100;
bound=3;
testID=16;
(*--------*)
min=965.81937;
max=2780.6666;
median=1976.2009;
mean=1927.67909745098;
std=356.99827179073714;
(*--------*)
data={2063.4791, 1783.1088, 2033.5979, 1976.2009, 2780.6666, 2109.5304, 1437.3849, 2135.1065, 2194.2598, 1736.4498, 2389.532, 1573.3977, 2054.4716, 1683.4596, 1365.053, 1976.2286, 1775.8468, 2311.3323, 2054.6734, 2245.6427, 1659.6564, 2370.8257, 1979.668, 1973.9166, 2081.0581, 2258.4053, 965.81937, 2563.7275, 1744.2449, 1822.4818, 1996.4693, 2016.3042, 2038.7082, 1445.6639, 2112.7033, 2532.1931, 1440.4303, 1976.1004, 1888.4368, 1914.5812, 1285.7861, 1777.3993, 1708.1246, 2347.9289, 1890.5352, 1213.8675, 1903.6733, 2295.1239, 2070.9358, 1772.6454, 1584.7972};