name="EBOwithCMAR CEC17";
dim=100;
bound=5;
testID=12;
(*--------*)
min=2670.3996;
max=6005.0148;
median=4149.1073;
mean=4121.462901960785;
std=694.5580688330127;
(*--------*)
data={5006.6375, 2670.3996, 4054.7173, 4572.0588, 5055.0685, 4097.5991, 3805.9934, 3889.0696, 4264.1322, 3931.8442, 3448.3706, 4661.0202, 4586.314, 5257.9178, 4210.1347, 4413.8014, 4868.4092, 3199.9336, 4322.0508, 3956.0007, 5493.3525, 3527.6327, 3513.6439, 4352.8938, 4908.9227, 2983.0669, 3231.7369, 4052.7187, 4149.1073, 6005.0148, 4263.1689, 2821.5872, 2954.7309, 3717.6176, 4905.0496, 4533.0501, 4219.3321, 4525.3845, 4054.9793, 4255.9311, 3755.9609, 2942.0039, 3372.6764, 4478.2972, 3567.155, 3938.8688, 4039.2834, 4403.3771, 4184.3091, 4707.8836, 4064.3979};