name="EBOwithCMAR CEC17";
dim=100;
bound=3;
testID=30;
(*--------*)
min=2419.7076;
max=2999.8047;
median=2644.4882;
mean=2654.8301999999994;
std=133.64551860976113;
(*--------*)
data={2693.2479, 2882.5696, 2501.3333, 2775.0862, 2735.8811, 2515.6779, 2761.3461, 2427.6214, 2999.8047, 2640.213, 2693.7643, 2790.1729, 2680.0389, 2623.7761, 2549.5648, 2648.1042, 2456.3564, 2725.9367, 2793.29, 2641.1272, 2896.9637, 2581.9366, 2644.4882, 2755.1359, 2776.5479, 2675.7159, 2419.7076, 2797.295, 2862.4941, 2457.6634, 2728.004, 2491.6834, 2811.2848, 2616.9312, 2540.0775, 2539.0946, 2705.72, 2587.9382, 2744.2382, 2653.9865, 2583.7059, 2499.9385, 2583.8469, 2611.8508, 2606.9439, 2858.1289, 2682.7147, 2551.1663, 2510.8795, 2625.7157, 2459.6297};