name="EBOwithCMAR CEC17";
dim=100;
bound=0;
testID=4;
(*--------*)
min=0.;
max=212.27686;
median=197.35678;
mean=193.6443184313726;
std=31.02335811314429;
(*--------*)
data={197.35678, 212.27686, 197.35678, 192.06823, 0., 212.27686, 212.27686, 197.35678, 197.35678, 192.06759, 192.06759, 197.35678, 197.35678, 197.35678, 210.92197, 197.35678, 192.06759, 197.35678, 197.35678, 192.06759, 192.06759, 197.35678, 192.06759, 212.27686, 197.35678, 192.06759, 200.69998, 197.35678, 212.27686, 197.35678, 197.35678, 197.35678, 197.35678, 192.06759, 197.35678, 212.27686, 197.35678, 113.31685, 192.06759, 197.35678, 197.35678, 192.06759, 212.27686, 197.35678, 192.06759, 212.27686, 192.06759, 197.35678, 212.27686, 212.27686, 192.06759};