name="EBOwithCMAR CEC17";
dim=100;
bound=2;
testID=16;
(*--------*)
min=787.22872;
max=2286.5648;
median=1616.1113;
mean=1586.5310780392153;
std=387.6234564332204;
(*--------*)
data={1972.9148, 1952.7536, 1817.6067, 787.22872, 909.80189, 2168.0814, 1560.5186, 1226.8411, 1655.984, 1629.6258, 1785.6492, 1740.9327, 1792.2131, 1149.3218, 1362.5222, 1444.3839, 1361.6562, 1776.555, 1222.7993, 1904.3933, 1089.0202, 1329.7548, 1954.361, 984.42572, 1517.18, 1495.8645, 1941.6464, 1616.1113, 1148.1914, 1335.6013, 1444.8421, 1704.2904, 2135.767, 1956.9986, 2286.5648, 794.52471, 1845.0294, 1481.3487, 1796.5144, 1319.18, 1795.2348, 1838.1015, 1320.9195, 1243.2999, 908.18254, 1595.2447, 1499.6919, 1704.5682, 2269.322, 2209.8442, 2129.6757};