name="EBOwithCMAR CEC17";
dim=100;
bound=4;
testID=22;
(*--------*)
min=7932.0758;
max=14002.559;
median=10745.744;
mean=10809.436884313724;
std=1693.1554043223584;
(*--------*)
data={10653.779, 9113.1284, 12682.597, 12521.738, 13386.901, 8758.5131, 9818.2969, 10745.744, 7932.0758, 11076.588, 11956.511, 9694.6144, 12630.334, 12416.88, 12149.687, 9856.6237, 9381.6065, 10825.132, 10039.59, 11940.533, 12431.174, 8953.3219, 10063.093, 14002.559, 12588.826, 8135.7595, 12268.939, 9718.4063, 11114.165, 12990.145, 10205.764, 9347.5354, 8822.9564, 12449.099, 11311.644, 10078.882, 8811.7683, 9309.4865, 9748.324, 12647.779, 12601.817, 8793.5713, 11464.265, 8337.1564, 13583.061, 9375.7267, 9008.1668, 12677.321, 8352.6818, 11192.651, 13314.363};