name="EBOwithCMAR CEC17";
dim=100;
bound=1;
testID=6;
(*--------*)
min=2.2927272*^-6;
max=0.000040283873;
median=0.000016619496;
mean=0.000016968289125490196;
std=6.734181851658271*^-6;
(*--------*)
data={0.000013876913, 0.000011773962, 0.000016537092, 9.1976342*^-6, 0.000017118067, 0.000010099891, 0.000021283585, 0.000019157936, 7.221009*^-6, 0.000020248119, 0.000010050767, 0.000022198485, 0.000013915061, 0.000024342712, 0.000020401361, 0.000014146164, 0.0000166548, 0.000040283873, 2.2927272*^-6, 0.000013202977, 8.166271*^-6, 0.000013209236, 0.000021149606, 0.000020974463, 0.000010213497, 7.5318856*^-6, 0.000026304373, 0.000021142474, 0.000013284096, 0.00002110643, 0.00001590089, 0.000011886536, 0.000016780762, 0.000027170774, 0.000031725179, 0.000012814443, 0.000012811974, 0.000026518565, 0.000014205898, 0.000016619496, 0.000019319717, 0.000012869804, 0.000016369518, 0.000023258509, 0.00001789075, 0.000020208925, 9.6770754*^-6, 0.000012986574, 0.000017625863, 0.000018403285, 0.000023252741};