name="EBOwithCMAR CEC17";
dim=100;
bound=5;
testID=21;
(*--------*)
min=245.49278;
max=306.52508;
median=261.18491;
mean=264.16033058823535;
std=12.266944738021344;
(*--------*)
data={283.7802, 255.34526, 246.80634, 252.02822, 261.18491, 252.35261, 252.98397, 266.24953, 266.95969, 263.1467, 263.46715, 274.31551, 267.38854, 258.70393, 306.52508, 264.48246, 270.49114, 258.25148, 279.79786, 251.50236, 268.79212, 283.27984, 254.46301, 260.47715, 268.37215, 249.18146, 257.29795, 258.54241, 280.83272, 272.28697, 266.37691, 245.49278, 286.37708, 264.47217, 249.81242, 258.93651, 245.98787, 256.29943, 260.28181, 264.90837, 271.58013, 265.69114, 250.67451, 282.39896, 282.94197, 257.02307, 257.1223, 261.1293, 277.20465, 257.52429, 260.65247};