name="EBOwithCMAR CEC17";
dim=100;
bound=4;
testID=23;
(*--------*)
min=560.73286;
max=619.11956;
median=575.40987;
mean=578.0333370588236;
std=13.950677704089976;
(*--------*)
data={583.92555, 580.79531, 578.27741, 568.3685, 609.55893, 599.15223, 582.17647, 597.04792, 561.1869, 576.90677, 571.85258, 570.4169, 575.40987, 563.15213, 561.86141, 585.34446, 592.84402, 575.46517, 572.70952, 577.18001, 562.59491, 565.59387, 585.20193, 610.60594, 587.64247, 571.04798, 609.58502, 563.4625, 566.68867, 576.67629, 574.34073, 575.62329, 571.7817, 568.70056, 569.0476, 589.8567, 560.73286, 572.57505, 569.37796, 619.11956, 591.72726, 587.67556, 567.55623, 566.60193, 571.5113, 583.07816, 569.49855, 581.00558, 560.78891, 581.5166, 564.85246};