name="EBOwithCMAR CEC17";
dim=100;
bound=4;
testID=2;
(*--------*)
min=2784.;
max=5.9029584*^20;
median=7.630769*^11;
mean=1.4877593650333985*^19;
std=8.396889891288464*^19;
(*--------*)
data={4.380849*^6, 2.6448826*^8, 3.7522061*^9, 3.174706*^8, 1.1948387*^16, 6.2844996*^10, 5.3683135*^7, 5.5241054*^19, 6.185953*^12, 1.0352446*^12, 5.0359299*^9, 1.4065857*^12, 1.6009023*^11, 1.7016369*^7, 2.7780559*^14, 1.2853572*^18, 2.3888124*^15, 2.1415916*^10, 2.2853116*^11, 1.1115111*^16, 2.928382*^15, 2.3841948*^15, 5.4574073*^16, 7.8992845*^17, 1.5523808*^14, 7.630769*^11, 4.2626408*^10, 1.9630726*^12, 1.1334975*^11, 2.4926029*^9, 1.7858984*^12, 1.1061981*^12, 1.1101463*^20, 3.582852*^10, 9.2770654*^13, 3.364916*^8, 4.5484625*^10, 2.017091*^6, 7.5078868*^10, 5.153835*^6, 1.2646104*^7, 2784., 5.9029584*^20, 7.629961*^12, 2.475959*^6, 1.8387181*^9, 3.7424333*^16, 2.3849384*^15, 3.0844235*^12, 4.7659591*^15, 7.5220948*^11};