name="EBOwithCMAR CEC17";
dim=100;
bound=1;
testID=3;
(*--------*)
min=8.614482*^-6;
max=0.000060621932;
median=0.000019560704;
mean=0.00002214074345098039;
std=0.00001014885334046653;
(*--------*)
data={0.000017348776, 0.000014464787, 0.000039218654, 0.000014948555, 0.00003244363, 0.000049256048, 0.000037451105, 0.000016504392, 0.000017426129, 0.000017871387, 0.000011386561, 0.000021410427, 0.000022221053, 0.00002065559, 0.000014561464, 0.000011908138, 0.000014017938, 0.000021227988, 0.000017914566, 0.000019560704, 0.000015140579, 0.000012366595, 0.0000183592, 0.000015816317, 0.000021345487, 0.000030493459, 0.000038236027, 0.000021097522, 8.614482*^-6, 0.000012669297, 0.000023125173, 0.000034749191, 0.000018593556, 0.000024048674, 0.000017246121, 0.000017377913, 0.000025066705, 0.000016395021, 0.00001348028, 0.000060621932, 0.000014063205, 0.00002104032, 0.000034834362, 0.000023881109, 0.000036756107, 0.000012640108, 0.000015733133, 0.000022724879, 0.000023646602, 0.00002338462, 0.000023832048};