name="EBOwithCMAR CEC17";
dim=100;
bound=2;
testID=27;
(*--------*)
min=547.81462;
max=609.43232;
median=576.65033;
mean=576.8726850980394;
std=13.37497418705478;
(*--------*)
data={592.25967, 560.45034, 567.35959, 573.60129, 556.69456, 568.33137, 580.60341, 559.5384, 578.44749, 578.08673, 606.18316, 583.90427, 590.36152, 592.55709, 572.87502, 577.72849, 575.20204, 581.7332, 568.64606, 587.36327, 564.78452, 576.90937, 609.43232, 571.27781, 573.64483, 571.12797, 589.64737, 589.61282, 559.28549, 563.94578, 592.38123, 582.562, 560.39481, 588.89229, 576.00129, 572.89021, 590.98602, 578.64761, 588.24223, 567.86257, 563.01843, 562.32635, 576.65033, 547.81462, 580.17914, 601.94126, 569.03713, 589.46947, 566.81385, 555.41008, 587.39077};