name="EBOwithCMAR CEC17";
dim=100;
bound=5;
testID=30;
(*--------*)
min=2135.4255;
max=2704.3849;
median=2341.1111;
mean=2361.509976470588;
std=135.419086002917;
(*--------*)
data={2385.5503, 2350.7261, 2592.4521, 2529.2324, 2223.9041, 2394.1374, 2369.1795, 2603.4862, 2431.1932, 2530.9494, 2201.0947, 2229.2105, 2140.0815, 2152.3881, 2332.9631, 2478.3813, 2281.4362, 2483.8746, 2277.3988, 2286.473, 2174.975, 2300.3689, 2409.0386, 2565.8079, 2498.1373, 2270.4677, 2333.987, 2267.6603, 2476.7709, 2235.5311, 2391.8426, 2274.4347, 2406.6024, 2317.1494, 2628.1465, 2135.4255, 2272.3889, 2292.1982, 2704.3849, 2306.9169, 2239.3296, 2518.9066, 2366.8164, 2437.8899, 2532.4189, 2357.2803, 2385.7099, 2341.1111, 2212.8029, 2233.352, 2275.044};