name="EBOwithCMAR CEC17";
dim=100;
bound=2;
testID=7;
(*--------*)
min=114.70299;
max=131.19989;
median=120.24032;
mean=120.307858627451;
std=3.2635024614343537;
(*--------*)
data={131.19989, 124.94429, 125.50576, 116.09328, 124.1594, 119.49322, 122.40818, 117.0924, 119.72431, 125.55045, 116.767, 119.60866, 115.9127, 118.71362, 122.36806, 120.57806, 120.24032, 121.54344, 121.35401, 120.85882, 117.5534, 115.73169, 123.23326, 117.74314, 119.34796, 120.36658, 115.9242, 123.86082, 114.75822, 123.4709, 119.37245, 117.66812, 121.27959, 117.64711, 122.1867, 119.5049, 121.92774, 118.44777, 114.70299, 120.70203, 126.97628, 120.3865, 118.90542, 119.97752, 121.38359, 116.95084, 118.77209, 121.86922, 121.47921, 121.55154, 117.90314};