name="EBOwithCMAR CEC17";
dim=100;
bound=0;
testID=24;
(*--------*)
min=889.41174;
max=938.67412;
median=915.48975;
mean=915.6256739215689;
std=9.40981405088136;
(*--------*)
data={901.40959, 919.89481, 907.79371, 915.34545, 908.83256, 926.97412, 908.57455, 902.41651, 910.04132, 917.22168, 911.05357, 911.01407, 929.29193, 920.44719, 914.95191, 909.87558, 919.54475, 931.36922, 920.67056, 918.27471, 921.12057, 907.6889, 917.67676, 909.05999, 915.48975, 917.33369, 918.93726, 913.47832, 917.30165, 912.64083, 930.27949, 911.24452, 916.83144, 926.03229, 921.21772, 925.35805, 926.03996, 927.05474, 906.48462, 902.48328, 897.60338, 924.38045, 938.67412, 906.74607, 909.78727, 929.21251, 908.66175, 912.09984, 918.71431, 912.86631, 889.41174};