name="EBOwithCMAR CEC17";
dim=100;
bound=0;
testID=7;
(*--------*)
min=112.62234;
max=132.98154;
median=120.91045;
mean=120.9868556862745;
std=3.6403841710897784;
(*--------*)
data={118.07671, 123.52901, 124.72542, 123.37527, 118.69579, 117.17526, 123.90483, 123.54517, 120.57245, 120.57629, 121.77578, 121.72942, 123.59159, 121.66317, 116.68989, 122.72606, 125.02797, 117.25577, 123.16057, 116.59209, 126.08088, 121.32482, 120.59918, 121.24244, 122.06902, 117.67203, 122.09061, 124.41468, 123.56764, 127.4109, 119.07885, 118.5793, 115.18565, 118.48784, 119.42046, 120.43485, 122.29335, 112.62234, 117.80054, 120.646, 132.98154, 120.91045, 128.81435, 115.489, 116.70314, 118.13327, 122.6655, 121.57819, 118.53749, 119.79892, 119.3079};