name="EBOwithCMAR CEC17";
dim=100;
bound=0;
testID=22;
(*--------*)
min=7691.8996;
max=13839.508;
median=10682.122;
mean=10866.901662745098;
std=1749.390860862391;
(*--------*)
data={12968.784, 9584.7877, 12693.688, 12924.581, 12623.915, 9664.0128, 10099.725, 8561.1178, 13695.594, 10865.823, 13063.208, 12585.556, 10682.122, 8471.008, 8198.876, 13227.613, 10375.535, 11492.135, 8911.7001, 10234.898, 9450.314, 11924.486, 8770.3422, 12660.723, 11262.027, 13635.626, 9528.4251, 8317.0437, 7691.8996, 13096.261, 11786.964, 8192.2398, 12400.879, 10188.327, 12637.515, 8627.9063, 9782.6798, 11847.285, 9320.5271, 11684.297, 12700.918, 13839.508, 10115.088, 12012.666, 10930.376, 9866.2026, 10306.736, 9072.2513, 8978.6519, 12095.277, 10563.863};