name="EBOwithCMAR CEC17";
dim=100;
bound=4;
testID=7;
(*--------*)
min=114.66778;
max=129.0621;
median=120.84785;
mean=121.1687190196078;
std=3.4239537044470993;
(*--------*)
data={124.17867, 117.76694, 118.64671, 125.86432, 117.9135, 126.94563, 119.05741, 119.65884, 123.97908, 119.23199, 118.66735, 126.72544, 126.49963, 124.96637, 115.4168, 123.28763, 118.57638, 118.60519, 120.19639, 119.30033, 117.24028, 121.35095, 124.84767, 120.52288, 123.32373, 120.65926, 123.29829, 116.23883, 120.90048, 122.61459, 127.37276, 121.64336, 119.94472, 120.16835, 127.44018, 121.42997, 118.31025, 122.20839, 119.24763, 121.60075, 118.17861, 121.68335, 115.28277, 121.39197, 123.97113, 120.84785, 129.0621, 116.33186, 114.66778, 121.72391, 120.61542};