name="EBOwithCMAR CEC17";
dim=100;
bound=1;
testID=16;
(*--------*)
min=795.58952;
max=2680.6839;
median=1653.5329;
mean=1647.181581960785;
std=412.42542324461806;
(*--------*)
data={1780.4001, 1661.7446, 1147.1044, 1866.0421, 1430.6714, 1700.1594, 978.07246, 1737.2396, 1845.67, 2111.3155, 1874.4938, 1990.4369, 1863.5711, 1156.9852, 1066.8687, 1876.8068, 1561.154, 2595.7122, 908.4301, 1094.5874, 1373.5092, 1580.0106, 1146.459, 1194.5784, 1643.1919, 2048.5751, 1860.7051, 1629.1625, 1653.5329, 1538.3974, 1281.2422, 2092.5015, 1696.3745, 1997.9578, 2680.6839, 1260.9337, 795.58952, 2351.8297, 1659.3704, 1581.2344, 1555.2562, 1190.1867, 1601.1051, 1755.0747, 1464.2878, 2448.3368, 1544.6943, 1787.5503, 1989.4848, 1916.5182, 1440.4603};