name="EBOwithCMAR CEC17";
dim=100;
bound=2;
testID=12;
(*--------*)
min=3033.5638;
max=5532.2022;
median=4199.3457;
mean=4168.712958823528;
std=695.2682657942653;
(*--------*)
data={3434.1197, 4518.8149, 4341.3465, 5489.0234, 3498.8293, 4078.7231, 3477.934, 3911.9923, 3975.235, 4742.2143, 5292.1257, 4835.1135, 3666.6696, 4862.8918, 4331.6009, 5208.0106, 3330.9803, 3521.8123, 4742.0902, 5336.4192, 4363.0586, 4547.2876, 5108.8472, 4815.8121, 3891.1114, 4199.3457, 3638.5356, 4700.2773, 3076.6685, 3851.053, 3065.0773, 3362.0179, 5532.2022, 4787.7983, 3809.3382, 4367.4297, 4354.7683, 4227.2859, 4578.6273, 4643.896, 3035.1773, 3773.959, 3973.2148, 3152.3464, 3533.5598, 3739.543, 3033.5638, 5027.1807, 4007.74, 4448.7265, 3362.9649};