name="EBOwithCMAR CEC17";
dim=100;
bound=4;
testID=14;
(*--------*)
min=63.780162;
max=180.19318;
median=126.46641;
mean=126.07673903921568;
std=25.47548987475727;
(*--------*)
data={63.780162, 132.43788, 112.53782, 153.32581, 120.499, 170.23906, 99.605553, 113.52777, 136.42166, 138.40416, 135.41665, 115.52498, 140.40181, 129.45362, 115.52055, 142.3939, 180.19318, 101.59057, 149.35916, 132.43133, 117.51497, 122.48675, 130.44333, 122.48345, 143.37547, 109.5546, 127.46712, 149.34464, 154.32103, 107.56186, 169.26514, 99.616709, 97.613289, 149.34691, 116.51337, 78.706473, 101.58774, 133.43065, 143.38367, 89.648445, 152.33417, 93.634708, 106.57662, 116.52441, 124.47284, 103.58155, 79.707342, 144.37385, 170.24234, 126.46641, 165.26921};