name="EBOwithCMAR CEC17";
dim=100;
bound=4;
testID=24;
(*--------*)
min=892.59847;
max=948.42455;
median=912.84459;
mean=913.5370066666666;
std=11.376781594999992;
(*--------*)
data={922.40767, 899.11699, 900.25975, 904.97116, 910.8283, 892.59847, 898.82036, 928.17745, 897.67397, 914.87057, 910.00904, 911.63034, 903.77135, 914.77814, 937.11692, 902.20719, 923.49102, 901.4476, 931.95314, 915.8305, 923.05054, 907.56546, 906.55578, 911.22827, 906.79714, 916.51954, 933.6874, 917.68957, 924.0907, 908.70146, 919.22256, 909.91051, 915.95122, 917.18222, 913.83971, 906.59629, 916.63278, 927.13215, 901.96437, 904.70444, 914.90465, 914.82047, 917.59562, 912.84459, 934.22241, 902.3951, 948.42455, 900.58825, 919.25541, 911.38686, 902.96739};