name="EBOwithCMAR CEC17";
dim=100;
bound=3;
testID=10;
(*--------*)
min=7559.5185;
max=13183.616;
median=9550.0776;
mean=10036.871160784312;
std=1572.6217332917365;
(*--------*)
data={8557.0657, 9550.0776, 10060.456, 11707.634, 8599.4188, 7988.9975, 8190.3531, 8549.1356, 8869.5243, 11768.967, 8836.0354, 8317.482, 8567.6325, 10826.586, 8986.2816, 9364.1959, 12574.77, 8742.2728, 9068.5096, 11017.737, 10720.525, 11906.822, 11707.628, 8233.4215, 8368.0968, 12803.542, 12167.15, 10960.913, 13183.616, 9424.7559, 12953.578, 9790.2444, 11053.882, 8217.0112, 11156.321, 11082.427, 8605.6829, 8911.6718, 9082.873, 12738.752, 11093.09, 11692.989, 9162.6362, 8759.318, 9793.8233, 9135.2921, 9585.6979, 12558.947, 10127.475, 7559.5185, 9199.5963};