name="EBOwithCMAR CEC17";
dim=100;
bound=0;
testID=16;
(*--------*)
min=551.48136;
max=2410.6958;
median=1616.0972;
mean=1606.6061170588232;
std=437.18916952847735;
(*--------*)
data={1221.029, 1981.4068, 2108.5146, 1217.985, 2270.4644, 1754.8408, 1618.6875, 1664.0819, 1903.7621, 2175.8973, 1659.3691, 1266.7863, 924.99742, 1539.356, 2226.2913, 1919.3347, 1489.3658, 1595.5747, 2060.8312, 1043.3962, 2410.6958, 912.29318, 1202.4078, 933.98678, 1934.7913, 551.48136, 1397.3832, 1360.5638, 1633.4749, 1122.3422, 1616.0972, 1525.0822, 1957.5772, 1658.4652, 925.41323, 1445.4504, 1873.0131, 1365.3513, 1321.7946, 2086.5662, 1699.5332, 2348.8235, 1516.8721, 1646.1499, 2349.9582, 2361.4458, 1399.7867, 1177.7504, 1305.8061, 1657.2368, 1597.3462};