name="EBOwithCMAR CEC17";
dim=100;
bound=0;
testID=15;
(*--------*)
min=112.82546;
max=245.95812;
median=153.56747;
mean=159.91134431372546;
std=30.74357832328561;
(*--------*)
data={152.77694, 147.77897, 193.35814, 130.82155, 118.98014, 152.36604, 170.64899, 120.71663, 189.38532, 140.79875, 202.34189, 116.92084, 212.35489, 139.78259, 152.64772, 138.18754, 180.46857, 121.7758, 184.43569, 164.81338, 187.52332, 189.49511, 168.43338, 119.79054, 144.71904, 200.44785, 145.7501, 180.52738, 153.56747, 132.74582, 190.54407, 160.36403, 125.71433, 211.2318, 185.0911, 140.6047, 123.95111, 118.86224, 164.19259, 245.95812, 186.48647, 114.84402, 149.63668, 191.69913, 153.45755, 185.77271, 175.61638, 173.34599, 133.75656, 112.82546, 157.16313};