name="EBOwithCMAR CEC17";
dim=100;
bound=2;
testID=30;
(*--------*)
min=2217.3458;
max=2905.5027;
median=2554.2628;
mean=2573.2166333333334;
std=147.6737280154133;
(*--------*)
data={2364.0055, 2773.888, 2558.1252, 2683.8121, 2688.707, 2884.4607, 2522.9031, 2470.6724, 2856.6394, 2592.2461, 2651.5316, 2644.3954, 2685.6179, 2599.7299, 2685.4388, 2406.4395, 2457.1297, 2522.7899, 2638.6324, 2531.5486, 2571.0827, 2475.9609, 2217.3458, 2540.1621, 2408.3076, 2325.0749, 2720.8309, 2584.1868, 2396.3302, 2554.2628, 2511.5394, 2592.1476, 2668.3594, 2796.1991, 2608.9597, 2529.347, 2455.436, 2654.0829, 2905.5027, 2581.558, 2511.4703, 2904.9186, 2544.2738, 2312.8902, 2419.0338, 2636.9158, 2531.1679, 2499.1538, 2522.2856, 2528.9898, 2507.559};