name="EBOwithCMAR CEC17";
dim=100;
bound=2;
testID=22;
(*--------*)
min=102.50284;
max=14619.128;
median=10952.82;
mean=11134.286716470586;
std=2243.1629791564137;
(*--------*)
data={13423.086, 10866.441, 9332.791, 12409.683, 14619.128, 9539.9471, 9431.5188, 12569.208, 11170.748, 10649.685, 13359.607, 10292.429, 10012.927, 9909.5862, 10952.82, 11711.87, 13177.933, 9746.3521, 12431.763, 12235.254, 13112.904, 10135.226, 12231.674, 10528.424, 11708.64, 8408.7541, 14116.606, 8947.1125, 13504.253, 102.50284, 9986.243, 14376.192, 11174.783, 13008.703, 12187.086, 10083.706, 9599.8672, 10436.225, 13504.903, 11563.379, 11691.25, 10888.069, 9791.0758, 13099.778, 12261.624, 10383.18, 10133.173, 9446.8121, 10823.562, 9109.2168, 13660.921};