name="EBOwithCMAR CEC17";
dim=100;
bound=2;
testID=11;
(*--------*)
min=30.843726;
max=154.49073;
median=61.687183;
mean=71.37354525490196;
std=27.966890798471702;
(*--------*)
data={74.391092, 87.32558, 147.52603, 30.843726, 55.717637, 132.6017, 88.320346, 154.49073, 135.58657, 66.431485, 79.596573, 52.732764, 58.702494, 84.340723, 71.40628, 64.672223, 48.752918, 55.717642, 56.71252, 139.56637, 54.722602, 73.626804, 55.717621, 82.350648, 58.471848, 61.687183, 55.486966, 64.672238, 81.35575, 51.507114, 100.49058, 55.486971, 100.25987, 75.386081, 67.657115, 55.486971, 61.456715, 62.682264, 45.53737, 40.793296, 60.692366, 54.491991, 95.515832, 46.763035, 50.512165, 35.818506, 54.722662, 69.647013, 56.48191, 59.697392, 65.436526};