name="EBOwithCMAR CEC17";
dim=100;
bound=2;
testID=10;
(*--------*)
min=7697.673;
max=12791.935;
median=9326.4799;
mean=9923.436521568627;
std=1654.4296235821753;
(*--------*)
data={7823.3329, 7697.673, 9284.4558, 10190.44, 11585.776, 8720.4801, 8003.0902, 8316.7852, 12017.464, 8201.0133, 9250.2364, 8842.089, 8363.9182, 8835.0611, 9360.1731, 12536.048, 9171.2142, 7730.0694, 8730.3508, 11745.071, 8036.7364, 9751.762, 9853.3307, 7933.4919, 11945.404, 9125.1028, 12163.478, 10817.364, 12080.294, 9694.0461, 11907.018, 8278.79, 8152.1709, 8862.9309, 9311.3165, 11489.32, 9384.9336, 9326.4799, 11784.012, 12220.844, 11652.748, 12655.894, 10204.245, 11570.071, 8301.7662, 12376.686, 8618.2297, 8000.7464, 12791.935, 9279.0609, 12120.313};