name="EBOwithCMAR CEC17";
dim=100;
bound=2;
testID=29;
(*--------*)
min=863.28088;
max=1976.1131;
median=1284.5942;
mean=1341.5096735294119;
std=260.2668862994506;
(*--------*)
data={1426.0281, 1208.4298, 1116.3322, 1282.6035, 989.68111, 1028.257, 1758.6289, 1169.9597, 1198.9449, 1976.1131, 1653.4467, 1615.3558, 1254.2818, 1117.714, 1079.1704, 1214.8923, 1488.4302, 1139.637, 1446.186, 1554.3961, 1429.7932, 1915.5901, 1150.0594, 1256.2988, 1483.3913, 947.46821, 1249.5196, 1233.2141, 1331.7775, 1777.0914, 1348.5579, 1285.5008, 1703.219, 1284.5942, 1574.2708, 1353.3477, 1368.7343, 1171.5958, 1138.2024, 1335.0525, 1203.2538, 1210.658, 1892.7986, 1372.5965, 1095.1006, 1686.088, 1211.7629, 1511.9755, 898.53495, 863.28088, 1415.176};