name="EBOwithCMAR CEC17";
dim=100;
bound=0;
testID=17;
(*--------*)
min=717.79431;
max=1807.9338;
median=1238.101;
mean=1238.8682054901956;
std=251.06997676193322;
(*--------*)
data={1279.7935, 1537.3894, 1032.768, 1508.8004, 1158.4831, 1425.1773, 1421.1045, 1094.2494, 1718.23, 1452.7462, 1620.3079, 1413.9357, 1238.101, 1595.1159, 1239.5421, 1149.3233, 1103.7844, 1282.9486, 930.13777, 739.99212, 1299.6929, 1115.5046, 1109.1465, 1238.0224, 1227.5858, 816.51077, 803.65289, 1526.8831, 1190.4732, 1807.9338, 1298.1348, 1592.0544, 1050.0478, 1246.9718, 1263.2844, 1065.3918, 1270.3851, 1173.6805, 1079.5875, 1084.2409, 948.05016, 942.92656, 1067.5845, 1607.3807, 1400.1011, 1025.8099, 717.79431, 1387.8345, 1006.2515, 1416.1548, 1461.2749};