name="EBOwithCMAR CEC17";
dim=100;
bound=1;
testID=27;
(*--------*)
min=552.49717;
max=646.44922;
median=602.73508;
mean=603.9685325490195;
std=18.838901988823952;
(*--------*)
data={599.1845, 613.36095, 602.74625, 611.08765, 588.99049, 601.68162, 609.99311, 585.03736, 602.73508, 624.08882, 578.80019, 571.98094, 633.48338, 618.86223, 623.24797, 623.77323, 596.85318, 599.93134, 583.25304, 597.53574, 610.89606, 634.45211, 591.77327, 632.75914, 588.79381, 581.40166, 614.44738, 597.31412, 598.59834, 576.14804, 622.51717, 607.89558, 578.47684, 592.55006, 588.81831, 620.67708, 586.60407, 590.86761, 605.58621, 599.6786, 590.16661, 625.95332, 612.10473, 613.78204, 552.49717, 627.29843, 646.44922, 621.25378, 625.27989, 607.18394, 593.5435};