name="EBOwithCMAR CEC17";
dim=100;
bound=0;
testID=18;
(*--------*)
min=128.93505;
max=395.56315;
median=247.29993;
mean=255.8466303921568;
std=61.778077339593594;
(*--------*)
data={195.59949, 290.81873, 247.29993, 278.12305, 183.66627, 299.07952, 241.37473, 252.40561, 252.27944, 241.35753, 378.66724, 228.34069, 336.89534, 337.87689, 267.96541, 209.38729, 301.08977, 128.93505, 255.26589, 304.0353, 172.73644, 209.51456, 345.85635, 228.43085, 202.56433, 239.3568, 155.80058, 362.77031, 314.98621, 275.16397, 334.69009, 222.45989, 211.49774, 369.63021, 204.58257, 183.67691, 262.1196, 288.13843, 252.14871, 251.18742, 235.39858, 242.36347, 284.12362, 332.88183, 208.28533, 188.62358, 242.35937, 240.39151, 141.9164, 395.56315, 218.49617};