name="EBOwithCMAR CEC17";
dim=100;
bound=1;
testID=14;
(*--------*)
min=75.723755;
max=240.88725;
median=127.47536;
mean=128.90539176470588;
std=31.512915931529733;
(*--------*)
data={134.42639, 122.48447, 121.48805, 154.32043, 170.24137, 178.20197, 93.63013, 139.40073, 137.40616, 110.54328, 208.04745, 91.640623, 86.673936, 105.56786, 170.24225, 127.45618, 94.625987, 150.3423, 123.49338, 140.39449, 83.679258, 153.3284, 75.723755, 147.3601, 88.656413, 99.603033, 128.45932, 133.43264, 107.56528, 240.88725, 139.4014, 106.57337, 163.28561, 104.57548, 124.47555, 124.47928, 127.47536, 149.34672, 101.59128, 129.45452, 136.41444, 144.37291, 104.5793, 99.608048, 114.53677, 146.36013, 134.42775, 159.29865, 95.623157, 113.54902, 135.42335};