name="EBOwithCMAR CEC17";
dim=100;
bound=1;
testID=23;
(*--------*)
min=549.55761;
max=657.11828;
median=572.48004;
mean=577.6165315686274;
std=21.247323765228263;
(*--------*)
data={580.28285, 567.81137, 571.904, 573.14535, 573.49457, 568.40204, 592.86558, 585.25995, 570.35091, 624.35935, 633.05036, 572.48004, 571.50228, 563.50138, 566.7857, 566.30922, 582.72823, 560.23278, 559.16283, 570.93848, 560.48903, 576.81959, 573.73748, 565.39487, 628.37737, 574.26143, 561.7621, 578.43575, 572.57863, 566.61983, 575.50428, 571.65283, 581.80059, 576.34933, 563.00004, 570.84912, 596.36809, 590.53438, 549.55761, 557.60596, 561.75044, 553.21689, 657.11828, 573.24281, 561.36528, 587.84494, 570.58078, 625.13764, 576.21808, 565.38639, 580.316};