name="EBOwithCMAR CEC17";
dim=100;
bound=3;
testID=11;
(*--------*)
min=34.823552;
max=160.46045;
median=63.677264;
mean=68.03196313725488;
std=23.887658852601096;
(*--------*)
data={50.742872, 40.793296, 160.46045, 63.446588, 54.722627, 80.360851, 54.722698, 54.722662, 92.53098, 48.522267, 66.662191, 67.426439, 60.692386, 56.48193, 154.49073, 59.466792, 69.646993, 73.396168, 57.70754, 66.43148, 69.647008, 61.687371, 63.677284, 82.58144, 95.285034, 78.370958, 50.742831, 50.51218, 47.757984, 48.752933, 82.58142, 72.63189, 52.502094, 52.502078, 115.18424, 48.522247, 96.280115, 60.692412, 73.396173, 67.426444, 73.626819, 66.662085, 64.441547, 34.823552, 63.677319, 62.682305, 63.677264, 42.552518, 48.522247, 86.33058, 58.471808};