name="EBOwithCMAR CEC17";
dim=100;
bound=1;
testID=21;
(*--------*)
min=240.33018;
max=270.83949;
median=251.09963;
mean=251.81498215686275;
std=6.1060623689721085;
(*--------*)
data={249.45829, 247.20277, 249.26007, 259.16795, 251.09963, 247.46971, 260.85145, 246.53179, 247.24605, 250.57921, 250.65449, 241.93124, 246.13285, 253.94018, 243.13186, 250.15654, 245.90349, 250.03967, 252.51575, 261.03189, 251.39368, 246.31947, 247.63383, 259.30804, 253.35738, 255.2887, 253.12461, 252.11096, 256.35271, 255.05518, 256.98873, 251.92262, 260.21217, 254.68726, 270.83949, 246.80701, 251.098, 253.95107, 249.51082, 251.3857, 250.10666, 240.48246, 257.10597, 246.74208, 240.33018, 252.98483, 248.13481, 245.80095, 263.53996, 252.58635, 263.09753};