name="EBOwithCMAR CEC17";
dim=100;
bound=0;
testID=14;
(*--------*)
min=94.626507;
max=195.11493;
median=139.3966;
mean=142.23044701960785;
std=25.09996963477868;
(*--------*)
data={148.35153, 115.51872, 108.55416, 131.44626, 101.60119, 131.4423, 138.4227, 195.1132, 108.55562, 113.52632, 185.18504, 120.5008, 114.52428, 131.43823, 129.44825, 133.42702, 97.628301, 185.16681, 128.45502, 183.1784, 134.42879, 144.37295, 137.41862, 195.11493, 120.49989, 153.33554, 164.2733, 150.34183, 153.32921, 148.35362, 162.29217, 176.21601, 149.34631, 121.5114, 174.21946, 172.23869, 155.31872, 159.30029, 152.33041, 139.3966, 130.44484, 155.3196, 94.626507, 164.271, 142.38237, 134.4433, 132.4313, 163.27651, 140.39579, 116.51472, 114.52397};