name="EBOwithCMAR CEC17";
dim=100;
bound=3;
testID=5;
(*--------*)
min=31.83869;
max=58.702559;
median=45.768112;
mean=45.28038358823529;
std=6.402995631338985;
(*--------*)
data={47.758025, 45.768117, 39.798357, 42.783229, 38.803398, 49.747938, 49.747948, 56.712646, 35.818526, 35.818526, 50.742907, 47.75803, 31.83869, 45.768112, 50.742892, 41.788275, 43.778188, 50.742897, 53.727774, 35.818526, 45.768112, 38.803398, 38.803403, 57.7076, 50.742902, 39.798357, 39.798352, 48.752979, 42.783239, 43.778188, 45.768112, 50.742902, 47.758025, 58.702559, 48.752989, 43.778193, 36.813475, 49.747948, 51.737861, 45.768096, 38.803398, 35.818526, 43.778188, 42.783234, 48.752984, 48.752989, 45.768112, 37.808444, 37.808444, 57.70761, 49.747943};