name="EBOwithCMAR CEC17";
dim=100;
bound=2;
testID=28;
(*--------*)
min=300.;
max=634.39934;
median=518.64282;
mean=447.3770933333334;
std=121.74381258339206;
(*--------*)
data={518.64282, 300., 300., 543.40839, 300., 518.64282, 300., 545.5326, 543.40839, 518.64282, 543.40839, 549.57261, 300., 300., 576.78186, 300., 544.15724, 492.61397, 521.66939, 300., 588.08689, 532.20492, 544.15724, 300., 521.66939, 300., 482.62432, 300., 300., 543.40839, 564.22814, 300., 569.55603, 544.15724, 300., 543.40839, 543.40839, 300., 492.61397, 545.5326, 300., 634.39934, 300., 531.98315, 300., 300., 543.40839, 543.40839, 588.08689, 300., 543.40839};