name="EBOwithCMAR CEC17";
dim=100;
bound=0;
testID=13;
(*--------*)
min=102.92527;
max=528.58323;
median=273.38449;
mean=278.1228476470588;
std=105.24980804681039;
(*--------*)
data={207.98908, 382.65129, 342.94354, 280.65726, 294.3186, 171.945, 176.18452, 219.34918, 273.17318, 211.03868, 325.18468, 113.86424, 229.2047, 102.92527, 307.22964, 273.38449, 449.36628, 426.70641, 165.80457, 139.40536, 157.68349, 465.20717, 304.68251, 189.12703, 528.58323, 290.4019, 451.22355, 377.92607, 203.97702, 324.99716, 253.07197, 186.71845, 120.40971, 243.12291, 307.41701, 275.9327, 198.67988, 127.21732, 371.11715, 255.12747, 348.02242, 332.07857, 387.64568, 217.80622, 386.65108, 391.65991, 159.19379, 258.73363, 188.0553, 486.35535, 302.11361};