name="EBOwithCMAR CEC17";
dim=100;
bound=3;
testID=6;
(*--------*)
min=0.000013035111;
max=0.00013116537;
median=0.000064160217;
mean=0.00006383642107843139;
std=0.00002828436845522876;
(*--------*)
data={0.00008705134, 0.00012799574, 0.000047307351, 0.000076317149, 0.000068372483, 0.000033260446, 0.000051424228, 0.00007516045, 0.000083368674, 0.000025346405, 0.000038952393, 0.000061853093, 0.000067453777, 0.00003337186, 0.000086887611, 0.000095324465, 0.000062401021, 0.000028222966, 0.000060715497, 0.000035996702, 0.00013116537, 0.000047319244, 0.000079869395, 0.000049896428, 0.000088818171, 0.000077112513, 0.000071206416, 0.000024247113, 0.000029716599, 0.00011412635, 0.000042591668, 0.000013035111, 0.000022433135, 0.000117599, 0.00011404734, 0.000027226907, 0.000085271083, 0.00005725296, 0.000043742667, 0.000036984531, 0.000067415077, 0.000080272225, 0.000043549654, 0.000068214809, 0.000067146219, 0.00005603234, 0.000083608128, 0.000077496491, 0.000064160217, 0.000083799316, 0.000043517347};