name="EBOwithCMAR CEC17";
dim=100;
bound=4;
testID=8;
(*--------*)
min=18.904222;
max=46.763076;
median=27.858854;
mean=28.85381133333334;
std=5.838976499463473;
(*--------*)
data={25.868935, 21.889099, 24.873976, 20.89414, 22.884058, 25.868935, 25.868935, 31.83869, 39.798352, 18.904222, 23.879017, 33.828608, 26.86389, 31.83869, 29.848767, 25.868935, 46.763076, 24.873976, 27.858849, 42.783239, 34.823562, 31.83869, 37.808444, 33.828608, 31.83868, 26.863895, 30.843731, 31.83869, 25.868935, 30.843731, 30.843726, 20.89414, 32.833644, 31.83869, 32.833649, 32.833649, 23.879017, 31.838685, 27.858854, 19.899181, 22.884058, 22.884058, 29.848767, 25.868935, 33.828608, 22.884058, 27.858854, 27.858854, 24.873976, 21.889099, 35.818521};