name="EBOwithCMAR CEC17";
dim=100;
bound=3;
testID=18;
(*--------*)
min=63.286799;
max=193.6142;
median=132.91335;
mean=127.60713403921572;
std=30.339913292959757;
(*--------*)
data={156.78031, 133.88143, 136.90979, 126.96947, 124.96997, 106.97232, 166.75099, 193.6142, 153.8364, 134.90641, 131.81343, 160.78482, 133.93209, 91.138055, 136.92832, 142.86558, 111.03687, 133.85422, 167.74101, 167.74146, 68.243709, 149.83904, 160.77901, 108.04354, 148.8519, 164.60289, 84.16096, 108.05004, 115.98942, 155.79173, 138.91216, 63.286799, 108.03208, 132.91335, 115.86226, 115.00275, 104.07656, 92.973808, 138.801, 187.60895, 86.994021, 166.63215, 117.99348, 105.8868, 66.236842, 114.01279, 109.06401, 136.90623, 104.93413, 139.8805, 84.173782};