name="EBOwithCMAR CEC17";
dim=100;
bound=2;
testID=25;
(*--------*)
min=637.2166;
max=811.87651;
median=698.70878;
mean=708.8702203921572;
std=38.4031640982403;
(*--------*)
data={708.00283, 698.22699, 698.25511, 761.86563, 761.94867, 698.31342, 773.79306, 761.97749, 637.42212, 715.705, 698.48733, 761.84414, 637.84633, 697.96654, 762.15241, 686.65981, 698.3111, 698.02675, 698.24709, 637.54656, 658.93711, 714.83643, 718.05699, 638.71673, 714.76768, 697.97648, 719.19062, 714.84945, 811.87651, 723.73564, 761.85269, 716.10036, 697.88665, 698.42803, 715.48484, 716.78831, 698.70878, 637.2166, 697.98201, 715.00529, 715.85437, 761.76813, 698.09262, 698.22128, 638.47721, 714.74666, 715.04241, 689.95666, 698.68267, 762.03428, 698.50937};