name="EBOwithCMAR CEC17";
dim=100;
bound=2;
testID=19;
(*--------*)
min=81.001354;
max=142.66068;
median=103.64092;
mean=106.662491;
std=13.816907721522973;
(*--------*)
data={101.51328, 142.66068, 103.64092, 110.36328, 114.2362, 119.539, 101.0627, 111.44784, 98.187994, 111.08297, 104.53094, 93.529566, 94.532656, 104.24074, 110.3829, 114.18999, 100.57347, 137.29205, 134.76992, 107.96276, 99.665012, 91.215066, 92.531944, 98.740958, 87.291735, 131.50038, 94.679881, 102.37499, 119.1037, 92.422159, 100.20889, 117.08601, 97.403856, 94.515788, 119.85322, 100.13326, 122.02285, 109.35823, 87.085018, 101.82984, 128.39267, 92.448099, 100.41094, 90.476383, 81.001354, 107.88636, 118.73763, 103.8121, 119.13912, 97.885722, 124.83402};