name="EBOwithCMAR CEC17";
dim=100;
bound=0;
testID=27;
(*--------*)
min=553.25937;
max=636.0187;
median=586.41502;
mean=588.0798252941177;
std=16.115456038394733;
(*--------*)
data={570.13997, 576.39185, 601.53181, 581.51851, 593.90778, 581.56064, 588.13939, 604.75533, 592.14822, 579.73716, 561.5077, 580.23975, 610.04239, 608.57978, 556.35589, 572.79245, 574.97403, 586.41502, 579.98383, 607.76365, 553.25937, 580.13349, 585.83169, 585.09952, 599.75531, 591.51129, 578.91792, 582.14852, 577.79765, 636.0187, 603.26961, 587.23385, 625.32149, 569.09177, 586.98959, 582.47599, 607.40747, 591.73127, 591.26873, 603.82521, 575.74185, 602.53753, 594.32725, 569.14958, 600.97032, 587.20881, 582.82773, 594.64108, 571.8848, 578.32269, 606.88586};