name="EBOwithCMAR CEC17";
dim=100;
bound=3;
testID=15;
(*--------*)
min=76.126995;
max=175.74184;
median=117.79735;
mean=117.53097145098042;
std=19.59726633988268;
(*--------*)
data={115.01111, 101.17177, 132.57708, 113.80827, 133.61462, 110.06715, 117.91246, 103.93491, 110.80065, 104.85692, 153.31698, 117.79735, 89.054392, 130.73387, 127.73498, 90.894869, 109.43311, 159.51351, 96.795385, 103.85947, 151.72366, 133.75521, 121.82909, 93.094677, 101.48246, 119.00289, 131.80469, 129.65338, 125.79759, 143.64488, 116.86221, 175.74184, 107.93369, 119.61711, 106.28136, 112.85068, 133.595, 76.126995, 135.83207, 118.91742, 121.81553, 104.23111, 119.33773, 132.7573, 82.018921, 120.16629, 120.91911, 114.79161, 85.829909, 98.000726, 115.77555};