name="EBOwithCMAR CEC17";
dim=100;
bound=5;
testID=2;
(*--------*)
min=9238.;
max=1.1544913*^25;
median=1.500552*^12;
mean=2.2688788508398153*^23;
std=1.6165412322156242*^24;
(*--------*)
data={4.7544948*^7, 4.7060043*^10, 1.500552*^12, 2.53842*^22, 2.1615225*^15, 1.0995292*^12, 3.0625388*^11, 7.3068132*^7, 1.171704*^8, 2.1843348*^13, 1.2326778*^10, 1.7887244*^13, 1.4411776*^17, 6.6326508*^15, 1.5064034*^12, 9.7180743*^12, 2.4893646*^12, 6.6003814*^10, 1.103998*^12, 1.0090924*^15, 4.5268264*^9, 2.3886748*^15, 1.4064183*^12, 1.5562622*^9, 2.9325749*^13, 1.5897321*^13, 2.4208764*^12, 4.4458242*^12, 2.2517999*^15, 5.6054605*^12, 698162., 128597., 1.745273*^7, 2.9496116*^14, 1.7666469*^10, 3.4122424*^9, 1.7268589*^10, 9238., 2.3460386*^12, 9.8477091*^20, 9.7772437*^12, 9.3784038*^15, 6.0564034*^9, 1.4462192*^11, 2.6339636*^7, 3.5446935*^12, 4.4397696*^9, 4.7903408*^12, 1.1544913*^25, 8.5328014*^11, 3.5406815*^8};