name="EBOwithCMAR CEC17";
dim=100;
bound=1;
testID=11;
(*--------*)
min=35.818501;
max=141.55628;
median=66.662136;
mean=72.02080827450979;
std=23.893226610306645;
(*--------*)
data={57.707535, 65.436511, 53.727729, 79.365948, 69.647063, 71.63687, 40.793286, 63.446608, 64.441527, 73.626859, 85.566287, 66.662136, 61.456695, 66.728794, 50.51218, 55.486956, 76.611736, 58.471838, 77.375999, 70.641992, 141.55628, 139.56637, 72.401229, 97.275069, 59.697473, 47.757999, 66.43149, 56.481925, 62.451588, 74.391112, 72.401234, 35.818501, 119.16413, 132.60169, 45.537395, 81.586527, 79.596523, 76.380985, 52.73278, 81.35577, 80.360811, 51.744623, 39.567641, 105.23475, 56.48191, 62.451674, 53.727724, 83.345546, 54.492007, 64.441547, 116.68237};