name="EBOwithCMAR CEC17";
dim=100;
bound=1;
testID=8;
(*--------*)
min=14.924386;
max=40.793321;
median=27.858854;
mean=26.766348725490193;
std=6.561465737771754;
(*--------*)
data={37.808444, 28.853813, 28.853813, 28.853813, 23.879017, 37.808444, 28.853813, 21.889099, 27.858854, 25.868935, 22.884053, 23.879017, 30.843731, 21.889099, 34.823567, 28.853813, 23.879017, 16.914304, 17.909263, 30.843731, 40.793321, 15.919345, 25.868935, 32.833644, 23.879017, 29.848772, 22.884058, 28.853813, 19.899181, 16.914304, 33.828608, 36.813485, 24.873976, 25.86893, 24.873976, 29.848772, 22.884058, 28.853813, 33.828603, 38.803398, 24.873971, 20.89414, 29.848772, 28.853813, 30.843731, 32.833644, 31.838685, 14.924386, 17.909263, 14.924386, 15.919345};