name="EBOwithCMAR CEC17";
dim=100;
bound=3;
testID=8;
(*--------*)
min=34.823567;
max=70.642063;
median=46.763071;
mean=48.3823128627451;
std=7.844312199198367;
(*--------*)
data={43.778193, 55.717692, 40.793316, 56.712661, 48.752994, 48.752979, 49.747938, 56.712656, 48.752984, 46.763071, 59.697528, 52.73281, 37.808444, 45.768107, 45.768117, 39.798357, 47.758025, 41.78828, 45.768107, 42.783229, 58.702564, 46.763061, 42.783234, 48.752979, 41.788275, 55.717687, 51.737861, 42.783239, 37.808444, 42.783239, 43.778199, 52.73282, 52.73281, 60.692482, 55.717687, 55.717692, 42.783234, 41.788275, 41.788275, 49.747928, 43.778193, 70.642063, 46.763071, 39.798357, 41.78828, 36.813485, 51.737851, 69.647109, 34.823567, 50.742902, 57.707605};