name="EBOwithCMAR CEC17";
dim=100;
bound=4;
testID=30;
(*--------*)
min=2110.5676;
max=2820.397;
median=2319.2119;
mean=2355.088841176471;
std=138.40526276156004;
(*--------*)
data={2179.8619, 2469.2748, 2482.0573, 2341.0738, 2319.2119, 2276.7869, 2401.8908, 2292.7809, 2267.1017, 2299.1733, 2373.3858, 2201.0159, 2229.715, 2226.6601, 2549.9125, 2278.7206, 2476.6034, 2436.0524, 2820.397, 2262.6391, 2337.8357, 2198.2499, 2396.3577, 2276.7863, 2254.6523, 2386.4199, 2302.8132, 2477.601, 2421.2237, 2493.2034, 2355.2349, 2426.9825, 2231.5426, 2349.8129, 2603.9457, 2421.3594, 2262.9124, 2253.4261, 2215.4338, 2591.8276, 2487.9276, 2255.4984, 2262.8563, 2110.5676, 2258.0558, 2192.129, 2615.1684, 2478.1998, 2219.4505, 2505.0853, 2282.6561};