name="EBOwithCMAR CEC17";
dim=100;
bound=0;
testID=30;
(*--------*)
min=2101.8765;
max=2945.2281;
median=2335.818;
mean=2358.5412549019607;
std=147.3283166474148;
(*--------*)
data={2469.7411, 2256.6364, 2440.099, 2548.4928, 2211.923, 2248.843, 2101.8765, 2342.4359, 2335.818, 2305.1209, 2350.4714, 2485.0051, 2340.6661, 2363.8548, 2283.8509, 2662.6939, 2336.0777, 2321.2666, 2365.8261, 2155.4321, 2252.5196, 2324.7112, 2442.8895, 2399.2704, 2574.947, 2330.2863, 2303.219, 2351.2721, 2316.1002, 2288.8155, 2435.4667, 2270.9701, 2623.5738, 2377.1016, 2442.5719, 2355.3465, 2242.5105, 2410.6552, 2520.5803, 2188.0553, 2219.6855, 2945.2281, 2234.2142, 2351.3586, 2195.7238, 2333.6333, 2276.6566, 2218.7759, 2300.5542, 2222.3003, 2610.4795};