name="EBOwithCMAR CEC17";
dim=100;
bound=5;
testID=20;
(*--------*)
min=756.22945;
max=2510.8863;
median=1430.8419;
mean=1433.0573129411766;
std=352.09345381828905;
(*--------*)
data={1005.6131, 1655.7671, 1278.3723, 1095.2674, 1460.3463, 1580.0541, 1673.6271, 1562.2032, 1414.3441, 1788.14, 1363.9847, 1424.9501, 2184.1568, 1482.3048, 1916.5754, 1430.8419, 1543.0508, 1320.3686, 1235.5833, 1763.4516, 795.33236, 936.89247, 774.38048, 1201.3647, 976.18305, 1315.3595, 1370.1055, 1454.287, 2510.8863, 1806.7592, 984.58105, 1411.992, 1775.2954, 1941.6438, 1590.3891, 1495.2369, 1016.3212, 1508.4315, 1586.356, 1461.4881, 1101.1728, 1826.5055, 756.22945, 1300.2296, 1713.0496, 1422.5621, 1190.7783, 1330.4941, 1775.2962, 1063.9453, 1513.3717};