name="EBOwithCMAR CEC17";
dim=100;
bound=0;
testID=23;
(*--------*)
min=554.59714;
max=620.63203;
median=573.33289;
mean=575.6790674509803;
std=12.00953302679797;
(*--------*)
data={582.28155, 575.01304, 566.51923, 577.11358, 570.21161, 571.60754, 564.85424, 599.07556, 576.09777, 568.70548, 591.28951, 608.4445, 569.72297, 573.33289, 573.1982, 575.0472, 574.90025, 620.63203, 573.45846, 581.21636, 583.76769, 568.32627, 581.88867, 583.11163, 590.67124, 572.27487, 578.25463, 577.75234, 583.3284, 572.1878, 559.39912, 569.24671, 568.60707, 561.05859, 572.67472, 577.10491, 565.43136, 585.09219, 573.19949, 556.7086, 571.13697, 581.58829, 582.50305, 570.23161, 568.81315, 558.17947, 554.59714, 566.00922, 569.95696, 588.7707, 575.03761};