name="EBOwithCMAR CEC17";
dim=100;
bound=1;
testID=4;
(*--------*)
min=0.;
max=212.27686;
median=197.35678;
mean=195.40819843137254;
std=29.064149625216384;
(*--------*)
data={197.35678, 192.06759, 192.06759, 197.35678, 192.06759, 200.69998, 192.06759, 197.35678, 197.35678, 197.35678, 192.06759, 212.27686, 192.06759, 197.35678, 192.06759, 197.35678, 212.27686, 212.27686, 197.35678, 200.69998, 212.27686, 192.06759, 212.163, 192.06759, 212.27686, 192.06759, 192.06759, 197.35678, 192.06759, 197.35678, 197.35678, 197.35678, 192.06759, 192.06759, 212.163, 192.06759, 212.27686, 192.06759, 197.35678, 192.06759, 197.35678, 212.27686, 200.69998, 212.27686, 192.06759, 212.27686, 192.06759, 212.27686, 0., 212.27686, 192.06759};