name="EBOwithCMAR CEC17";
dim=100;
bound=4;
testID=11;
(*--------*)
min=29.848757;
max=146.53105;
median=63.446633;
mean=68.89053360784315;
std=25.459240112160295;
(*--------*)
data={101.25492, 65.436541, 53.497058, 62.682274, 64.441552, 71.636951, 76.611716, 67.426404, 100.25996, 46.763045, 75.386061, 59.697478, 59.697412, 145.53611, 64.672248, 29.848757, 61.4567, 69.416357, 70.411316, 36.813445, 40.562605, 71.40627, 52.732785, 74.391142, 63.677284, 53.727729, 60.461756, 78.601584, 128.62187, 59.466802, 44.773127, 53.497037, 63.446598, 58.471828, 65.673974, 145.53612, 58.471762, 66.431485, 63.446633, 46.532349, 63.446608, 83.345749, 47.527313, 78.370933, 66.508081, 51.737831, 44.542431, 55.717647, 82.35079, 146.53105, 60.461736};