name="EBOwithCMAR CEC17";
dim=100;
bound=1;
testID=19;
(*--------*)
min=75.784738;
max=165.1004;
median=118.33617;
mean=116.22756650980389;
std=19.15644646839925;
(*--------*)
data={114.31464, 145.02409, 135.14755, 107.96776, 119.054, 100.68963, 75.784738, 124.09344, 146.22627, 102.6432, 102.13499, 84.926592, 93.982484, 129.77934, 113.7477, 123.27571, 128.43245, 106.36386, 76.886459, 106.28147, 89.935469, 108.4484, 97.793855, 129.42517, 133.27721, 104.74411, 98.312771, 105.5848, 100.88943, 140.47027, 118.84639, 129.67089, 133.69651, 144.70495, 109.35764, 135.68727, 165.1004, 119.57529, 113.22642, 123.94119, 103.82533, 127.71324, 125.40387, 122.98917, 118.33617, 90.155227, 147.90641, 97.377522, 120.91367, 99.053095, 134.48738};