name="EBOwithCMAR CEC17";
dim=100;
bound=0;
testID=19;
(*--------*)
min=87.813835;
max=154.57777;
median=121.60684;
mean=123.96179590196077;
std=16.91833200729772;
(*--------*)
data={122.71688, 106.03656, 146.64295, 120.85768, 105.57737, 143.1256, 87.813835, 121.06826, 120.92385, 98.444824, 101.41069, 131.53517, 102.32666, 135.15955, 121.60684, 153.35079, 97.745472, 141.27917, 114.30275, 140.18102, 148.42075, 111.60073, 106.55213, 103.92943, 109.66669, 141.83465, 132.04945, 139.50005, 115.78859, 128.11466, 102.37987, 101.11504, 142.95779, 119.92342, 115.13501, 126.09115, 140.67186, 154.57777, 143.4232, 111.30318, 121.4529, 129.97398, 134.77967, 118.39611, 142.22192, 139.53014, 108.5906, 124.22663, 152.36579, 124.76788, 118.60463};