name="EBOwithCMAR CEC17";
dim=100;
bound=5;
testID=27;
(*--------*)
min=561.02686;
max=623.71454;
median=588.34383;
mean=588.7093511764708;
std=14.057387125531786;
(*--------*)
data={603.20567, 566.58051, 576.05419, 587.49825, 590.53463, 576.6974, 606.03596, 587.37275, 606.59303, 574.31491, 601.14216, 607.479, 588.34383, 592.73506, 591.84448, 567.56289, 580.29397, 594.22613, 568.51288, 580.75622, 588.28961, 591.91081, 589.70495, 580.08977, 606.38073, 588.09643, 604.0732, 578.8536, 578.87803, 571.31278, 609.20879, 594.64869, 578.10589, 607.77318, 596.44624, 589.83489, 623.71454, 587.19657, 593.42104, 580.2588, 568.10133, 561.02686, 598.7351, 576.22948, 572.27581, 597.92676, 574.82297, 607.28164, 574.28463, 599.04722, 608.46265};