name="EBOwithCMAR CEC17";
dim=100;
bound=3;
testID=17;
(*--------*)
min=617.31118;
max=1910.8121;
median=1361.0929;
mean=1336.068560980392;
std=307.37238570190266;
(*--------*)
data={1777.0152, 922.99836, 1375.9143, 782.60695, 1140.5477, 1361.0929, 1757.7589, 833.27766, 1390.8257, 1097.0049, 1008.8973, 1306.3289, 1414.8773, 851.3622, 1130.5153, 1469.3966, 1430.4019, 1680.4514, 1087.5204, 1359.8071, 1318.7057, 1260.5682, 1007.1742, 1302.9361, 1885.8017, 1768.3154, 1646.872, 1119.9787, 1606.0823, 1669.4502, 1304.2381, 1451.1401, 1370.5321, 1501.8726, 1304.1018, 1910.8121, 1392.7324, 1258.405, 1225.236, 989.92787, 617.31118, 1236.2898, 1516.5876, 836.13665, 1561.2428, 1531.196, 1582.7847, 1519.1856, 1760.2622, 872.44454, 1632.572};