name="EBOwithCMAR CEC17";
dim=100;
bound=3;
testID=2;
(*--------*)
min=48.;
max=9.8477091*^20;
median=3.1390359*^10;
mean=3.115609725525065*^19;
std=1.593027178181034*^20;
(*--------*)
data={9.8646451*^11, 188183., 1.0288138*^11, 2.5751964*^12, 2.2714789*^12, 1.4684472*^8, 4.176883*^6, 3.3782683*^9, 1.1640763*^7, 2.2573986*^10, 8.768835*^6, 5.9029585*^20, 48., 4.1373423*^7, 4.253468*^6, 1.2923174*^8, 555780., 1.9484721*^12, 5.5007122*^12, 1.4901162*^18, 3.161052*^10, 2.5792299*^10, 8.924283*^12, 7.1130185*^7, 1.2182839*^19, 2.283885*^15, 2.7677948*^9, 1.7522792*^16, 3.5364622*^9, 6.0182741*^13, 1.5452418*^7, 4.873196*^10, 1.2572453*^11, 3.7473544*^13, 3.1390359*^10, 3.4445416*^10, 5.4728162*^9, 3.6688636*^12, 166523., 3.1118772*^9, 1.9843903*^17, 9.1944168*^14, 3.9234026*^7, 893801., 9.8477091*^20, 8.5856236*^8, 3.4368153*^10, 1.9545472*^15, 1.1010946*^12, 2.3756659*^8, 1.1697192*^10};