name="EBOwithCMAR CEC17";
dim=100;
bound=5;
testID=16;
(*--------*)
min=692.33879;
max=2308.8097;
median=1641.3503;
mean=1564.3632231372546;
std=420.6162948063715;
(*--------*)
data={1299.8449, 2091.1237, 1797.2046, 1665.3655, 1642.718, 927.31089, 2256.279, 1139.2177, 1641.3503, 859.89653, 1048.7495, 1705.726, 2308.8097, 1932.1216, 1729.5924, 1778.4178, 1361.5873, 750.08781, 1723.3835, 791.55718, 1366.7602, 1679.8977, 1188.8537, 1264.3384, 2011.1725, 2306.3243, 1782.4431, 1638.2472, 1762.0978, 1991.1215, 1835.2537, 1892.4993, 1661.8089, 1288.9974, 1124.9689, 1121.5041, 1544.6438, 692.33879, 867.18268, 1575.7285, 1628.3698, 1436.3694, 1096.0548, 1951.1811, 1581.4051, 2125.2585, 1538.3563, 1663.3609, 1976.7117, 2188.7689, 1550.1615};