name="EBOwithCMAR CEC17";
dim=100;
bound=5;
testID=23;
(*--------*)
min=556.46474;
max=633.37184;
median=578.57886;
mean=583.2327494117645;
std=19.583260990297237;
(*--------*)
data={567.37642, 584.99856, 620.29544, 559.08309, 570.28952, 569.18055, 580.6334, 577.07065, 582.82519, 622.30798, 566.49661, 575.52309, 604.80391, 581.56755, 606.01586, 574.25386, 556.46474, 576.63382, 574.35054, 596.63666, 565.25471, 633.37184, 576.00395, 583.88161, 586.47034, 562.51014, 584.81822, 580.01504, 614.65861, 623.68831, 588.75781, 599.01269, 590.99572, 566.51643, 570.01876, 574.61507, 623.82054, 558.32018, 569.19035, 571.04216, 568.71143, 580.5822, 593.84221, 584.7694, 558.58501, 569.05342, 623.05648, 578.57886, 579.26344, 568.61661, 570.04124};