name="EBOwithCMAR CEC17";
dim=100;
bound=4;
testID=21;
(*--------*)
min=242.53735;
max=289.57691;
median=255.91845;
mean=256.9079649019607;
std=9.789142109203926;
(*--------*)
data={246.98151, 289.57691, 257.32837, 251.51456, 274.09771, 260.53806, 255.01624, 247.18427, 268.26136, 255.91845, 256.79724, 251.15768, 249.98408, 255.02254, 287.18949, 256.49715, 257.09605, 248.78059, 265.33121, 259.82774, 253.30302, 278.61741, 250.55852, 246.36376, 257.10865, 260.93045, 252.39965, 260.3779, 257.96582, 269.87764, 253.18016, 246.42908, 245.80611, 242.53735, 256.97007, 253.807, 252.88274, 253.73058, 256.74227, 253.05864, 256.95257, 248.51206, 255.62646, 270.84414, 246.04766, 247.24864, 256.68184, 257.23567, 256.13295, 261.04521, 249.23098};