name="EBOwithCMAR CEC17";
dim=100;
bound=4;
testID=3;
(*--------*)
min=9.6467492*^-6;
max=0.000049635306;
median=0.000017620974;
mean=0.000019329097160784312;
std=7.778837990790563*^-6;
(*--------*)
data={0.000021654051, 0.000016862204, 0.000013564911, 0.000020855853, 0.000013528443, 0.000049635306, 0.000013748327, 0.000029090962, 0.00002590385, 0.000017752508, 0.000023122436, 0.000020460405, 0.000017823612, 0.00001892495, 0.00001104908, 0.000016796518, 0.00001934658, 0.000011593517, 0.000017887153, 0.000016003672, 0.000017620974, 0.000015395077, 0.00001973445, 0.000023800842, 0.000015398922, 0.000022200889, 0.000013468832, 0.00001634913, 0.000013835413, 0.000036663186, 0.000016509998, 0.000019256155, 0.000016548049, 0.00001662702, 0.000019843355, 0.000044709972, 9.988108*^-6, 0.00002705473, 9.6467492*^-6, 0.000011099146, 0.00002084191, 0.000012753241, 0.000014272613, 0.000012241643, 0.00002181489, 0.00001741869, 0.000019917254, 0.000024169765, 0.000015152556, 0.000016679772, 0.000029166286};