name="EBOwithCMAR CEC17";
dim=100;
bound=1;
testID=13;
(*--------*)
min=90.61115;
max=547.40033;
median=242.78069;
mean=267.19344156862746;
std=95.31273734271967;
(*--------*)
data={323.53786, 338.6057, 200.75853, 422.88171, 547.40033, 212.92528, 235.8842, 298.56736, 257.35056, 236.4959, 370.94396, 380.28306, 282.37594, 381.26453, 159.83644, 159.83775, 522.91556, 192.72295, 353.81387, 219.97154, 203.01323, 174.73749, 236.04727, 242.78069, 267.6648, 242.63602, 213.3687, 397.12616, 339.2425, 219.24098, 188.32951, 217.91693, 234.97454, 151.26415, 393.07492, 155.69935, 360.64727, 144.7511, 166.5187, 182.72154, 283.58053, 257.71771, 90.61115, 265.01019, 234.84784, 250.38648, 275.4669, 151.8769, 334.96792, 329.86269, 322.40833};