name="EBOwithCMAR CEC17";
dim=100;
bound=1;
testID=26;
(*--------*)
min=300.00005;
max=3598.5131;
median=3305.5622;
mean=3037.005031568626;
std=917.9187072504099;
(*--------*)
data={3249.6884, 300.00008, 300.00007, 3468.3231, 3295.127, 300.00006, 3212.2906, 3199.3454, 3227.7226, 3153.864, 3137.4382, 3239.0699, 3393.5615, 3566.6576, 3440.4472, 3298.7824, 3331.2053, 3598.5131, 3375.0772, 3385.609, 3296.2522, 3531.3042, 3304.6201, 3384.1718, 3339.3988, 3342.4917, 3428.1244, 3150.2589, 3332.6335, 3458.9359, 3249.4246, 3263.6488, 3474.4412, 3350.6493, 3268.4998, 3180.6259, 3297.2008, 3471.5419, 3290.334, 3358.5977, 3133.798, 300.00005, 3373.0777, 3381.3162, 3305.5622, 3148.7948, 300.00005, 3357.7461, 3491.751, 3412.8607, 3436.4716};