name="EBOwithCMAR CEC17";
dim=100;
bound=2;
testID=24;
(*--------*)
min=856.77211;
max=903.4435;
median=874.05547;
mean=877.0971454901959;
std=11.009448194340228;
(*--------*)
data={866.41639, 880.26232, 872.05131, 872.19488, 898.5782, 874.87402, 864.54387, 878.28229, 885.82875, 885.02579, 886.45605, 869.0209, 883.82362, 895.04247, 898.7693, 871.32194, 886.92366, 871.16107, 871.34827, 896.02374, 866.20948, 874.05547, 871.6209, 872.31721, 882.77167, 873.74733, 887.7383, 856.77211, 871.45073, 868.88412, 903.4435, 880.83819, 871.61504, 879.75234, 884.19457, 860.49991, 867.85502, 859.78011, 885.44915, 893.42447, 864.38796, 868.80782, 869.66372, 871.61711, 857.30943, 873.43066, 874.22575, 889.04038, 880.25962, 878.69245, 884.15106};