name="EBOwithCMAR CEC17";
dim=100;
bound=0;
testID=5;
(*--------*)
min=14.924386;
max=51.737851;
median=28.853813;
mean=29.165955058823524;
std=7.011431767193349;
(*--------*)
data={35.818526, 37.808444, 30.843726, 17.909263, 35.818521, 31.83869, 22.884058, 28.853813, 25.868935, 21.889099, 32.833649, 14.924386, 51.737851, 23.879017, 28.853813, 24.873976, 21.889099, 26.863895, 26.863895, 37.808439, 28.853813, 16.914304, 29.848772, 31.83869, 35.818526, 28.853813, 33.828603, 40.793321, 44.773153, 30.843731, 22.884058, 20.89414, 20.89414, 37.808439, 30.843731, 35.818516, 24.873976, 28.853813, 32.833639, 27.858849, 27.858849, 26.863895, 26.863895, 26.863895, 26.863895, 22.884058, 23.879017, 36.81348, 32.833649, 22.884058, 26.863895};