name="EBOwithCMAR CEC17";
dim=100;
bound=2;
testID=18;
(*--------*)
min=101.05675;
max=278.12635;
median=186.5799;
mean=181.8676090196078;
std=41.98793928591963;
(*--------*)
data={223.47947, 173.61788, 225.48064, 176.72054, 247.33908, 166.76989, 203.56816, 182.64932, 219.31413, 190.62377, 101.05675, 131.7118, 163.76016, 186.69169, 186.5799, 116.02121, 143.8663, 136.7572, 210.33921, 201.34924, 193.5603, 215.50468, 145.8143, 116.97426, 181.66241, 109.98323, 134.88246, 278.12635, 247.33512, 127.9403, 153.83631, 174.56515, 114.00639, 199.42564, 135.95568, 232.41987, 167.80247, 153.77505, 185.56035, 140.88046, 259.24301, 214.39066, 205.26745, 194.60204, 208.51229, 201.54482, 194.62927, 233.24585, 214.72449, 214.49331, 136.88775};