name="EBOwithCMAR CEC17";
dim=100;
bound=0;
testID=11;
(*--------*)
min=37.808404;
max=123.64708;
median=63.677223;
mean=66.37586225490196;
std=17.442442407249256;
(*--------*)
data={65.436531, 58.471848, 63.677223, 57.707535, 86.330631, 89.315417, 56.481925, 37.808404, 104.23976, 55.724429, 62.682365, 69.416352, 53.497048, 63.446633, 66.4315, 58.702494, 73.626885, 39.798312, 69.416357, 123.64708, 37.808414, 87.55619, 83.345749, 74.621839, 74.621823, 43.547457, 42.783209, 73.396183, 44.773127, 72.631819, 56.481905, 49.517226, 47.757984, 71.406255, 76.381045, 75.386061, 66.43146, 46.763025, 94.520919, 94.520939, 77.376025, 62.451659, 79.365897, 61.4567, 62.451644, 59.466762, 64.441572, 59.466767, 44.773107, 62.451669, 81.355815};