name="EBOwithCMAR CEC17";
dim=100;
bound=4;
testID=13;
(*--------*)
min=117.07123;
max=502.40048;
median=276.00116;
mean=283.197694117647;
std=101.32481046815369;
(*--------*)
data={118.44492, 210.95598, 325.27441, 251.26204, 498.16622, 372.9018, 479.31588, 493.31836, 289.21426, 117.07123, 420.51259, 310.41406, 151.23389, 332.27499, 279.0568, 129.39534, 250.95109, 279.61283, 242.89703, 292.65, 263.38051, 150.30833, 186.17318, 180.11096, 246.62801, 192.04105, 178.26578, 371.12592, 336.36521, 155.865, 308.48728, 502.40048, 195.51454, 350.86492, 266.29618, 405.96081, 244.51206, 192.04039, 348.60017, 276.00116, 198.49087, 318.93278, 360.81444, 346.21253, 244.78761, 448.22955, 248.09093, 173.12831, 340.0851, 347.88083, 220.56379};