name="EBOwithCMAR CEC17";
dim=100;
bound=1;
testID=28;
(*--------*)
min=492.61397;
max=573.61369;
median=518.74194;
mean=521.0934470588236;
std=13.599041694473815;
(*--------*)
data={523.66857, 518.64282, 497.59433, 518.74194, 518.74194, 518.74194, 518.64282, 518.74194, 497.59433, 492.61397, 521.66939, 518.64282, 518.74194, 573.61369, 518.74194, 518.64282, 521.66939, 518.74194, 518.74194, 518.74194, 518.64282, 522.40365, 570.74122, 518.74194, 521.66939, 518.64282, 518.74194, 518.74194, 518.74194, 497.59433, 549.30693, 518.74194, 518.74194, 524.24548, 523.66857, 528.04058, 518.74194, 518.64282, 521.66939, 543.40839, 518.74194, 520.07077, 518.74194, 518.74194, 518.74194, 518.64282, 518.74194, 524.24548, 518.74194, 520.07077, 518.74194};