name="EBOwithCMAR CEC17";
dim=100;
bound=3;
testID=13;
(*--------*)
min=59.955635;
max=540.15789;
median=278.59857;
mean=296.9833859803922;
std=104.70164462827492;
(*--------*)
data={244.50642, 248.4315, 230.84539, 200.98421, 540.15789, 216.0119, 165.19393, 287.0137, 251.05258, 470.42471, 403.82623, 253.94355, 308.59226, 354.51749, 278.59857, 166.19348, 217.0049, 310.44832, 408.71655, 242.72661, 393.62513, 342.43956, 59.955635, 286.34063, 181.931, 302.25571, 441.67693, 137.38969, 270.73314, 231.82448, 354.02652, 384.52785, 219.89235, 264.27719, 338.12791, 389.15863, 295.97683, 427.54512, 220.10093, 119.05739, 227.95484, 256.6449, 422.14528, 293.5246, 234.1445, 419.58869, 521.7407, 255.7216, 440.99398, 187.10452, 426.53626};