name="EBOwithCMAR CEC17";
dim=100;
bound=2;
testID=8;
(*--------*)
min=30.843731;
max=58.702569;
median=40.793316;
mean=42.197963745098036;
std=6.807077079413812;
(*--------*)
data={42.783239, 35.818526, 39.798357, 43.778188, 37.808444, 42.783234, 30.843731, 31.83869, 49.747943, 39.798362, 32.833644, 51.737861, 48.752984, 49.747938, 45.768107, 40.793316, 34.823562, 43.778199, 40.793316, 47.75803, 57.707605, 34.823567, 40.793311, 32.833649, 39.798357, 34.823562, 55.717697, 39.798357, 49.747948, 39.798357, 43.778199, 39.798362, 53.727779, 41.788275, 58.702569, 36.81348, 35.818526, 43.778188, 38.803393, 33.828608, 37.808439, 35.818521, 41.788275, 41.788275, 37.808444, 40.793311, 37.808439, 51.737856, 51.737866, 44.773153, 45.768112};