name="EBOwithCMAR CEC17";
dim=100;
bound=5;
testID=11;
(*--------*)
min=37.808419;
max=154.49067;
median=68.652079;
mean=74.92242684313727;
std=27.64952992944801;
(*--------*)
data={53.727663, 84.340662, 154.49067, 103.24468, 76.611518, 81.586441, 62.451634, 37.808419, 70.411281, 145.53615, 70.648775, 115.68741, 69.416357, 51.744603, 39.798337, 54.491997, 71.40627, 48.522242, 50.742856, 48.759726, 71.406255, 62.451634, 81.586431, 54.722683, 77.375999, 55.486966, 59.466802, 59.697458, 68.421418, 64.441577, 118.16908, 75.386101, 62.451679, 150.51084, 80.360892, 56.4819, 134.59158, 116.68238, 56.712621, 79.365917, 68.652079, 51.507124, 74.621818, 78.370979, 98.507482, 75.386127, 54.722688, 62.451588, 66.43148, 67.426419, 45.768081};