name="EBOwithCMAR CEC17";
dim=100;
bound=5;
testID=10;
(*--------*)
min=6922.4535;
max=13682.52;
median=8990.4339;
mean=9689.037160784312;
std=1829.2534308587622;
(*--------*)
data={9237.5147, 8460.1038, 7675.8096, 8879.4821, 10583.118, 8769.9941, 12298.428, 11987.697, 7424.8998, 9168.4888, 8671.2744, 11291.083, 10396.773, 11667.451, 8506.2501, 7932.2258, 8241.635, 7634.5714, 11975.02, 8647.9367, 9524.0191, 10464.39, 9514.9039, 13030.009, 9059.0399, 8178.7187, 8488.9412, 10564.067, 8754.9019, 7902.0941, 13682.52, 8056.7439, 8301.6911, 12496.185, 7067.04, 8303.7654, 11723.79, 11768.318, 12258.359, 7675.1574, 11722.931, 8990.4339, 10802.584, 7321.8088, 8951.4461, 12026.739, 12024.285, 8624.4093, 6922.4535, 12140.172, 8349.2217};