name="EBOwithCMAR CEC17";
dim=100;
bound=0;
testID=2;
(*--------*)
min=147.;
max=8.1402754*^22;
median=4.1387998*^11;
mean=1.5963888824359856*^21;
std=1.139862895477947*^22;
(*--------*)
data={1.1149078*^10, 1.1936548*^12, 4.7740856*^13, 1.1267754*^15, 1.1831215*^14, 2.4269355*^12, 8.1402754*^22, 2.6109527*^8, 1.0582777*^12, 1.7860276*^12, 147., 4.0525589*^18, 1.3078698*^9, 4.1387998*^11, 4.63289*^9, 1.2592759*^9, 1.3952187*^12, 1.3377985*^16, 3.5752303*^12, 2.2761496*^11, 9.2406794*^7, 1.0523387*^11, 1.2061714*^8, 1.0540708*^13, 5.4884263*^10, 1.5251011*^9, 3.942416*^10, 2.1005586*^10, 1.082987*^8, 7.4396693*^10, 9.2929632*^17, 1.7595327*^13, 2.6213856*^10, 2.5428091*^12, 5.1552764*^10, 1.197145*^12, 3.9414885*^9, 7.4665708*^12, 2.2852719*^14, 1.1009993*^11, 5.2535326*^8, 1.7598429*^13, 5.354075*^9, 3.0941615*^10, 4.4533678*^12, 7.5315589*^18, 3.443105*^10, 59638., 5.5061058*^17, 4.9513557*^12, 1.1937255*^12};