name="EBOwithCMAR CEC17";
dim=100;
bound=3;
testID=22;
(*--------*)
min=100.00001;
max=14777.871;
median=10956.81;
mean=11004.6971827451;
std=2840.0299086634723;
(*--------*)
data={11311.776, 8200.8357, 10956.81, 100.00001, 10466.287, 13834.04, 12935.312, 11617.443, 8748.6175, 10231.722, 11717.671, 9950.8732, 10369.143, 12808.366, 14070.003, 13475.855, 13997.961, 14479.313, 10124.532, 12413.685, 13511.603, 13128.692, 10775.942, 10911.015, 8158.1069, 12683.1, 9883.3952, 9691.2358, 10944.676, 11093.29, 13269.835, 9932.299, 12540.74, 10784.356, 10638.978, 14455.742, 11117.61, 8175.3292, 100.00001, 11265.046, 10941.204, 9293.6643, 11547.078, 9979.1945, 9286.0453, 10247.946, 13614.224, 9928.5807, 14777.871, 13339.657, 13412.855};