name="EBOwithCMAR CEC17";
dim=100;
bound=4;
testID=18;
(*--------*)
min=127.9185;
max=347.79679;
median=256.29901;
mean=248.55689784313722;
std=56.47031439178586;
(*--------*)
data={214.49688, 256.31365, 173.62054, 208.53356, 347.79679, 195.48513, 307.95757, 344.76022, 346.79634, 195.58894, 182.5627, 256.1028, 138.86753, 291.11968, 288.16664, 288.13644, 335.8863, 199.51503, 231.32833, 247.33341, 258.28484, 271.22829, 302.05948, 288.03868, 278.01747, 159.78146, 309.01684, 147.84985, 186.67653, 254.28608, 229.45051, 180.69441, 199.60385, 127.9185, 256.29901, 202.55568, 324.94111, 282.01291, 200.57804, 217.48741, 290.14037, 289.952, 311.88724, 242.37405, 279.14858, 257.0734, 240.3654, 280.15718, 259.13249, 194.98639, 304.03526};