name="EBOwithCMAR CEC17";
dim=100;
bound=4;
testID=16;
(*--------*)
min=782.70795;
max=2428.5897;
median=1729.3733;
mean=1596.7620472549017;
std=375.2515531215764;
(*--------*)
data={1359.8129, 1577.1482, 1895.6087, 1213.881, 1879.6166, 1854.1194, 1698.2479, 1799.8208, 1793.2974, 1743.3419, 1652.7314, 1799.749, 1427.6604, 1245.8911, 1020.0331, 1116.1283, 1557.3446, 1224.8884, 1265.0705, 1186.204, 1781.0197, 1822.0645, 2428.5897, 2327.6611, 1452.1869, 2064.2834, 782.70795, 1305.723, 1874.5475, 2015.3351, 897.19386, 1308.5463, 1148.4173, 1226.1129, 1729.3733, 1858.0508, 1426.6976, 1862.3613, 1996.1754, 1858.9957, 2172.726, 1272.249, 1083.7616, 1751.3775, 1761.7219, 1833.3943, 1947.554, 1741.2534, 1935.4151, 1003.7431, 1455.0296};