name="EBOwithCMAR CEC17";
dim=100;
bound=3;
testID=27;
(*--------*)
min=559.44804;
max=620.94576;
median=589.06198;
mean=588.2335919607845;
std=12.237095214832982;
(*--------*)
data={580.85153, 601.77142, 569.9184, 592.64549, 614.77962, 591.91317, 559.44804, 585.65472, 593.60632, 605.88129, 596.65854, 568.08952, 574.96615, 610.609, 592.38392, 569.84586, 589.82648, 575.27576, 589.99566, 584.31396, 586.74268, 574.90118, 579.32265, 575.87981, 595.67028, 596.79332, 581.6707, 593.58936, 605.34761, 584.44407, 604.52056, 591.96551, 620.94576, 596.84475, 590.68654, 593.4903, 594.27891, 595.41364, 575.4408, 594.04969, 576.00196, 586.23651, 586.54873, 588.23761, 574.59181, 575.45158, 583.21426, 593.94988, 589.06198, 586.52754, 579.65836};