name="EBOwithCMAR CEC17";
dim=100;
bound=2;
testID=21;
(*--------*)
min=260.32524;
max=313.91037;
median=276.91211;
mean=278.0737939215685;
std=12.535137205935655;
(*--------*)
data={274.48997, 278.46003, 278.2807, 290.29231, 278.29692, 267.99694, 280.01544, 285.3743, 261.69389, 267.2873, 268.96741, 263.42908, 291.62746, 274.70928, 288.89941, 304.11618, 292.93495, 264.23824, 311.93837, 290.78705, 286.89284, 265.14, 278.51695, 276.91211, 287.03504, 275.88934, 281.1456, 276.51909, 270.17116, 272.49672, 282.5819, 280.73613, 268.6579, 279.71141, 260.32524, 275.24876, 266.39938, 300.69687, 278.80659, 260.63221, 263.93054, 278.38876, 270.97358, 278.25268, 271.58476, 313.91037, 273.4533, 270.60264, 294.23945, 264.82054, 263.2564};