name="EBOwithCMAR CEC17";
dim=100;
bound=5;
testID=29;
(*--------*)
min=821.55043;
max=1859.8224;
median=1249.2847;
mean=1239.5683990196078;
std=238.87715032015714;
(*--------*)
data={824.48104, 1233.447, 901.8144, 1609.726, 1017.3502, 969.5821, 1006.2805, 1249.2847, 1013.4366, 1272.5233, 1353.602, 979.47806, 891.83238, 1278.7557, 1269.5173, 1639.8966, 1218.2198, 1646.4457, 1391.225, 1255.07, 1379.5548, 1462.0731, 1233.0244, 1107.5236, 1510.6372, 1018.8726, 891.92049, 1073.1438, 1209.779, 1157.9697, 1269.0312, 1179.7038, 1062.3606, 1551.553, 1137.5745, 1375.0549, 1254.2112, 821.55043, 1198.866, 1253.8519, 1440.9209, 1075.2766, 1859.8224, 1323.6403, 1673.132, 1638.7918, 1281.024, 1081.9216, 1365.6139, 954.20185, 1353.4184};