name="EBOwithCMAR CEC17";
dim=100;
bound=0;
testID=29;
(*--------*)
min=865.76044;
max=1958.5614;
median=1328.192;
mean=1332.792151764706;
std=274.2290680142993;
(*--------*)
data={1611.3238, 1707.757, 1553.1029, 886.46268, 1328.192, 1316.9212, 1146.922, 1025.7812, 1198.5697, 1066.6867, 976.62151, 1450.0612, 1446.2753, 1233.7299, 1254.0754, 1367.4368, 1748.9808, 1060.8949, 1301.6481, 1106.0393, 1080.8725, 1075.4594, 1368.7589, 894.03621, 1339.7148, 1058.5629, 1958.5614, 1058.9991, 1482.4159, 989.01416, 1499.0807, 1269.2131, 1188.9106, 1599.8712, 1630.9997, 1481.8217, 1309.7144, 1314.6963, 1633.0582, 1360.4003, 1402.1832, 1831.9241, 1420.8815, 877.92224, 865.76044, 1820.5889, 1653.9285, 1684.1503, 1392.7893, 1563.5751, 1077.0523};