name="EBOwithCMAR CEC17";
dim=100;
bound=3;
testID=28;
(*--------*)
min=300.;
max=590.11539;
median=521.66939;
mean=455.0380972549018;
std=116.78143005889157;
(*--------*)
data={300., 531.87223, 543.40839, 300., 543.40839, 521.66939, 543.40839, 543.40839, 300., 300., 518.64282, 300., 543.40839, 552.42017, 589.82361, 543.40839, 300., 521.66939, 300., 543.40839, 543.40839, 300., 576.78186, 520.07077, 300., 590.11539, 544.15724, 300., 521.66939, 300., 300., 543.40839, 300., 521.66939, 300., 521.66939, 521.66939, 576.78186, 300., 545.5326, 300., 521.66939, 543.40839, 521.66939, 545.5326, 513.61246, 300., 300., 521.66939, 552.42017, 520.07077};