name="EBOwithCMAR CEC17";
dim=100;
bound=4;
testID=25;
(*--------*)
min=577.29532;
max=774.18323;
median=699.92047;
mean=704.4896082352941;
std=44.476737290598216;
(*--------*)
data={762.17342, 698.11609, 660.43713, 705.14041, 577.29532, 698.5553, 703.81874, 704.75484, 641.35766, 698.30648, 659.33984, 697.9672, 697.97833, 689.78175, 638.70662, 762.0519, 765.2103, 761.81818, 699.02249, 698.36173, 761.87687, 644.46836, 711.8622, 637.50615, 762.06526, 698.93766, 698.69743, 721.27437, 637.91344, 762.10576, 774.18323, 743.47989, 768.92684, 658.94147, 714.84875, 761.19111, 699.92047, 715.59274, 643.67157, 698.49422, 761.99486, 714.91669, 704.09188, 697.96524, 761.76988, 661.02926, 637.99418, 698.11888, 720.97326, 714.6865, 719.27787};