name="EBOwithCMAR CEC17";
dim=100;
bound=5;
testID=22;
(*--------*)
min=7739.1905;
max=13643.305;
median=11729.84;
mean=11122.192080392155;
std=1726.1114473164762;
(*--------*)
data={11826.866, 12375.598, 11668.815, 12137.228, 8066.2367, 10031.691, 9269.9953, 7739.1905, 11822.24, 13173.046, 13188.754, 13296.423, 12914.693, 12097.219, 8774.7013, 12437.594, 9719.482, 13077.755, 12845.413, 10913.547, 12701.379, 12267.573, 9199.2651, 12353.211, 9632.6536, 9728.9089, 12734.27, 12575.087, 10239.241, 8991.7797, 13228.678, 11986.82, 13292.931, 8534.2453, 9998.1542, 9734.5153, 13643.305, 10038.527, 8164.7082, 11028.909, 8968.9023, 9141.6466, 9052.8022, 12356.725, 11278.011, 9180.6059, 12205.128, 10097.207, 12773.107, 11729.84, 12997.172};