name="EBOwithCMAR CEC17";
dim=100;
bound=5;
testID=24;
(*--------*)
min=906.62254;
max=963.52172;
median=924.24343;
mean=925.3213354901959;
std=12.852869958902769;
(*--------*)
data={934.28181, 912.39532, 947.65192, 924.24343, 936.80684, 921.2374, 942.25739, 930.27187, 907.44623, 959.39324, 914.94803, 938.09262, 908.33205, 924.36423, 912.27344, 931.31786, 928.61354, 918.80773, 910.13141, 920.42999, 923.85227, 927.62661, 933.53176, 930.3978, 927.35117, 912.65926, 963.52172, 936.0273, 934.93528, 924.88087, 939.96211, 911.00698, 934.75444, 906.62254, 907.38567, 923.52429, 912.16226, 923.81228, 927.96507, 917.22372, 934.36195, 912.11028, 908.09712, 917.29507, 921.26244, 915.64269, 923.92059, 917.43905, 925.91685, 943.38911, 929.45321};