name="EBOwithCMAR CEC17";
dim=100;
bound=1;
testID=7;
(*--------*)
min=113.57995;
max=138.4679;
median=121.60819;
mean=121.98631745098037;
std=4.296140683866319;
(*--------*)
data={123.50444, 122.5439, 121.4936, 120.91356, 123.98244, 122.65141, 125.61132, 116.546, 117.18751, 122.66198, 126.16092, 128.58412, 115.27318, 120.06973, 124.7211, 123.47196, 119.81509, 124.73043, 121.60819, 119.97994, 122.08339, 123.27143, 113.57995, 120.61659, 114.26765, 122.88067, 120.69328, 118.32812, 119.97046, 119.3832, 119.67207, 124.26135, 124.48721, 122.42238, 115.52805, 126.16408, 122.33234, 120.61833, 128.63178, 120.45244, 120.50801, 124.61046, 118.46664, 124.92212, 119.26155, 130.21138, 138.4679, 121.0358, 116.89465, 126.20269, 119.5654};