name="EBOwithCMAR CEC17";
dim=100;
bound=2;
testID=6;
(*--------*)
min=0.000010074203;
max=0.000052152407;
median=0.000021811421;
mean=0.000023141744823529422;
std=9.180373416415526*^-6;
(*--------*)
data={0.000012206501, 0.00001786923, 0.00003366764, 0.000032603636, 0.000011912652, 0.000012131782, 0.000013347489, 0.000024240899, 0.000017979887, 0.000027418883, 0.000013764868, 0.000027426128, 0.000034062542, 0.000029520424, 0.000020086267, 0.000021529646, 0.00001774312, 0.000026784597, 0.000026770694, 0.000028021196, 0.000026732761, 0.000020247043, 0.00001639467, 0.000021811421, 0.000016239351, 0.000028157468, 0.000034828228, 0.000037649193, 0.000015019771, 0.000014908249, 0.000016937336, 0.000032499022, 0.000015546062, 0.000024895426, 0.000010448184, 0.000010074203, 0.000035765344, 0.000015736822, 0.000014863949, 0.000024648, 0.000039674061, 0.000013938202, 0.000019433149, 0.000027696047, 0.000035118523, 0.000029352895, 0.000015465309, 0.000022192565, 0.000031631551, 0.000052152407, 0.000011083693};