name="EBOwithCMAR CEC17";
dim=100;
bound=5;
testID=28;
(*--------*)
min=300.;
max=573.61369;
median=518.64282;
mean=503.6324994117648;
std=55.15117409787014;
(*--------*)
data={492.61397, 543.40839, 520.07077, 478.18635, 492.61397, 521.66939, 543.40839, 300., 523.66857, 300., 518.74194, 570.74122, 518.64282, 518.64282, 573.61369, 521.66939, 543.40839, 518.64282, 518.64282, 492.61397, 520.07077, 523.66857, 523.66857, 518.64282, 492.61397, 492.61397, 543.40839, 521.66939, 478.18635, 497.59433, 518.64282, 497.59433, 518.74194, 478.18635, 492.61397, 518.74194, 521.66939, 518.64282, 524.24548, 518.64282, 497.59433, 497.59433, 518.64282, 521.66939, 300., 497.59433, 543.40839, 521.66939, 518.74194, 518.74194, 518.74194};