name="EBOwithCMAR CEC17";
dim=100;
bound=4;
testID=15;
(*--------*)
min=98.86121;
max=322.8244;
median=145.97531;
mean=159.61622627450978;
std=45.50579266483787;
(*--------*)
data={150.96279, 186.31945, 113.84974, 98.86121, 230.76433, 146.79766, 225.82412, 190.88674, 138.37434, 130.84754, 113.68706, 322.8244, 140.68664, 186.5252, 125.20456, 110.89564, 184.38678, 199.87911, 156.72427, 120.82716, 179.54557, 141.96668, 196.30721, 218.23659, 141.6655, 148.6174, 182.05403, 127.65312, 165.50075, 101.90083, 145.97531, 147.69867, 115.09784, 300.69035, 130.73446, 161.68686, 136.25549, 190.02084, 130.87685, 146.7628, 137.62317, 107.75583, 140.7923, 176.88908, 133.83557, 135.56548, 137.706, 225.18098, 129.99317, 185.80287, 144.9072};