name="EBOwithCMAR CEC17";
dim=100;
bound=5;
testID=7;
(*--------*)
min=114.5745;
max=131.94797;
median=120.41695;
mean=120.94246431372552;
std=4.130396643089501;
(*--------*)
data={125.64055, 115.71622, 120.45345, 116.56005, 123.83199, 114.87464, 117.24217, 124.87127, 117.09861, 115.98485, 125.63559, 116.50899, 131.94797, 120.24195, 115.50192, 121.68403, 120.41695, 123.01632, 124.74534, 123.61415, 123.20099, 115.26929, 119.33514, 128.87219, 120.56005, 123.81513, 118.64622, 118.70779, 118.24936, 121.65763, 119.72892, 118.5241, 120.72768, 125.27987, 117.17966, 117.64446, 121.73909, 124.58459, 129.90604, 114.5745, 123.90987, 119.74314, 119.6535, 118.17155, 125.43835, 123.92037, 119.28402, 128.42879, 121.25708, 116.65815, 117.81115};