name="EBOwithCMAR CEC17";
dim=100;
bound=0;
testID=25;
(*--------*)
min=637.31681;
max=774.09486;
median=705.02474;
mean=714.4137288235294;
std=38.76262687981611;
(*--------*)
data={761.79056, 704.82482, 638.62524, 721.82427, 704.92326, 708.61545, 774.09486, 705.02474, 637.62196, 637.60494, 704.76199, 698.35513, 698.61994, 705.08282, 665.63944, 698.51192, 710.95915, 761.92635, 715.44473, 697.95889, 761.75549, 703.22006, 761.77039, 773.90401, 698.52112, 703.38144, 762.05461, 698.17903, 698.36315, 660.09203, 761.6794, 761.85231, 716.13807, 721.80193, 704.69935, 721.09495, 761.70678, 698.42459, 637.31681, 714.57118, 761.78453, 637.42157, 704.48062, 761.92828, 762.08732, 715.46613, 761.75471, 698.16193, 698.51285, 762.858, 697.90707};