name="EBOwithCMAR CEC17";
dim=100;
bound=1;
testID=22;
(*--------*)
min=8424.3431;
max=13659.475;
median=11653.716;
mean=11414.502688235298;
std=1486.0538038849397;
(*--------*)
data={8595.9934, 11442.925, 10274.42, 11415.813, 12793.298, 11490.101, 12713.186, 12734.945, 12847.595, 12834.111, 8879.6865, 11383.173, 12268.318, 13558.207, 10934.733, 9960.4968, 9376.26, 11844.037, 12678.481, 10073.002, 11653.716, 11505.26, 12839.571, 10260.778, 12466.419, 12083.205, 12329.554, 8424.3431, 9349.6399, 12469.096, 10647.977, 9082.4221, 11458.862, 10950.241, 11851.137, 12571.683, 8535.4366, 10433.264, 9057.0184, 10572.474, 13234.544, 9334.5423, 11942.518, 10398.099, 12490.134, 13125.343, 13659.475, 13009.143, 13201.003, 12788.682, 12315.275};