name="EBOwithCMAR CEC17";
dim=100;
bound=5;
testID=19;
(*--------*)
min=85.748192;
max=168.57946;
median=117.7759;
mean=120.81721780392155;
std=19.200879101902675;
(*--------*)
data={111.10688, 115.16356, 107.61129, 134.13862, 132.29665, 121.07254, 158.26775, 111.04978, 124.92161, 113.05231, 108.22741, 133.25747, 107.96975, 147.50363, 128.43436, 111.56025, 96.795436, 130.54241, 143.89002, 148.00666, 168.57946, 123.88158, 137.58748, 117.7759, 137.54964, 93.289946, 96.36728, 108.76287, 116.51979, 124.30385, 106.82436, 123.08336, 85.748192, 156.3826, 112.16916, 110.69621, 91.822061, 114.85381, 123.46158, 140.96815, 107.27386, 118.24795, 163.65589, 106.65426, 96.417541, 115.01618, 86.801332, 128.51896, 133.29299, 123.07047, 107.23301};