name="EBOwithCMAR CEC17";
dim=100;
bound=2;
testID=5;
(*--------*)
min=26.863895;
max=57.707615;
median=41.788275;
mean=41.86631098039217;
std=6.964263520007781;
(*--------*)
data={38.803403, 46.763076, 48.752979, 30.843731, 55.717687, 35.818521, 44.773153, 36.813485, 41.78827, 41.78827, 44.773153, 41.788275, 42.783234, 42.783229, 39.798362, 33.828608, 29.848772, 38.803403, 40.793316, 43.778193, 51.737856, 38.803403, 45.768112, 32.833649, 45.768107, 44.773153, 44.773142, 40.793321, 50.742907, 37.808439, 33.828603, 38.803403, 50.742902, 40.793316, 43.778199, 55.717687, 39.798357, 33.828603, 48.752984, 46.763071, 57.707615, 39.798362, 27.858854, 43.778193, 43.778193, 38.803403, 46.763071, 26.863895, 45.768107, 29.848772, 46.763061};