name="EBOwithCMAR CEC17";
dim=100;
bound=0;
testID=12;
(*--------*)
min=2841.7731;
max=5854.7438;
median=4433.7992;
mean=4331.247554901961;
std=716.7173727193069;
(*--------*)
data={3458.8537, 4205.2667, 4468.8292, 4686.6526, 4917.9936, 4661.4475, 3176.996, 4752.9568, 3333.7745, 4746.3646, 4237.4244, 4964.0628, 4010.6935, 4962.1295, 3841.7864, 4103.6249, 3702.3227, 4648.3773, 3710.8959, 5538.3689, 4475.4209, 3974.4578, 4675.8144, 4433.7992, 4857.9613, 4135.3321, 4225.3157, 2868.4068, 5448.964, 3503.314, 4289.109, 4692.038, 4118.194, 4840.5513, 4149.535, 3226.1927, 4970.5851, 5100.3596, 4804.3081, 3184.3512, 5854.7438, 3995.6895, 5590.6136, 4545.7309, 3372.1657, 2841.7731, 3593.4252, 5423.1992, 4751.0871, 4248.9766, 4573.3889};