name="EBOwithCMAR CEC17";
dim=100;
bound=0;
testID=10;
(*--------*)
min=6882.3129;
max=12889.883;
median=9673.2633;
mean=9947.337798039212;
std=1627.804115294299;
(*--------*)
data={9085.1281, 10801.6, 8143.0661, 11843.238, 10979.555, 9695.3959, 12358.306, 11628.523, 9312.7787, 8217.457, 8831.0116, 9323.0121, 8994.6604, 7921.8392, 7965.2215, 9349.2785, 8534.4255, 7936.9286, 11215.239, 9587.3133, 12889.883, 12601.637, 8894.8014, 10682.675, 6882.3129, 10543.851, 11252.695, 10836.798, 10092.836, 9565.365, 7502.6689, 12717.094, 8260.6572, 12090.616, 9452.2876, 8050.0701, 12513.24, 8058.5473, 10820.872, 10641.923, 9241.638, 10700.876, 11787.966, 11036.875, 7793.7149, 10873.985, 9673.2633, 11509.456, 8532.062, 12338.84, 7750.7436};