name="EBOwithCMAR CEC17";
dim=100;
bound=0;
testID=8;
(*--------*)
min=13.929427;
max=42.783239;
median=29.848772;
mean=29.497608294117644;
std=6.354737577730065;
(*--------*)
data={31.83869, 29.848772, 26.863895, 32.833649, 17.909263, 38.803398, 20.89414, 35.818521, 26.86389, 30.843731, 30.843731, 24.873976, 42.783239, 35.818521, 33.828608, 27.858854, 24.873976, 20.89414, 34.823562, 22.884058, 26.863895, 31.838685, 13.929427, 24.873976, 34.823567, 25.868935, 29.848772, 25.868935, 20.89414, 31.83869, 24.873976, 24.873976, 36.81348, 21.889099, 41.788265, 30.843731, 33.828603, 29.848767, 30.843731, 19.899181, 33.828608, 31.83869, 35.818521, 29.848772, 35.818526, 20.89414, 37.808444, 32.833649, 39.798357, 24.873976, 26.863895};