name="EBOwithCMAR CEC17";
dim=100;
bound=5;
testID=13;
(*--------*)
min=124.82068;
max=466.64104;
median=268.39886;
mean=258.45321647058825;
std=81.68388232666997;
(*--------*)
data={345.2646, 320.02593, 177.16134, 209.62621, 193.25032, 295.30643, 215.85798, 268.39886, 156.89844, 367.15778, 282.94688, 264.7044, 345.90317, 172.12968, 466.64104, 176.75407, 322.09214, 310.53805, 366.15089, 206.06618, 271.50831, 299.93083, 228.40154, 176.75749, 185.09066, 142.92227, 221.94351, 185.50646, 124.82068, 265.12701, 268.66294, 140.03833, 171.47328, 283.90835, 312.40318, 349.90796, 322.88842, 185.24854, 367.84813, 312.73155, 358.15648, 255.3997, 269.73924, 328.48124, 126.46491, 424.60163, 163.27534, 155.57109, 214.1957, 287.19676, 318.03812};