name="EBOwithCMAR CEC17";
dim=100;
bound=5;
testID=6;
(*--------*)
min=3.1866959*^-6;
max=0.00004734219;
median=0.000014543667;
mean=0.00001468197059607843;
std=7.076111102183096*^-6;
(*--------*)
data={0.00002397535, 8.4152998*^-6, 8.4391006*^-6, 7.9050524*^-6, 0.000012398536, 0.000022732927, 0.000017251548, 0.000015954874, 0.000012861707, 0.000014543667, 0.00001344995, 0.00001510461, 0.000015184851, 6.8328067*^-6, 0.00001223751, 0.000010950563, 0.000019273725, 0.000012281292, 0.000020593139, 0.000015025385, 0.000017302142, 5.8862935*^-6, 0.000011599642, 6.2926147*^-6, 3.1866959*^-6, 6.4505006*^-6, 0.000011353547, 0.000019602054, 0.000018083731, 6.9801305*^-6, 0.000014037149, 0.00001565625, 0.000019555655, 0.000011786916, 0.000018989438, 5.2386731*^-6, 8.2253027*^-6, 0.000022477611, 0.00004734219, 0.000011653791, 0.000025927499, 0.000013647288, 0.000021958695, 9.3906996*^-6, 0.000018035451, 0.000014771131, 0.000017989613, 0.000018453764, 0.000015951259, 0.000016127692, 9.4151883*^-6};