name="EBOwithCMAR CEC17";
dim=100;
bound=1;
testID=24;
(*--------*)
min=897.51104;
max=991.31818;
median=926.47786;
mean=928.7687492156864;
std=15.691084458624495;
(*--------*)
data={951.93532, 918.95267, 916.03492, 933.59144, 897.51104, 922.37033, 923.91561, 922.72599, 909.74672, 951.52618, 946.48633, 939.73546, 932.95452, 925.97157, 930.62975, 940.30211, 946.62703, 946.57258, 923.904, 923.42844, 912.8028, 930.66852, 949.9154, 936.07001, 915.7174, 926.83522, 919.59799, 922.0361, 921.04072, 906.27808, 930.03403, 934.15116, 918.4929, 935.68498, 926.47786, 927.60505, 924.01943, 930.52393, 902.00069, 931.91073, 918.7799, 921.82316, 925.35754, 922.0442, 945.3213, 991.31818, 920.33473, 927.79945, 934.52818, 950.77658, 902.33798};