name="EBOwithCMAR CEC17";
dim=100;
bound=5;
testID=18;
(*--------*)
min=132.93908;
max=386.62087;
median=242.33895;
mean=245.2780337254902;
std=53.55501444266817;
(*--------*)
data={242.33895, 276.21315, 330.93503, 315.95499, 294.09103, 173.72117, 328.83882, 231.44159, 231.29776, 262.27236, 276.19337, 215.48674, 319.96105, 235.39447, 272.10179, 308.90608, 300.21114, 242.17253, 265.24773, 298.07292, 184.64216, 248.30459, 285.18381, 271.02453, 230.44786, 205.38554, 132.93908, 225.38362, 386.62087, 246.33264, 278.15938, 185.5939, 265.25398, 154.65858, 327.80918, 172.7173, 201.58459, 243.22219, 232.42178, 197.5624, 196.6049, 195.60719, 258.25606, 206.56676, 195.54279, 147.8495, 290.96378, 213.53674, 189.61822, 237.34445, 281.18868};