name="EBOwithCMAR CEC17";
dim=100;
bound=3;
testID=24;
(*--------*)
min=844.40356;
max=908.03655;
median=877.54987;
mean=877.090938627451;
std=14.297814557475423;
(*--------*)
data={868.11465, 851.13924, 884.29012, 869.5454, 892.64515, 883.27728, 873.21363, 901.77925, 871.73613, 874.42346, 871.07283, 876.46733, 868.61335, 888.3764, 890.7812, 886.13999, 869.65795, 876.98464, 879.12025, 855.47824, 878.9811, 908.03655, 863.89662, 885.47112, 894.68436, 865.82848, 877.83278, 871.75002, 884.41403, 857.20676, 862.02236, 859.39818, 882.19044, 881.70821, 877.54987, 844.40356, 879.47989, 896.17199, 876.59616, 905.4139, 870.99928, 891.62964, 889.70916, 880.92396, 862.85673, 888.97916, 856.09298, 852.21649, 885.41724, 898.65266, 868.2677};