name="EBOwithCMAR CEC17";
dim=100;
bound=3;
testID=3;
(*--------*)
min=9.8691741*^-6;
max=0.000070977096;
median=0.00002356991;
mean=0.000029841286884313737;
std=0.000017517202813322145;
(*--------*)
data={0.000029589666, 0.000015995891, 0.000046010828, 9.8691741*^-6, 0.000022387725, 0.000028629073, 0.000014078087, 0.000027639564, 0.000042426816, 0.000070004544, 0.000012737105, 0.000016619422, 0.000021040295, 0.000023935451, 0.000050206318, 0.000028221819, 0.000015629654, 0.000014705675, 0.00002167002, 0.00002807808, 0.000031045674, 0.000049297505, 0.000017504614, 0.000021613343, 0.000016079061, 0.000070615892, 0.000070125919, 0.000018241807, 0.00003524734, 0.000022266683, 0.00001781234, 0.00006512065, 0.000023254337, 0.000023481964, 0.000065183409, 0.000029720522, 0.000032590389, 0.000019853382, 0.00003174924, 0.000033051401, 0.00002356991, 0.00001367801, 0.000012528842, 0.000029597916, 0.000011329362, 0.0000480391, 0.000013491965, 0.000070977096, 0.000036901365, 0.000013761519, 0.000014699867};