name="EBOwithCMAR CEC17";
dim=100;
bound=5;
testID=26;
(*--------*)
min=300.00003;
max=3465.7043;
median=3184.6538;
mean=3050.613977058824;
std=705.013284117161;
(*--------*)
data={3167.8938, 3384.4247, 3216.1165, 3415.7743, 3337.6624, 3149.5143, 3220.0164, 3000.7397, 3169.6345, 3114.4833, 3145.9681, 3361.4206, 3320.9021, 3347.0828, 3068.0619, 3055.8246, 300.00003, 3364.1335, 3342.4305, 3097.0392, 3255.0423, 3318.2572, 3047.7824, 3184.6538, 3147.7965, 3148.8395, 3402.7276, 2947.0296, 3360.1213, 3240.8423, 3465.7043, 3184.9126, 3180.5305, 3061.7648, 3135.2395, 3267.2384, 3351.1643, 300.00005, 3184.1004, 3142.5982, 3410.5546, 3222.4718, 3180.4113, 3251.8799, 3227.9243, 300.00005, 3027.7618, 3166.2313, 3359.3718, 3141.0816, 3388.1556};