name="EBOwithCMAR CEC17";
dim=100;
bound=1;
testID=10;
(*--------*)
min=6707.9019;
max=13091.005;
median=10335.905;
mean=10439.305388235296;
std=1830.5960468515586;
(*--------*)
data={9079.1015, 12613.936, 12244.119, 8209.9341, 13091.005, 9226.4501, 12850.104, 10010.485, 11769.102, 11472.039, 8268.44, 11864.76, 13047.676, 8664.1779, 12079.089, 8069.2034, 9545.2917, 7799.6018, 11809.134, 9352.8733, 8939.0817, 8353.3552, 11591.578, 8131.3497, 11826.734, 12240.039, 12825.769, 12974.247, 11923.026, 10483.524, 12723.388, 11547.099, 10759.538, 8052.2414, 9712.1288, 10335.905, 9726.8811, 11353.863, 8288.3141, 11863.992, 9127.1757, 12357.717, 6707.9019, 10241.433, 12278.128, 9259.6085, 8190.9952, 7796.3632, 12993.697, 10090.077, 8642.9015};