name="EBOwithCMAR CEC17";
dim=100;
bound=2;
testID=2;
(*--------*)
min=1351.;
max=5.5130203*^18;
median=3.1841201*^10;
mean=1.4577210779700138*^17;
std=7.813169490177248*^17;
(*--------*)
data={5.2421888*^11, 738858., 1.7596437*^13, 1.4648894*^9, 3.2934617*^14, 6.3090364*^12, 1.412787*^10, 7.299608*^6, 6.9613108*^11, 127262., 3.3822401*^7, 5.5130203*^18, 1.0823746*^13, 3.8168167*^12, 4.7778642*^8, 7.5891001*^11, 1.3126948*^9, 5.5032908*^17, 7.5054922*^11, 1.9399253*^13, 1.4922031*^10, 4.5943695*^15, 5.2858715*^16, 3197., 8.0745692*^17, 7.7232596*^11, 1.1042148*^10, 2.4525574*^11, 2.7961926*^8, 3.1841201*^10, 5.1965346*^12, 3.399545*^6, 3.4287112*^10, 7.2583076*^7, 3.4486738*^12, 1.1603621*^10, 1.9518045*^9, 20222., 3.1790803*^10, 1.337778*^6, 1.56478*^12, 1351., 1.608849*^6, 2.8716332*^7, 330817., 2.3327439*^14, 3.1383127*^10, 1.2583822*^9, 4.3985216*^12, 5.0544703*^17, 3.1973504*^13};