name="EBOwithCMAR CEC17";
dim=100;
bound=3;
testID=26;
(*--------*)
min=2797.9614;
max=3293.7812;
median=2952.8195;
mean=2974.9601000000002;
std=110.54967091605295;
(*--------*)
data={3003.5732, 2907.0895, 2866.7815, 2938.15, 3018.7032, 2921.2894, 3149.7187, 3013.4784, 3085.701, 2834.1297, 2967.3632, 2891.7202, 3178.7274, 3141.0894, 2943.3702, 2957.3605, 3047.4973, 2931.4579, 2993.6078, 2934.8892, 2894.2463, 3019.2785, 2930.3902, 3004.5241, 2899.7613, 3007.6702, 2952.8195, 2907.0166, 2895.5499, 2959.94, 3099.5006, 2980.413, 2822.0537, 2897.1044, 2993.9466, 2844.2388, 2797.9614, 3034.8708, 3063.8944, 3287.0558, 3045.746, 2951.7791, 2858.3468, 2833.3688, 2884.4028, 3293.7812, 2944.2982, 2807.2164, 3110.1084, 2924.5361, 3051.4475};