name="EBOwithCMAR CEC17";
dim=100;
bound=3;
testID=29;
(*--------*)
min=1017.3985;
max=2101.6438;
median=1467.4717;
mean=1479.4342607843134;
std=226.212761336228;
(*--------*)
data={1396.7412, 1657.2278, 1122.6715, 1599.7717, 1436.6508, 1715.7792, 1375.0236, 1205.2915, 1541.9038, 1094.7487, 1378.2784, 1492.7096, 1541.8044, 1464.1335, 1560.5104, 1634.8454, 1158.3277, 1375.6501, 1803.6643, 1552.7753, 1436.3781, 1437.5697, 1726.4337, 1562.4407, 1707.0751, 1017.3985, 1378.4458, 1054.6232, 1467.4717, 1692.5786, 1833.6189, 1542.3772, 1152.0908, 1307.5381, 1215.7685, 1620.673, 1504.1797, 1734.9069, 1476.2917, 2101.6438, 1454.308, 1611.0009, 1755.6623, 1316.3345, 1402.0935, 1791.2569, 1439.9926, 1083.4987, 1681.3311, 1396.6102, 1441.046};