name="EBOwithCMAR CEC17";
dim=100;
bound=3;
testID=19;
(*--------*)
min=63.595316;
max=133.18883;
median=93.492107;
mean=96.44721345098034;
std=15.568367802713889;
(*--------*)
data={72.551235, 92.993104, 93.492107, 108.44405, 87.07963, 108.77045, 87.544589, 128.18104, 78.13859, 73.446072, 89.375449, 69.718595, 85.339714, 104.77926, 91.920169, 68.812801, 102.09965, 113.23591, 106.98852, 91.790961, 102.6692, 104.89898, 93.079837, 111.44118, 92.650663, 88.972152, 89.490896, 104.99401, 86.691272, 71.650154, 99.292517, 85.934372, 86.047921, 117.44092, 63.595316, 112.10597, 79.949519, 133.18883, 120.89069, 105.2224, 97.531852, 97.69187, 120.71054, 117.71784, 88.472564, 111.65877, 96.49915, 96.839424, 104.66306, 89.70378, 92.410341};