name="EBOwithCMAR CEC17";
dim=100;
bound=3;
testID=25;
(*--------*)
min=637.20701;
max=811.6257;
median=715.1705;
mean=727.0886368627453;
std=40.04693550471544;
(*--------*)
data={698.02306, 761.81718, 715.1705, 762.00029, 714.76144, 761.98158, 761.82553, 761.82109, 811.6257, 718.23163, 714.68814, 762.0448, 637.59952, 698.66384, 714.76738, 762.03257, 763.33948, 715.01557, 774.2891, 761.68124, 761.76201, 773.95863, 660.09664, 715.14675, 703.98126, 638.97711, 714.76213, 761.84781, 660.87377, 715.01653, 715.29806, 698.12957, 762.11299, 715.49669, 761.74648, 761.83589, 697.89343, 637.20701, 714.83144, 715.1042, 774.08603, 762.08303, 773.97017, 698.00033, 698.14991, 698.07254, 698.09839, 698.11843, 761.89802, 762.84077, 698.74482};