name="EBOwithCMAR CEC17";
dim=100;
bound=4;
testID=19;
(*--------*)
min=79.247572;
max=169.98713;
median=112.86145;
mean=115.59447296078433;
std=20.15072274671722;
(*--------*)
data={149.25468, 101.61601, 117.86608, 167.84916, 79.247572, 96.69656, 126.43228, 141.76036, 96.555032, 118.84363, 101.17902, 109.86481, 146.40212, 127.21464, 106.09961, 104.23674, 147.08877, 112.86145, 111.12762, 115.51084, 110.49046, 97.474267, 91.727121, 118.83637, 103.36224, 97.292052, 128.84754, 137.76496, 138.313, 84.101107, 93.107832, 119.86262, 169.98713, 105.70286, 114.19925, 124.73539, 113.76781, 123.30239, 98.802056, 103.4695, 87.868251, 137.84001, 88.700145, 127.46626, 134.03232, 95.903516, 110.61565, 110.25968, 126.57049, 113.71369, 109.49517};