name="EBOwithCMAR CEC17";
dim=100;
bound=5;
testID=8;
(*--------*)
min=15.919345;
max=45.768117;
median=29.848772;
mean=30.024351745098045;
std=5.888630777648101;
(*--------*)
data={24.873976, 26.863895, 29.848772, 26.863895, 29.848772, 29.848767, 26.863895, 24.873976, 25.868935, 28.853813, 41.78828, 31.83869, 33.828608, 38.803403, 20.89414, 37.808444, 30.843726, 30.843731, 23.879017, 41.788275, 45.768117, 25.868935, 33.828603, 24.873971, 31.83869, 30.843731, 15.919345, 37.808439, 25.868935, 24.873971, 23.879017, 24.873971, 29.848772, 29.848772, 28.853808, 29.848772, 34.823567, 31.83869, 22.884058, 20.89414, 32.833649, 33.828608, 31.83869, 37.808444, 36.813485, 30.843731, 28.853813, 22.884058, 28.853813, 27.858854, 36.81348};