name="EBOwithCMAR CEC17";
dim=100;
bound=0;
testID=21;
(*--------*)
min=241.51935;
max=274.69375;
median=256.40457;
mean=256.952201372549;
std=7.524332868888514;
(*--------*)
data={257.38995, 262.00076, 260.91455, 267.21634, 261.97012, 247.5418, 252.3063, 272.62356, 270.86071, 254.31599, 260.79788, 256.43685, 247.49554, 250.37082, 255.88483, 249.90232, 252.10796, 241.51935, 254.93605, 265.0998, 256.40457, 253.03567, 251.40354, 251.25298, 274.69375, 258.0094, 252.70654, 248.65477, 258.4119, 260.0958, 266.54008, 251.66793, 271.41908, 257.30461, 249.8872, 257.6738, 263.53394, 248.13209, 255.59228, 256.37771, 245.51652, 267.5523, 246.08558, 254.48398, 260.21444, 261.42512, 249.53913, 250.56912, 264.99698, 259.50427, 260.18571};